NODES,20
1,1,-,-
2,2,-,-
3,3,-,-
4,4,-,-
5,5,-,-
6,6,-,-
7,7,-,-
8,8,-,-
9,9,-,-
10,10,-,-
11,11,-,-
12,12,-,-
13,13,-,-
14,14,-,-
15,15,-,-
16,16,-,-
17,17,-,-
18,18,-,-
19,19,-,-
20,20,-,-
ARCS,230
0,1,10,9,1546,825,47,2811,2811.0
1,1,20,4,2842,218,87,5168,5168.0
2,1,7,8,4936,874,150,8975,8975.0
3,1,19,5,4438,254,135,8070,8070.0
4,1,5,8,3141,203,96,5711,5711.0
5,1,11,1,599,749,19,1090,1090.0
6,1,16,3,2443,319,75,4442,4442.0
7,1,17,3,4139,512,126,7526,7526.0
8,1,8,6,649,449,20,1180,1180.0
9,1,9,2,4338,786,132,7888,7888.0
10,1,4,9,2992,721,91,5440,5440.0
11,1,13,8,1297,699,40,2359,2359.0
12,1,15,7,3092,885,94,5622,5622.0
13,2,17,7,1895,269,58,3446,3446.0
14,2,18,3,1546,790,47,2811,2811.0
15,2,16,8,599,749,19,1090,1090.0
16,2,15,2,848,209,26,1542,1542.0
17,2,8,7,2194,885,67,3990,3990.0
18,2,7,6,4188,282,127,7615,7615.0
19,2,5,9,2394,308,73,4353,4353.0
20,2,1,9,1047,885,32,1904,1904.0
21,2,13,3,499,283,16,908,908.0
22,2,9,3,2543,228,78,4624,4624.0
23,2,10,7,1297,226,40,2359,2359.0
24,2,6,6,1097,868,34,1995,1995.0
25,2,3,1,948,928,29,1724,1724.0
26,2,19,7,549,743,17,999,999.0
27,2,20,1,1995,758,61,3628,3628.0
28,2,12,3,4886,203,149,8884,8884.0
29,3,11,9,2244,431,68,4080,4080.0
30,3,16,3,2144,693,65,3899,3899.0
31,3,17,2,3839,287,117,6980,6980.0
32,3,18,8,4886,687,149,8884,8884.0
33,3,14,1,3391,691,103,6166,6166.0
34,3,4,6,1546,484,47,2811,2811.0
35,3,1,9,3191,458,97,5802,5802.0
36,3,13,6,2194,546,67,3990,3990.0
37,3,10,7,1745,669,53,3173,3173.0
38,4,18,9,1745,630,53,3173,3173.0
39,4,7,7,3740,256,114,6800,6800.0
40,4,14,9,2743,885,84,4988,4988.0
41,4,19,6,3441,916,105,6257,6257.0
42,4,10,6,2294,820,70,4171,4171.0
43,4,8,5,1396,626,43,2539,2539.0
44,5,3,1,4188,228,127,7615,7615.0
45,5,14,6,1845,496,56,3355,3355.0
46,5,8,4,4587,758,139,8340,8340.0
47,5,6,6,2842,887,87,5168,5168.0
48,5,18,2,2244,535,68,4080,4080.0
49,5,10,2,3141,285,96,5711,5711.0
50,5,15,3,2144,403,65,3899,3899.0
51,5,16,9,4737,229,144,8613,8613.0
52,5,11,2,2992,505,91,5440,5440.0
53,5,7,3,4438,909,135,8070,8070.0
54,5,20,1,1795,646,55,3264,3264.0
55,6,11,7,2743,661,84,4988,4988.0
56,6,20,9,1297,295,40,2359,2359.0
57,6,12,1,2842,581,87,5168,5168.0
58,6,13,6,549,524,17,999,999.0
59,6,10,2,3141,581,96,5711,5711.0
60,6,8,1,2693,793,82,4897,4897.0
61,6,2,3,4388,406,133,7979,7979.0
62,6,16,1,3790,259,115,6891,6891.0
63,6,19,9,3989,607,121,7253,7253.0
64,6,18,7,2144,518,65,3899,3899.0
65,6,15,2,4537,516,138,8250,8250.0
66,6,14,6,2045,302,62,3719,3719.0
67,7,20,3,4139,635,126,7526,7526.0
68,7,5,1,2493,909,76,4533,4533.0
69,7,2,8,4637,792,141,8431,8431.0
70,7,1,6,3889,702,118,7071,7071.0
71,7,3,9,599,581,19,1090,1090.0
72,7,11,7,1945,916,59,3537,3537.0
73,7,6,8,2543,864,78,4624,4624.0
74,7,4,8,3141,488,96,5711,5711.0
75,7,9,1,1646,256,50,2993,2993.0
76,7,13,6,4886,302,149,8884,8884.0
77,8,1,6,1596,408,49,2902,2902.0
78,8,17,5,4587,725,139,8340,8340.0
79,8,4,6,1895,609,58,3446,3446.0
80,8,10,6,1496,561,46,2720,2720.0
81,8,2,5,1795,336,55,3264,3264.0
82,8,7,6,1197,229,37,2177,2177.0
83,8,15,1,3590,810,109,6528,6528.0
84,8,6,3,3839,568,117,6980,6980.0
85,8,12,7,4637,632,141,8431,8431.0
86,9,14,6,2992,246,91,5440,5440.0
87,9,20,7,2144,300,65,3899,3899.0
88,9,10,7,948,769,29,1724,1724.0
89,9,17,8,3291,596,100,5984,5984.0
90,9,5,6,2593,373,79,4715,4715.0
91,9,15,1,2094,909,64,3808,3808.0
92,9,11,6,1995,196,61,3628,3628.0
93,9,1,1,3640,555,111,6619,6619.0
94,9,8,2,1396,786,43,2539,2539.0
95,9,7,4,3939,868,120,7162,7162.0
96,9,19,3,3790,654,115,6891,6891.0
97,9,6,5,1147,203,35,2086,2086.0
98,10,3,5,1147,516,35,2086,2086.0
99,10,5,4,1895,434,58,3446,3446.0
100,10,13,5,3790,900,115,6891,6891.0
101,10,20,8,998,782,31,1815,1815.0
102,10,9,7,549,494,17,999,999.0
103,10,12,9,4637,207,141,8431,8431.0
104,10,14,1,2593,665,79,4715,4715.0
105,10,4,4,1396,706,43,2539,2539.0
106,10,6,6,1745,360,53,3173,3173.0
107,11,8,1,898,868,28,1633,1633.0
108,11,4,5,3092,879,94,5622,5622.0
109,11,7,7,2942,758,90,5350,5350.0
110,11,13,3,3790,401,115,6891,6891.0
111,11,20,6,898,922,28,1633,1633.0
112,11,19,6,4587,544,139,8340,8340.0
113,11,3,9,3490,821,106,6346,6346.0
114,11,16,2,4886,812,149,8884,8884.0
115,11,12,4,2443,896,75,4442,4442.0
116,11,9,9,1596,827,49,2902,2902.0
117,11,2,3,649,507,20,1180,1180.0
118,12,9,5,4338,196,132,7888,7888.0
119,12,20,2,3441,447,105,6257,6257.0
120,12,6,6,1546,881,47,2811,2811.0
121,12,13,6,1197,404,37,2177,2177.0
122,12,17,3,2094,758,64,3808,3808.0
123,12,10,9,4687,326,143,8522,8522.0
124,12,11,7,4338,440,132,7888,7888.0
125,12,18,7,3191,324,97,5802,5802.0
126,12,2,5,2892,821,88,5259,5259.0
127,12,15,3,3490,555,106,6346,6346.0
128,12,8,7,798,431,25,1451,1451.0
129,12,7,2,748,431,23,1360,1360.0
130,12,4,3,3989,218,121,7253,7253.0
131,13,5,7,1396,425,43,2539,2539.0
132,13,8,9,2543,224,78,4624,4624.0
133,13,9,2,4188,393,127,7615,7615.0
134,13,6,4,2144,877,65,3899,3899.0
135,13,11,9,3291,483,100,5984,5984.0
136,13,3,8,3241,306,99,5893,5893.0
137,13,1,9,3391,842,103,6166,6166.0
138,13,17,4,1696,568,52,3084,3084.0
139,13,16,1,2194,449,67,3990,3990.0
140,13,12,6,1995,460,61,3628,3628.0
141,14,6,1,1347,708,41,2450,2450.0
142,14,9,3,3341,617,102,6075,6075.0
143,14,10,6,3690,295,112,6710,6710.0
144,14,4,9,1496,563,46,2720,2720.0
145,14,5,8,3341,486,102,6075,6075.0
146,14,20,7,3989,352,121,7253,7253.0
147,14,15,4,1496,228,46,2720,2720.0
148,14,8,9,1696,820,52,3084,3084.0
149,14,3,3,1845,712,56,3355,3355.0
150,14,2,2,3740,715,114,6800,6800.0
151,14,19,2,4089,550,124,7435,7435.0
152,14,17,4,3740,272,114,6800,6800.0
153,14,16,3,3690,885,112,6710,6710.0
154,14,7,6,4089,520,124,7435,7435.0
155,15,7,3,848,486,26,1542,1542.0
156,15,20,8,4488,414,136,8160,8160.0
157,15,5,3,4089,838,124,7435,7435.0
158,15,2,4,1496,669,46,2720,2720.0
159,15,3,7,1696,583,52,3084,3084.0
160,15,12,7,1496,244,46,2720,2720.0
161,15,8,1,2543,272,78,4624,4624.0
162,15,6,3,2144,498,65,3899,3899.0
163,15,13,4,4587,885,139,8340,8340.0
164,15,10,7,2443,371,75,4442,4442.0
165,15,9,5,4039,501,123,7344,7344.0
166,16,2,8,2194,228,67,3990,3990.0
167,16,9,3,1945,857,59,3537,3537.0
168,16,10,1,1646,336,50,2993,2993.0
169,16,7,9,3391,345,103,6166,6166.0
170,16,3,6,3989,377,121,7253,7253.0
171,16,19,6,1646,529,50,2993,2993.0
172,16,12,8,4837,535,147,8795,8795.0
173,16,6,6,649,369,20,1180,1180.0
174,16,13,7,898,605,28,1633,1633.0
175,16,8,7,2842,779,87,5168,5168.0
176,17,2,4,2443,654,75,4442,4442.0
177,17,8,1,2394,740,73,4353,4353.0
178,17,7,7,2992,881,91,5440,5440.0
179,17,15,7,499,367,16,908,908.0
180,17,11,1,2294,540,70,4171,4171.0
181,17,10,6,1546,740,47,2811,2811.0
182,17,6,3,798,814,25,1451,1451.0
183,17,12,8,2743,228,84,4988,4988.0
184,17,3,5,798,820,25,1451,1451.0
185,17,19,1,3889,758,118,7071,7071.0
186,17,1,7,998,218,31,1815,1815.0
187,17,16,3,1047,911,32,1904,1904.0
188,17,4,6,1396,516,43,2539,2539.0
189,17,18,9,4886,438,149,8884,8884.0
190,18,2,3,948,323,29,1724,1724.0
191,18,6,8,3092,187,94,5622,5622.0
192,18,1,2,4188,209,127,7615,7615.0
193,18,5,1,1845,810,56,3355,3355.0
194,18,17,3,3042,671,93,5531,5531.0
195,18,4,3,4039,488,123,7344,7344.0
196,18,8,7,3989,799,121,7253,7253.0
197,18,16,7,1297,473,40,2359,2359.0
198,18,14,6,4438,615,135,8070,8070.0
199,19,4,5,4637,888,141,8431,8431.0
200,19,8,6,3989,354,121,7253,7253.0
201,19,5,3,4039,319,123,7344,7344.0
202,19,3,2,1247,756,38,2268,2268.0
203,19,17,1,4886,911,149,8884,8884.0
204,19,14,3,3640,397,111,6619,6619.0
205,19,6,3,3191,330,97,5802,5802.0
206,19,11,3,499,879,16,908,908.0
207,19,18,3,3989,492,121,7253,7253.0
208,19,2,5,4936,341,150,8975,8975.0
209,19,20,9,898,391,28,1633,1633.0
210,19,13,3,3740,202,114,6800,6800.0
211,19,10,8,1297,445,40,2359,2359.0
212,19,7,6,1297,479,40,2359,2359.0
213,19,12,8,948,317,29,1724,1724.0
214,19,9,1,2344,315,72,4262,4262.0
215,20,15,7,1945,382,59,3537,3537.0
216,20,18,9,2144,561,65,3899,3899.0
217,20,9,6,4188,369,127,7615,7615.0
218,20,17,5,3441,192,105,6257,6257.0
219,20,2,7,2144,215,65,3899,3899.0
220,20,13,5,2792,237,85,5077,5077.0
221,20,16,2,3092,583,94,5622,5622.0
222,20,19,4,3241,877,99,5893,5893.0
223,20,5,8,1197,738,37,2177,2177.0
224,20,3,2,1845,619,56,3355,3355.0
225,20,6,5,4139,308,126,7526,7526.0
226,20,12,5,3790,334,115,6891,6891.0
227,20,8,9,4886,285,149,8884,8884.0
228,20,11,5,2593,604,79,4715,4715.0
229,20,7,4,599,862,19,1090,1090.0
COMMODITIES,200
0,12,2,33,68,179,4070,10788.0
1,1,15,29,65,163,3843,9795.0
2,9,8,71,46,125,2716,7501.0
3,20,5,24,48,110,2874,6629.0
4,5,4,55,36,174,2101,10464.0
5,20,14,18,32,159,1904,9552.0
6,15,20,52,60,184,3565,11096.0
7,19,5,37,90,198,5348,11906.0
8,8,1,26,96,180,5706,10839.0
9,6,1,24,90,226,5365,13607.0
10,1,2,35,121,199,7260,11997.0
11,17,10,56,58,129,3422,7776.0
12,2,4,32,99,218,5905,13125.0
13,2,19,18,95,143,5647,8580.0
14,17,15,64,106,158,6311,9492.0
15,1,9,29,124,212,7403,12721.0
16,14,9,68,53,192,3143,11560.0
17,12,10,56,76,176,4501,10582.0
18,2,18,55,98,186,5825,11187.0
19,6,13,19,109,162,6530,9733.0
20,11,18,69,110,211,6594,12684.0
21,8,9,17,95,196,5668,11774.0
22,11,20,28,104,168,6199,10130.0
23,15,18,58,71,202,4236,12120.0
24,7,8,51,80,208,4796,12494.0
25,19,15,30,97,196,5764,11790.0
26,13,19,67,130,294,7774,17682.0
27,12,17,42,62,154,3704,9242.0
28,15,5,72,84,222,5018,13357.0
29,20,19,67,104,228,6181,13716.0
30,3,6,46,107,237,6381,14249.0
31,13,9,34,76,227,4522,13665.0
32,18,5,19,54,154,3224,9274.0
33,12,1,25,74,193,4401,11582.0
34,11,3,34,82,166,4875,9960.0
35,10,20,41,52,115,3096,6956.0
36,9,17,63,56,196,3327,11818.0
37,1,6,29,103,201,6129,12116.0
38,4,5,43,66,207,3960,12474.0
39,9,19,19,80,213,4769,12826.0
40,7,15,43,87,226,5170,13574.0
41,9,14,68,84,204,5004,12262.0
42,8,4,49,61,151,3609,9093.0
43,4,12,26,53,217,3156,13049.0
44,19,6,24,90,199,5375,11942.0
45,11,17,45,75,185,4442,11112.0
46,10,6,46,96,184,5718,11076.0
47,4,1,41,68,187,4027,11276.0
48,20,6,18,108,234,6460,14048.0
49,3,4,15,46,128,2754,7709.0
50,2,14,15,83,217,4966,13076.0
51,14,19,53,68,218,4024,13100.0
52,3,9,51,83,182,4945,10947.0
53,12,15,69,49,164,2916,9862.0
54,1,20,28,50,136,2986,8198.0
55,9,4,66,98,211,5842,12663.0
56,12,20,67,91,212,5406,12721.0
57,7,11,60,133,226,7959,13576.0
58,11,5,20,87,178,5183,10730.0
59,10,7,30,67,145,3993,8703.0
60,11,10,65,89,179,5281,10790.0
61,12,9,26,44,149,2610,8995.0
62,3,18,27,119,248,7098,14932.0
63,5,13,22,45,176,2665,10599.0
64,1,19,59,80,175,4753,10524.0
65,17,18,44,36,157,2137,9448.0
66,17,19,39,51,158,3040,9497.0
67,4,16,74,49,182,2896,10920.0
68,3,10,31,33,118,1938,7139.0
69,19,10,28,72,154,4271,9259.0
70,16,11,33,91,199,5449,11975.0
71,12,8,26,88,148,5280,8905.0
72,16,3,41,76,203,4502,12209.0
73,1,8,68,90,148,5345,8933.0
74,10,19,71,32,179,1915,10763.0
75,14,13,37,67,153,3975,9200.0
76,13,6,57,72,162,4270,9735.0
77,17,9,33,93,190,5543,11436.0
78,7,16,45,77,201,4571,12112.0
79,12,16,20,84,218,5017,13103.0
80,3,11,46,71,176,4238,10570.0
81,17,20,29,101,194,6020,11649.0
82,13,2,51,66,212,3943,12752.0
83,3,19,27,94,232,5603,13961.0
84,13,8,18,68,177,4058,10629.0
85,13,17,65,95,181,5672,10914.0
86,4,6,32,81,231,4826,13907.0
87,15,19,33,63,143,3739,8609.0
88,6,9,63,70,210,4173,12659.0
89,19,12,52,43,119,2566,7194.0
90,16,15,32,101,226,6058,13583.0
91,5,15,43,109,215,6518,12916.0
92,8,20,18,100,208,5949,12487.0
93,10,1,62,115,258,6847,15531.0
94,4,7,64,81,189,4843,11389.0
95,9,20,66,82,182,4907,10971.0
96,17,12,18,39,127,2323,7656.0
97,18,9,43,72,196,4280,11774.0
98,16,4,46,84,217,4988,13055.0
99,11,16,53,60,136,3577,8187.0
100,6,16,33,91,206,5409,12402.0
101,19,2,39,73,127,4338,7623.0
102,17,13,30,63,144,3777,8648.0
103,8,15,64,24,142,1402,8571.0
104,14,6,68,46,118,2753,7127.0
105,16,1,59,80,214,4749,12895.0
106,9,13,43,40,133,2344,7993.0
107,10,16,37,66,192,3918,11558.0
108,5,16,23,43,178,2549,10680.0
109,1,11,71,48,98,2831,5904.0
110,18,20,63,66,173,3908,10408.0
111,9,11,40,94,192,5598,11525.0
112,17,1,57,79,144,4733,8654.0
113,16,18,73,95,212,5679,12722.0
114,10,12,69,74,236,4383,14177.0
115,11,13,31,91,161,5452,9676.0
116,16,2,36,91,192,5402,11541.0
117,20,13,26,74,193,4405,11611.0
118,2,15,58,38,88,2234,5313.0
119,3,20,71,81,201,4841,12114.0
120,16,8,35,65,179,3841,10743.0
121,5,19,29,80,222,4786,13340.0
122,2,12,74,88,172,5242,10353.0
123,17,3,41,102,164,6073,9882.0
124,6,12,73,88,191,5235,11487.0
125,14,1,64,50,186,2975,11173.0
126,13,14,27,51,181,3033,10897.0
127,8,18,52,37,180,2166,10832.0
128,13,3,39,88,193,5222,11590.0
129,14,12,20,55,189,3258,11354.0
130,17,4,16,88,168,5251,10111.0
131,20,15,52,49,136,2907,8180.0
132,16,9,64,87,187,5181,11239.0
133,13,20,46,133,258,7950,15491.0
134,1,18,47,66,189,3956,11377.0
135,18,14,54,99,245,5885,14705.0
136,9,15,57,52,145,3078,8755.0
137,14,11,38,107,259,6381,15591.0
138,9,16,25,84,213,4988,12804.0
139,8,14,62,54,207,3212,12444.0
140,1,4,69,65,174,3884,10491.0
141,17,16,19,76,138,4544,8281.0
142,14,17,39,34,181,2033,10889.0
143,18,19,71,109,190,6507,11421.0
144,11,14,36,88,239,5246,14359.0
145,7,19,57,67,197,3991,11871.0
146,6,15,15,77,188,4572,11312.0
147,4,11,47,72,213,4290,12803.0
148,1,13,22,80,148,4774,8937.0
149,10,3,34,42,110,2475,6617.0
150,3,2,71,93,220,5573,13211.0
151,4,9,72,48,181,2879,10900.0
152,3,16,40,74,172,4435,10333.0
153,16,20,69,41,136,2430,8219.0
154,10,8,61,70,164,4185,9869.0
155,14,8,41,124,206,7397,12393.0
156,12,6,20,35,117,2069,7078.0
157,5,1,53,74,228,4399,13738.0
158,9,2,15,90,206,5360,12414.0
159,3,8,53,78,207,4678,12476.0
160,11,15,28,82,178,4905,10695.0
161,18,4,69,78,216,4666,12995.0
162,12,19,50,37,167,2200,10038.0
163,1,17,53,75,209,4464,12570.0
164,9,18,60,89,215,5316,12927.0
165,11,1,28,80,168,4752,10134.0
166,9,3,60,119,212,7101,12726.0
167,10,2,18,111,245,6633,14746.0
168,20,3,64,71,135,4252,8121.0
169,18,8,33,79,190,4687,11446.0
170,9,7,63,39,157,2339,9457.0
171,6,5,64,54,151,3195,9086.0
172,6,2,74,91,223,5452,13394.0
173,9,6,40,61,129,3624,7785.0
174,1,10,65,51,137,3052,8255.0
175,3,7,19,45,177,2678,10665.0
176,20,1,73,82,219,4867,13161.0
177,13,7,63,103,218,6179,13120.0
178,13,11,29,47,184,2763,11050.0
179,16,12,53,57,186,3380,11171.0
180,14,20,67,86,200,5158,12055.0
181,17,14,40,101,218,6015,13113.0
182,13,16,17,92,190,5492,11401.0
183,9,5,35,82,193,4895,11608.0
184,18,1,28,51,138,3043,8327.0
185,3,13,44,62,166,3668,9998.0
186,19,11,30,77,123,4590,7418.0
187,14,16,24,88,222,5265,13362.0
188,15,16,37,90,182,5395,10972.0
189,11,19,48,79,142,4727,8537.0
190,15,7,35,75,133,4498,7986.0
191,1,12,15,75,202,4497,12159.0
192,9,1,19,79,202,4694,12166.0
193,12,3,39,75,152,4472,9133.0
194,10,18,35,59,201,3516,12071.0
195,4,13,60,134,274,7996,16488.0
196,5,6,53,40,155,2355,9309.0
197,1,16,36,81,177,4816,10641.0
198,7,2,73,68,184,4071,11061.0
199,2,8,15,63,152,3772,9122.0
horizon=294
