NODES,20
1,1,-,-
2,2,-,-
3,3,-,-
4,4,-,-
5,5,-,-
6,6,-,-
7,7,-,-
8,8,-,-
9,9,-,-
10,10,-,-
11,11,-,-
12,12,-,-
13,13,-,-
14,14,-,-
15,15,-,-
16,16,-,-
17,17,-,-
18,18,-,-
19,19,-,-
20,20,-,-
ARCS,230
0,1,10,9,1546,825,47,2811,2811.0
1,1,20,4,2842,218,87,5168,5168.0
2,1,7,8,4936,874,150,8975,8975.0
3,1,19,5,4438,254,135,8070,8070.0
4,1,5,8,3141,203,96,5711,5711.0
5,1,11,1,599,749,19,1090,1090.0
6,1,16,3,2443,319,75,4442,4442.0
7,1,17,3,4139,512,126,7526,7526.0
8,1,8,6,649,449,20,1180,1180.0
9,1,9,2,4338,786,132,7888,7888.0
10,1,4,9,2992,721,91,5440,5440.0
11,1,13,8,1297,699,40,2359,2359.0
12,1,15,7,3092,885,94,5622,5622.0
13,2,17,7,1895,269,58,3446,3446.0
14,2,18,3,1546,790,47,2811,2811.0
15,2,16,8,599,749,19,1090,1090.0
16,2,15,2,848,209,26,1542,1542.0
17,2,8,7,2194,885,67,3990,3990.0
18,2,7,6,4188,282,127,7615,7615.0
19,2,5,9,2394,308,73,4353,4353.0
20,2,1,9,1047,885,32,1904,1904.0
21,2,13,3,499,283,16,908,908.0
22,2,9,3,2543,228,78,4624,4624.0
23,2,10,7,1297,226,40,2359,2359.0
24,2,6,6,1097,868,34,1995,1995.0
25,2,3,1,948,928,29,1724,1724.0
26,2,19,7,549,743,17,999,999.0
27,2,20,1,1995,758,61,3628,3628.0
28,2,12,3,4886,203,149,8884,8884.0
29,3,11,9,2244,431,68,4080,4080.0
30,3,16,3,2144,693,65,3899,3899.0
31,3,17,2,3839,287,117,6980,6980.0
32,3,18,8,4886,687,149,8884,8884.0
33,3,14,1,3391,691,103,6166,6166.0
34,3,4,6,1546,484,47,2811,2811.0
35,3,1,9,3191,458,97,5802,5802.0
36,3,13,6,2194,546,67,3990,3990.0
37,3,10,7,1745,669,53,3173,3173.0
38,4,18,9,1745,630,53,3173,3173.0
39,4,7,7,3740,256,114,6800,6800.0
40,4,14,9,2743,885,84,4988,4988.0
41,4,19,6,3441,916,105,6257,6257.0
42,4,10,6,2294,820,70,4171,4171.0
43,4,8,5,1396,626,43,2539,2539.0
44,5,3,1,4188,228,127,7615,7615.0
45,5,14,6,1845,496,56,3355,3355.0
46,5,8,4,4587,758,139,8340,8340.0
47,5,6,6,2842,887,87,5168,5168.0
48,5,18,2,2244,535,68,4080,4080.0
49,5,10,2,3141,285,96,5711,5711.0
50,5,15,3,2144,403,65,3899,3899.0
51,5,16,9,4737,229,144,8613,8613.0
52,5,11,2,2992,505,91,5440,5440.0
53,5,7,3,4438,909,135,8070,8070.0
54,5,20,1,1795,646,55,3264,3264.0
55,6,11,7,2743,661,84,4988,4988.0
56,6,20,9,1297,295,40,2359,2359.0
57,6,12,1,2842,581,87,5168,5168.0
58,6,13,6,549,524,17,999,999.0
59,6,10,2,3141,581,96,5711,5711.0
60,6,8,1,2693,793,82,4897,4897.0
61,6,2,3,4388,406,133,7979,7979.0
62,6,16,1,3790,259,115,6891,6891.0
63,6,19,9,3989,607,121,7253,7253.0
64,6,18,7,2144,518,65,3899,3899.0
65,6,15,2,4537,516,138,8250,8250.0
66,6,14,6,2045,302,62,3719,3719.0
67,7,20,3,4139,635,126,7526,7526.0
68,7,5,1,2493,909,76,4533,4533.0
69,7,2,8,4637,792,141,8431,8431.0
70,7,1,6,3889,702,118,7071,7071.0
71,7,3,9,599,581,19,1090,1090.0
72,7,11,7,1945,916,59,3537,3537.0
73,7,6,8,2543,864,78,4624,4624.0
74,7,4,8,3141,488,96,5711,5711.0
75,7,9,1,1646,256,50,2993,2993.0
76,7,13,6,4886,302,149,8884,8884.0
77,8,1,6,1596,408,49,2902,2902.0
78,8,17,5,4587,725,139,8340,8340.0
79,8,4,6,1895,609,58,3446,3446.0
80,8,10,6,1496,561,46,2720,2720.0
81,8,2,5,1795,336,55,3264,3264.0
82,8,7,6,1197,229,37,2177,2177.0
83,8,15,1,3590,810,109,6528,6528.0
84,8,6,3,3839,568,117,6980,6980.0
85,8,12,7,4637,632,141,8431,8431.0
86,9,14,6,2992,246,91,5440,5440.0
87,9,20,7,2144,300,65,3899,3899.0
88,9,10,7,948,769,29,1724,1724.0
89,9,17,8,3291,596,100,5984,5984.0
90,9,5,6,2593,373,79,4715,4715.0
91,9,15,1,2094,909,64,3808,3808.0
92,9,11,6,1995,196,61,3628,3628.0
93,9,1,1,3640,555,111,6619,6619.0
94,9,8,2,1396,786,43,2539,2539.0
95,9,7,4,3939,868,120,7162,7162.0
96,9,19,3,3790,654,115,6891,6891.0
97,9,6,5,1147,203,35,2086,2086.0
98,10,3,5,1147,516,35,2086,2086.0
99,10,5,4,1895,434,58,3446,3446.0
100,10,13,5,3790,900,115,6891,6891.0
101,10,20,8,998,782,31,1815,1815.0
102,10,9,7,549,494,17,999,999.0
103,10,12,9,4637,207,141,8431,8431.0
104,10,14,1,2593,665,79,4715,4715.0
105,10,4,4,1396,706,43,2539,2539.0
106,10,6,6,1745,360,53,3173,3173.0
107,11,8,1,898,868,28,1633,1633.0
108,11,4,5,3092,879,94,5622,5622.0
109,11,7,7,2942,758,90,5350,5350.0
110,11,13,3,3790,401,115,6891,6891.0
111,11,20,6,898,922,28,1633,1633.0
112,11,19,6,4587,544,139,8340,8340.0
113,11,3,9,3490,821,106,6346,6346.0
114,11,16,2,4886,812,149,8884,8884.0
115,11,12,4,2443,896,75,4442,4442.0
116,11,9,9,1596,827,49,2902,2902.0
117,11,2,3,649,507,20,1180,1180.0
118,12,9,5,4338,196,132,7888,7888.0
119,12,20,2,3441,447,105,6257,6257.0
120,12,6,6,1546,881,47,2811,2811.0
121,12,13,6,1197,404,37,2177,2177.0
122,12,17,3,2094,758,64,3808,3808.0
123,12,10,9,4687,326,143,8522,8522.0
124,12,11,7,4338,440,132,7888,7888.0
125,12,18,7,3191,324,97,5802,5802.0
126,12,2,5,2892,821,88,5259,5259.0
127,12,15,3,3490,555,106,6346,6346.0
128,12,8,7,798,431,25,1451,1451.0
129,12,7,2,748,431,23,1360,1360.0
130,12,4,3,3989,218,121,7253,7253.0
131,13,5,7,1396,425,43,2539,2539.0
132,13,8,9,2543,224,78,4624,4624.0
133,13,9,2,4188,393,127,7615,7615.0
134,13,6,4,2144,877,65,3899,3899.0
135,13,11,9,3291,483,100,5984,5984.0
136,13,3,8,3241,306,99,5893,5893.0
137,13,1,9,3391,842,103,6166,6166.0
138,13,17,4,1696,568,52,3084,3084.0
139,13,16,1,2194,449,67,3990,3990.0
140,13,12,6,1995,460,61,3628,3628.0
141,14,6,1,1347,708,41,2450,2450.0
142,14,9,3,3341,617,102,6075,6075.0
143,14,10,6,3690,295,112,6710,6710.0
144,14,4,9,1496,563,46,2720,2720.0
145,14,5,8,3341,486,102,6075,6075.0
146,14,20,7,3989,352,121,7253,7253.0
147,14,15,4,1496,228,46,2720,2720.0
148,14,8,9,1696,820,52,3084,3084.0
149,14,3,3,1845,712,56,3355,3355.0
150,14,2,2,3740,715,114,6800,6800.0
151,14,19,2,4089,550,124,7435,7435.0
152,14,17,4,3740,272,114,6800,6800.0
153,14,16,3,3690,885,112,6710,6710.0
154,14,7,6,4089,520,124,7435,7435.0
155,15,7,3,848,486,26,1542,1542.0
156,15,20,8,4488,414,136,8160,8160.0
157,15,5,3,4089,838,124,7435,7435.0
158,15,2,4,1496,669,46,2720,2720.0
159,15,3,7,1696,583,52,3084,3084.0
160,15,12,7,1496,244,46,2720,2720.0
161,15,8,1,2543,272,78,4624,4624.0
162,15,6,3,2144,498,65,3899,3899.0
163,15,13,4,4587,885,139,8340,8340.0
164,15,10,7,2443,371,75,4442,4442.0
165,15,9,5,4039,501,123,7344,7344.0
166,16,2,8,2194,228,67,3990,3990.0
167,16,9,3,1945,857,59,3537,3537.0
168,16,10,1,1646,336,50,2993,2993.0
169,16,7,9,3391,345,103,6166,6166.0
170,16,3,6,3989,377,121,7253,7253.0
171,16,19,6,1646,529,50,2993,2993.0
172,16,12,8,4837,535,147,8795,8795.0
173,16,6,6,649,369,20,1180,1180.0
174,16,13,7,898,605,28,1633,1633.0
175,16,8,7,2842,779,87,5168,5168.0
176,17,2,4,2443,654,75,4442,4442.0
177,17,8,1,2394,740,73,4353,4353.0
178,17,7,7,2992,881,91,5440,5440.0
179,17,15,7,499,367,16,908,908.0
180,17,11,1,2294,540,70,4171,4171.0
181,17,10,6,1546,740,47,2811,2811.0
182,17,6,3,798,814,25,1451,1451.0
183,17,12,8,2743,228,84,4988,4988.0
184,17,3,5,798,820,25,1451,1451.0
185,17,19,1,3889,758,118,7071,7071.0
186,17,1,7,998,218,31,1815,1815.0
187,17,16,3,1047,911,32,1904,1904.0
188,17,4,6,1396,516,43,2539,2539.0
189,17,18,9,4886,438,149,8884,8884.0
190,18,2,3,948,323,29,1724,1724.0
191,18,6,8,3092,187,94,5622,5622.0
192,18,1,2,4188,209,127,7615,7615.0
193,18,5,1,1845,810,56,3355,3355.0
194,18,17,3,3042,671,93,5531,5531.0
195,18,4,3,4039,488,123,7344,7344.0
196,18,8,7,3989,799,121,7253,7253.0
197,18,16,7,1297,473,40,2359,2359.0
198,18,14,6,4438,615,135,8070,8070.0
199,19,4,5,4637,888,141,8431,8431.0
200,19,8,6,3989,354,121,7253,7253.0
201,19,5,3,4039,319,123,7344,7344.0
202,19,3,2,1247,756,38,2268,2268.0
203,19,17,1,4886,911,149,8884,8884.0
204,19,14,3,3640,397,111,6619,6619.0
205,19,6,3,3191,330,97,5802,5802.0
206,19,11,3,499,879,16,908,908.0
207,19,18,3,3989,492,121,7253,7253.0
208,19,2,5,4936,341,150,8975,8975.0
209,19,20,9,898,391,28,1633,1633.0
210,19,13,3,3740,202,114,6800,6800.0
211,19,10,8,1297,445,40,2359,2359.0
212,19,7,6,1297,479,40,2359,2359.0
213,19,12,8,948,317,29,1724,1724.0
214,19,9,1,2344,315,72,4262,4262.0
215,20,15,7,1945,382,59,3537,3537.0
216,20,18,9,2144,561,65,3899,3899.0
217,20,9,6,4188,369,127,7615,7615.0
218,20,17,5,3441,192,105,6257,6257.0
219,20,2,7,2144,215,65,3899,3899.0
220,20,13,5,2792,237,85,5077,5077.0
221,20,16,2,3092,583,94,5622,5622.0
222,20,19,4,3241,877,99,5893,5893.0
223,20,5,8,1197,738,37,2177,2177.0
224,20,3,2,1845,619,56,3355,3355.0
225,20,6,5,4139,308,126,7526,7526.0
226,20,12,5,3790,334,115,6891,6891.0
227,20,8,9,4886,285,149,8884,8884.0
228,20,11,5,2593,604,79,4715,4715.0
229,20,7,4,599,862,19,1090,1090.0
COMMODITIES,200
0,12,2,33,58,176,3430,10564.0
1,1,15,29,62,153,3713,9207.0
2,9,8,71,71,145,4211,8754.0
3,20,5,24,64,137,3814,8272.0
4,5,4,55,58,196,3475,11787.0
5,20,14,18,93,219,5532,13155.0
6,15,20,52,68,196,4033,11768.0
7,19,5,37,67,163,4013,9800.0
8,8,1,26,77,162,4587,9736.0
9,6,1,24,70,208,4153,12498.0
10,1,2,35,69,148,4089,8889.0
11,17,10,56,67,148,3970,8919.0
12,2,4,32,78,186,4626,11193.0
13,2,19,18,74,129,4398,7787.0
14,17,15,64,85,131,5084,7880.0
15,1,9,29,75,184,4451,11049.0
16,14,9,68,70,210,4168,12641.0
17,12,10,56,81,187,4844,11273.0
18,2,18,55,95,170,5644,10219.0
19,6,13,19,82,128,4915,7728.0
20,11,18,69,89,200,5283,12009.0
21,8,9,17,64,160,3810,9653.0
22,11,20,28,48,103,2872,6196.0
23,15,18,58,69,195,4087,11703.0
24,7,8,51,66,185,3905,11121.0
25,19,15,30,69,159,4132,9582.0
26,13,19,67,66,226,3916,13601.0
27,12,17,42,57,157,3403,9447.0
28,15,5,72,59,196,3519,11788.0
29,20,19,67,80,188,4758,11326.0
30,3,6,46,75,190,4484,11401.0
31,13,9,34,69,209,4091,12566.0
32,18,5,19,70,152,4187,9143.0
33,12,1,25,67,164,3997,9863.0
34,11,3,34,84,172,5022,10340.0
35,10,20,41,71,141,4228,8486.0
36,9,17,63,78,212,4651,12743.0
37,1,6,29,59,162,3481,9750.0
38,4,5,43,67,215,4002,12916.0
39,9,19,19,75,210,4473,12613.0
40,7,15,43,82,225,4891,13555.0
41,9,14,68,69,184,4084,11091.0
42,8,4,49,64,165,3838,9915.0
43,4,12,26,67,228,4006,13731.0
44,19,6,24,66,176,3920,10612.0
45,11,17,45,76,195,4530,11706.0
46,10,6,46,80,175,4744,10520.0
47,4,1,41,83,211,4927,12707.0
48,20,6,18,94,226,5605,13613.0
49,3,4,15,75,157,4488,9435.0
50,2,14,15,57,191,3379,11469.0
51,14,19,53,53,197,3150,11837.0
52,3,9,51,61,170,3636,10222.0
53,12,15,69,62,188,3700,11291.0
54,1,20,28,73,154,4360,9297.0
55,9,4,66,73,182,4363,10952.0
56,12,20,67,77,201,4601,12116.0
57,7,11,60,61,141,3637,8480.0
58,11,5,20,84,181,5010,10886.0
59,10,7,30,45,126,2650,7567.0
60,11,10,65,71,169,4236,10188.0
61,12,9,26,87,196,5189,11788.0
62,3,18,27,72,208,4285,12496.0
63,5,13,22,75,218,4465,13084.0
64,1,19,59,93,187,5523,11270.0
65,17,18,44,84,206,4985,12393.0
66,17,19,39,82,190,4901,11452.0
67,4,16,74,82,202,4879,12140.0
68,3,10,31,88,171,5270,10319.0
69,19,10,28,69,152,4114,9155.0
70,16,11,33,61,159,3651,9553.0
71,12,8,26,74,124,4407,7487.0
72,16,3,41,63,182,3753,10965.0
73,1,8,68,69,123,4110,7433.0
74,10,19,71,102,252,6087,15143.0
75,14,13,37,70,171,4156,10274.0
76,13,6,57,70,165,4164,9958.0
77,17,9,33,71,175,4239,10522.0
78,7,16,45,92,203,5474,12192.0
79,12,16,20,77,218,4563,13086.0
80,3,11,46,56,152,3312,9136.0
81,17,20,29,59,156,3523,9418.0
82,13,2,51,74,229,4396,13775.0
83,3,19,27,74,217,4414,13021.0
84,13,8,18,74,188,4395,11282.0
85,13,17,65,69,150,4097,9054.0
86,4,6,32,73,226,4369,13614.0
87,15,19,33,56,156,3353,9382.0
88,6,9,63,73,220,4356,13220.0
89,19,12,52,71,138,4245,8310.0
90,16,15,32,81,205,4845,12346.0
91,5,15,43,70,166,4187,10014.0
92,8,20,18,105,211,6252,12687.0
93,10,1,62,77,223,4574,13386.0
94,4,7,64,91,212,5416,12763.0
95,9,20,66,68,171,4076,10262.0
96,17,12,18,56,154,3343,9266.0
97,18,9,43,49,177,2896,10631.0
98,16,4,46,84,222,4993,13371.0
99,11,16,53,60,137,3581,8263.0
100,6,16,33,80,198,4762,11934.0
101,19,2,39,77,146,4602,8760.0
102,17,13,30,78,149,4629,8998.0
103,8,15,64,53,167,3162,10038.0
104,14,6,68,70,142,4185,8533.0
105,16,1,59,71,203,4227,12233.0
106,9,13,43,63,158,3767,9512.0
107,10,16,37,58,190,3449,11415.0
108,5,16,23,74,222,4396,13323.0
109,1,11,71,72,126,4292,7602.0
110,18,20,63,72,181,4310,10898.0
111,9,11,40,72,166,4272,9964.0
112,17,1,57,90,157,5381,9476.0
113,16,18,73,77,192,4612,11561.0
114,10,12,69,66,228,3902,13722.0
115,11,13,31,66,139,3940,8369.0
116,16,2,36,68,170,4061,10242.0
117,20,13,26,71,189,4258,11385.0
118,2,15,58,64,115,3800,6912.0
119,3,20,71,60,177,3547,10661.0
120,16,8,35,79,200,4713,12055.0
121,5,19,29,62,199,3673,11941.0
122,2,12,74,97,175,5773,10556.0
123,17,3,41,80,141,4773,8470.0
124,6,12,73,69,187,4112,11244.0
125,14,1,64,59,195,3518,11706.0
126,13,14,27,62,194,3670,11657.0
127,8,18,52,68,209,4072,12589.0
128,13,3,39,69,189,4126,11371.0
129,14,12,20,87,213,5179,12804.0
130,17,4,16,84,155,5020,9323.0
131,20,15,52,68,166,4067,10016.0
132,16,9,64,78,174,4662,10458.0
133,13,20,46,65,200,3874,12002.0
134,1,18,47,76,201,4551,12100.0
135,18,14,54,68,222,4072,13359.0
136,9,15,57,75,170,4441,10202.0
137,14,11,38,85,238,5079,14323.0
138,9,16,25,80,206,4797,12372.0
139,8,14,62,66,230,3930,13837.0
140,1,4,69,75,191,4475,11469.0
141,17,16,19,67,127,3995,7659.0
142,14,17,39,72,212,4268,12749.0
143,18,19,71,76,151,4506,9075.0
144,11,14,36,66,200,3925,12037.0
145,7,19,57,44,173,2594,10405.0
146,6,15,15,81,202,4829,12176.0
147,4,11,47,82,224,4869,13490.0
148,1,13,22,79,154,4738,9262.0
149,10,3,34,89,151,5320,9093.0
150,3,2,71,70,194,4188,11684.0
151,4,9,72,75,188,4484,11308.0
152,3,16,40,65,180,3896,10807.0
153,16,20,69,78,174,4663,10485.0
154,10,8,61,84,176,5025,10585.0
155,14,8,41,73,157,4350,9473.0
156,12,6,20,74,165,4428,9929.0
157,5,1,53,90,257,5367,15448.0
158,9,2,15,68,184,4024,11046.0
159,3,8,53,85,215,5056,12924.0
160,11,15,28,57,131,3372,7866.0
161,18,4,69,71,209,4202,12557.0
162,12,19,50,70,202,4193,12147.0
163,1,17,53,60,186,3572,11166.0
164,9,18,60,56,182,3322,10954.0
165,11,1,28,63,157,3737,9435.0
166,9,3,60,68,167,4029,10055.0
167,10,2,18,71,199,4204,11959.0
168,20,3,64,74,141,4433,8495.0
169,18,8,33,94,211,5587,12689.0
170,9,7,63,67,187,3972,11259.0
171,6,5,64,92,187,5490,11260.0
172,6,2,74,82,204,4903,12242.0
173,9,6,40,94,167,5617,10021.0
174,1,10,65,57,144,3376,8692.0
175,3,7,19,78,219,4637,13147.0
176,20,1,73,80,217,4774,13031.0
177,13,7,63,64,182,3816,10928.0
178,13,11,29,84,224,5016,13449.0
179,16,12,53,67,176,4001,10572.0
180,14,20,67,67,185,3974,11137.0
181,17,14,40,56,176,3352,10601.0
182,13,16,17,57,167,3378,10042.0
183,9,5,35,66,167,3937,10073.0
184,18,1,28,70,169,4176,10159.0
185,3,13,44,85,174,5068,10451.0
186,19,11,30,87,132,5165,7964.0
187,14,16,24,74,221,4437,13281.0
188,15,16,37,70,180,4183,10849.0
189,11,19,48,86,158,5102,9498.0
190,15,7,35,77,137,4588,8276.0
191,1,12,15,74,180,4386,10859.0
192,9,1,19,61,185,3621,11116.0
193,12,3,39,72,147,4264,8849.0
194,10,18,35,77,204,4582,12299.0
195,4,13,60,81,213,4816,12815.0
196,5,6,53,66,185,3956,11115.0
197,1,16,36,64,160,3811,9649.0
198,7,2,73,77,186,4608,11173.0
199,2,8,15,65,149,3847,8998.0
horizon=257
