NODES,20
1,1,-,-
2,2,-,-
3,3,-,-
4,4,-,-
5,5,-,-
6,6,-,-
7,7,-,-
8,8,-,-
9,9,-,-
10,10,-,-
11,11,-,-
12,12,-,-
13,13,-,-
14,14,-,-
15,15,-,-
16,16,-,-
17,17,-,-
18,18,-,-
19,19,-,-
20,20,-,-
ARCS,230
0,1,10,9,1546,825,47,2811,2811.0
1,1,20,4,2842,218,87,5168,5168.0
2,1,7,8,4936,874,150,8975,8975.0
3,1,19,5,4438,254,135,8070,8070.0
4,1,5,8,3141,203,96,5711,5711.0
5,1,11,1,599,749,19,1090,1090.0
6,1,16,3,2443,319,75,4442,4442.0
7,1,17,3,4139,512,126,7526,7526.0
8,1,8,6,649,449,20,1180,1180.0
9,1,9,2,4338,786,132,7888,7888.0
10,1,4,9,2992,721,91,5440,5440.0
11,1,13,8,1297,699,40,2359,2359.0
12,1,15,7,3092,885,94,5622,5622.0
13,2,17,7,1895,269,58,3446,3446.0
14,2,18,3,1546,790,47,2811,2811.0
15,2,16,8,599,749,19,1090,1090.0
16,2,15,2,848,209,26,1542,1542.0
17,2,8,7,2194,885,67,3990,3990.0
18,2,7,6,4188,282,127,7615,7615.0
19,2,5,9,2394,308,73,4353,4353.0
20,2,1,9,1047,885,32,1904,1904.0
21,2,13,3,499,283,16,908,908.0
22,2,9,3,2543,228,78,4624,4624.0
23,2,10,7,1297,226,40,2359,2359.0
24,2,6,6,1097,868,34,1995,1995.0
25,2,3,1,948,928,29,1724,1724.0
26,2,19,7,549,743,17,999,999.0
27,2,20,1,1995,758,61,3628,3628.0
28,2,12,3,4886,203,149,8884,8884.0
29,3,11,9,2244,431,68,4080,4080.0
30,3,16,3,2144,693,65,3899,3899.0
31,3,17,2,3839,287,117,6980,6980.0
32,3,18,8,4886,687,149,8884,8884.0
33,3,14,1,3391,691,103,6166,6166.0
34,3,4,6,1546,484,47,2811,2811.0
35,3,1,9,3191,458,97,5802,5802.0
36,3,13,6,2194,546,67,3990,3990.0
37,3,10,7,1745,669,53,3173,3173.0
38,4,18,9,1745,630,53,3173,3173.0
39,4,7,7,3740,256,114,6800,6800.0
40,4,14,9,2743,885,84,4988,4988.0
41,4,19,6,3441,916,105,6257,6257.0
42,4,10,6,2294,820,70,4171,4171.0
43,4,8,5,1396,626,43,2539,2539.0
44,5,3,1,4188,228,127,7615,7615.0
45,5,14,6,1845,496,56,3355,3355.0
46,5,8,4,4587,758,139,8340,8340.0
47,5,6,6,2842,887,87,5168,5168.0
48,5,18,2,2244,535,68,4080,4080.0
49,5,10,2,3141,285,96,5711,5711.0
50,5,15,3,2144,403,65,3899,3899.0
51,5,16,9,4737,229,144,8613,8613.0
52,5,11,2,2992,505,91,5440,5440.0
53,5,7,3,4438,909,135,8070,8070.0
54,5,20,1,1795,646,55,3264,3264.0
55,6,11,7,2743,661,84,4988,4988.0
56,6,20,9,1297,295,40,2359,2359.0
57,6,12,1,2842,581,87,5168,5168.0
58,6,13,6,549,524,17,999,999.0
59,6,10,2,3141,581,96,5711,5711.0
60,6,8,1,2693,793,82,4897,4897.0
61,6,2,3,4388,406,133,7979,7979.0
62,6,16,1,3790,259,115,6891,6891.0
63,6,19,9,3989,607,121,7253,7253.0
64,6,18,7,2144,518,65,3899,3899.0
65,6,15,2,4537,516,138,8250,8250.0
66,6,14,6,2045,302,62,3719,3719.0
67,7,20,3,4139,635,126,7526,7526.0
68,7,5,1,2493,909,76,4533,4533.0
69,7,2,8,4637,792,141,8431,8431.0
70,7,1,6,3889,702,118,7071,7071.0
71,7,3,9,599,581,19,1090,1090.0
72,7,11,7,1945,916,59,3537,3537.0
73,7,6,8,2543,864,78,4624,4624.0
74,7,4,8,3141,488,96,5711,5711.0
75,7,9,1,1646,256,50,2993,2993.0
76,7,13,6,4886,302,149,8884,8884.0
77,8,1,6,1596,408,49,2902,2902.0
78,8,17,5,4587,725,139,8340,8340.0
79,8,4,6,1895,609,58,3446,3446.0
80,8,10,6,1496,561,46,2720,2720.0
81,8,2,5,1795,336,55,3264,3264.0
82,8,7,6,1197,229,37,2177,2177.0
83,8,15,1,3590,810,109,6528,6528.0
84,8,6,3,3839,568,117,6980,6980.0
85,8,12,7,4637,632,141,8431,8431.0
86,9,14,6,2992,246,91,5440,5440.0
87,9,20,7,2144,300,65,3899,3899.0
88,9,10,7,948,769,29,1724,1724.0
89,9,17,8,3291,596,100,5984,5984.0
90,9,5,6,2593,373,79,4715,4715.0
91,9,15,1,2094,909,64,3808,3808.0
92,9,11,6,1995,196,61,3628,3628.0
93,9,1,1,3640,555,111,6619,6619.0
94,9,8,2,1396,786,43,2539,2539.0
95,9,7,4,3939,868,120,7162,7162.0
96,9,19,3,3790,654,115,6891,6891.0
97,9,6,5,1147,203,35,2086,2086.0
98,10,3,5,1147,516,35,2086,2086.0
99,10,5,4,1895,434,58,3446,3446.0
100,10,13,5,3790,900,115,6891,6891.0
101,10,20,8,998,782,31,1815,1815.0
102,10,9,7,549,494,17,999,999.0
103,10,12,9,4637,207,141,8431,8431.0
104,10,14,1,2593,665,79,4715,4715.0
105,10,4,4,1396,706,43,2539,2539.0
106,10,6,6,1745,360,53,3173,3173.0
107,11,8,1,898,868,28,1633,1633.0
108,11,4,5,3092,879,94,5622,5622.0
109,11,7,7,2942,758,90,5350,5350.0
110,11,13,3,3790,401,115,6891,6891.0
111,11,20,6,898,922,28,1633,1633.0
112,11,19,6,4587,544,139,8340,8340.0
113,11,3,9,3490,821,106,6346,6346.0
114,11,16,2,4886,812,149,8884,8884.0
115,11,12,4,2443,896,75,4442,4442.0
116,11,9,9,1596,827,49,2902,2902.0
117,11,2,3,649,507,20,1180,1180.0
118,12,9,5,4338,196,132,7888,7888.0
119,12,20,2,3441,447,105,6257,6257.0
120,12,6,6,1546,881,47,2811,2811.0
121,12,13,6,1197,404,37,2177,2177.0
122,12,17,3,2094,758,64,3808,3808.0
123,12,10,9,4687,326,143,8522,8522.0
124,12,11,7,4338,440,132,7888,7888.0
125,12,18,7,3191,324,97,5802,5802.0
126,12,2,5,2892,821,88,5259,5259.0
127,12,15,3,3490,555,106,6346,6346.0
128,12,8,7,798,431,25,1451,1451.0
129,12,7,2,748,431,23,1360,1360.0
130,12,4,3,3989,218,121,7253,7253.0
131,13,5,7,1396,425,43,2539,2539.0
132,13,8,9,2543,224,78,4624,4624.0
133,13,9,2,4188,393,127,7615,7615.0
134,13,6,4,2144,877,65,3899,3899.0
135,13,11,9,3291,483,100,5984,5984.0
136,13,3,8,3241,306,99,5893,5893.0
137,13,1,9,3391,842,103,6166,6166.0
138,13,17,4,1696,568,52,3084,3084.0
139,13,16,1,2194,449,67,3990,3990.0
140,13,12,6,1995,460,61,3628,3628.0
141,14,6,1,1347,708,41,2450,2450.0
142,14,9,3,3341,617,102,6075,6075.0
143,14,10,6,3690,295,112,6710,6710.0
144,14,4,9,1496,563,46,2720,2720.0
145,14,5,8,3341,486,102,6075,6075.0
146,14,20,7,3989,352,121,7253,7253.0
147,14,15,4,1496,228,46,2720,2720.0
148,14,8,9,1696,820,52,3084,3084.0
149,14,3,3,1845,712,56,3355,3355.0
150,14,2,2,3740,715,114,6800,6800.0
151,14,19,2,4089,550,124,7435,7435.0
152,14,17,4,3740,272,114,6800,6800.0
153,14,16,3,3690,885,112,6710,6710.0
154,14,7,6,4089,520,124,7435,7435.0
155,15,7,3,848,486,26,1542,1542.0
156,15,20,8,4488,414,136,8160,8160.0
157,15,5,3,4089,838,124,7435,7435.0
158,15,2,4,1496,669,46,2720,2720.0
159,15,3,7,1696,583,52,3084,3084.0
160,15,12,7,1496,244,46,2720,2720.0
161,15,8,1,2543,272,78,4624,4624.0
162,15,6,3,2144,498,65,3899,3899.0
163,15,13,4,4587,885,139,8340,8340.0
164,15,10,7,2443,371,75,4442,4442.0
165,15,9,5,4039,501,123,7344,7344.0
166,16,2,8,2194,228,67,3990,3990.0
167,16,9,3,1945,857,59,3537,3537.0
168,16,10,1,1646,336,50,2993,2993.0
169,16,7,9,3391,345,103,6166,6166.0
170,16,3,6,3989,377,121,7253,7253.0
171,16,19,6,1646,529,50,2993,2993.0
172,16,12,8,4837,535,147,8795,8795.0
173,16,6,6,649,369,20,1180,1180.0
174,16,13,7,898,605,28,1633,1633.0
175,16,8,7,2842,779,87,5168,5168.0
176,17,2,4,2443,654,75,4442,4442.0
177,17,8,1,2394,740,73,4353,4353.0
178,17,7,7,2992,881,91,5440,5440.0
179,17,15,7,499,367,16,908,908.0
180,17,11,1,2294,540,70,4171,4171.0
181,17,10,6,1546,740,47,2811,2811.0
182,17,6,3,798,814,25,1451,1451.0
183,17,12,8,2743,228,84,4988,4988.0
184,17,3,5,798,820,25,1451,1451.0
185,17,19,1,3889,758,118,7071,7071.0
186,17,1,7,998,218,31,1815,1815.0
187,17,16,3,1047,911,32,1904,1904.0
188,17,4,6,1396,516,43,2539,2539.0
189,17,18,9,4886,438,149,8884,8884.0
190,18,2,3,948,323,29,1724,1724.0
191,18,6,8,3092,187,94,5622,5622.0
192,18,1,2,4188,209,127,7615,7615.0
193,18,5,1,1845,810,56,3355,3355.0
194,18,17,3,3042,671,93,5531,5531.0
195,18,4,3,4039,488,123,7344,7344.0
196,18,8,7,3989,799,121,7253,7253.0
197,18,16,7,1297,473,40,2359,2359.0
198,18,14,6,4438,615,135,8070,8070.0
199,19,4,5,4637,888,141,8431,8431.0
200,19,8,6,3989,354,121,7253,7253.0
201,19,5,3,4039,319,123,7344,7344.0
202,19,3,2,1247,756,38,2268,2268.0
203,19,17,1,4886,911,149,8884,8884.0
204,19,14,3,3640,397,111,6619,6619.0
205,19,6,3,3191,330,97,5802,5802.0
206,19,11,3,499,879,16,908,908.0
207,19,18,3,3989,492,121,7253,7253.0
208,19,2,5,4936,341,150,8975,8975.0
209,19,20,9,898,391,28,1633,1633.0
210,19,13,3,3740,202,114,6800,6800.0
211,19,10,8,1297,445,40,2359,2359.0
212,19,7,6,1297,479,40,2359,2359.0
213,19,12,8,948,317,29,1724,1724.0
214,19,9,1,2344,315,72,4262,4262.0
215,20,15,7,1945,382,59,3537,3537.0
216,20,18,9,2144,561,65,3899,3899.0
217,20,9,6,4188,369,127,7615,7615.0
218,20,17,5,3441,192,105,6257,6257.0
219,20,2,7,2144,215,65,3899,3899.0
220,20,13,5,2792,237,85,5077,5077.0
221,20,16,2,3092,583,94,5622,5622.0
222,20,19,4,3241,877,99,5893,5893.0
223,20,5,8,1197,738,37,2177,2177.0
224,20,3,2,1845,619,56,3355,3355.0
225,20,6,5,4139,308,126,7526,7526.0
226,20,12,5,3790,334,115,6891,6891.0
227,20,8,9,4886,285,149,8884,8884.0
228,20,11,5,2593,604,79,4715,4715.0
229,20,7,4,599,862,19,1090,1090.0
COMMODITIES,200
0,12,2,33,68,183,4048,11033.0
1,1,15,29,77,174,4562,10499.0
2,9,8,71,56,129,3323,7764.0
3,20,5,24,62,134,3676,8075.0
4,5,4,55,55,188,3259,11298.0
5,20,14,18,71,206,4257,12368.0
6,15,20,52,79,210,4689,12610.0
7,19,5,37,60,171,3563,10263.0
8,8,1,26,83,166,4929,9999.0
9,6,1,24,83,211,4963,12718.0
10,1,2,35,72,149,4311,8973.0
11,17,10,56,64,144,3804,8687.0
12,2,4,32,67,170,4010,10211.0
13,2,19,18,74,131,4406,7892.0
14,17,15,64,67,107,3969,6468.0
15,1,9,29,56,155,3302,9302.0
16,14,9,68,75,212,4497,12733.0
17,12,10,56,73,185,4371,11133.0
18,2,18,55,74,164,4396,9881.0
19,6,13,19,85,134,5042,8048.0
20,11,18,69,68,163,4041,9818.0
21,8,9,17,62,157,3680,9475.0
22,11,20,28,74,134,4415,8056.0
23,15,18,58,81,199,4857,11955.0
24,7,8,51,62,176,3698,10607.0
25,19,15,30,78,179,4667,10762.0
26,13,19,67,75,220,4480,13236.0
27,12,17,42,80,180,4745,10810.0
28,15,5,72,75,217,4497,13073.0
29,20,19,67,83,199,4978,11970.0
30,3,6,46,72,189,4263,11380.0
31,13,9,34,70,220,4164,13219.0
32,18,5,19,71,160,4257,9654.0
33,12,1,25,73,181,4336,10909.0
34,11,3,34,72,145,4273,8740.0
35,10,20,41,74,140,4386,8421.0
36,9,17,63,60,208,3555,12498.0
37,1,6,29,81,193,4822,11623.0
38,4,5,43,72,220,4278,13221.0
39,9,19,19,82,214,4874,12840.0
40,7,15,43,56,189,3354,11340.0
41,9,14,68,70,206,4166,12389.0
42,8,4,49,68,157,4069,9434.0
43,4,12,26,65,230,3875,13834.0
44,19,6,24,72,179,4317,10745.0
45,11,17,45,77,176,4561,10602.0
46,10,6,46,72,161,4290,9675.0
47,4,1,41,82,217,4895,13079.0
48,20,6,18,75,199,4453,11945.0
49,3,4,15,87,172,5206,10358.0
50,2,14,15,94,229,5586,13744.0
51,14,19,53,84,233,4993,14020.0
52,3,9,51,78,182,4632,10920.0
53,12,15,69,68,183,4025,10995.0
54,1,20,28,75,149,4444,8958.0
55,9,4,66,78,182,4652,10973.0
56,12,20,67,66,189,3954,11391.0
57,7,11,60,86,178,5125,10692.0
58,11,5,20,70,168,4180,10094.0
59,10,7,30,51,136,3056,8190.0
60,11,10,65,62,162,3720,9776.0
61,12,9,26,72,182,4320,10958.0
62,3,18,27,72,219,4301,13160.0
63,5,13,22,82,221,4871,13300.0
64,1,19,59,84,168,5018,10127.0
65,17,18,44,91,217,5412,13052.0
66,17,19,39,72,184,4306,11050.0
67,4,16,74,86,210,5140,12639.0
68,3,10,31,73,161,4356,9713.0
69,19,10,28,76,147,4506,8863.0
70,16,11,33,64,158,3832,9520.0
71,12,8,26,76,124,4531,7487.0
72,16,3,41,84,201,4987,12104.0
73,1,8,68,73,125,4348,7538.0
74,10,19,71,65,213,3845,12784.0
75,14,13,37,66,162,3910,9727.0
76,13,6,57,72,162,4294,9768.0
77,17,9,33,68,162,4021,9723.0
78,7,16,45,70,203,4165,12204.0
79,12,16,20,68,191,4053,11486.0
80,3,11,46,61,171,3630,10318.0
81,17,20,29,64,168,3797,10125.0
82,13,2,51,65,219,3889,13156.0
83,3,19,27,75,209,4449,12593.0
84,13,8,18,75,184,4494,11093.0
85,13,17,65,63,152,3726,9137.0
86,4,6,32,71,215,4229,12912.0
87,15,19,33,79,183,4739,11009.0
88,6,9,63,65,206,3853,12417.0
89,19,12,52,81,151,4828,9116.0
90,16,15,32,77,202,4599,12137.0
91,5,15,43,53,147,3151,8862.0
92,8,20,18,68,180,4033,10815.0
93,10,1,62,73,219,4376,13147.0
94,4,7,64,70,181,4160,10912.0
95,9,20,66,66,155,3940,9312.0
96,17,12,18,74,163,4405,9813.0
97,18,9,43,88,195,5236,11720.0
98,16,4,46,73,201,4362,12095.0
99,11,16,53,70,160,4150,9605.0
100,6,16,33,84,200,4999,12045.0
101,19,2,39,78,145,4631,8726.0
102,17,13,30,62,142,3705,8549.0
103,8,15,64,67,187,3999,11237.0
104,14,6,68,73,155,4375,9346.0
105,16,1,59,85,217,5078,13040.0
106,9,13,43,68,158,4053,9481.0
107,10,16,37,71,200,4217,12041.0
108,5,16,23,79,220,4695,13201.0
109,1,11,71,78,134,4640,8099.0
110,18,20,63,74,178,4383,10705.0
111,9,11,40,78,178,4656,10733.0
112,17,1,57,77,132,4585,7944.0
113,16,18,73,78,200,4633,12036.0
114,10,12,69,70,235,4155,14134.0
115,11,13,31,67,145,4009,8756.0
116,16,2,36,67,161,3974,9718.0
117,20,13,26,73,193,4369,11596.0
118,2,15,58,70,133,4156,8018.0
119,3,20,71,68,185,4068,11157.0
120,16,8,35,85,209,5061,12580.0
121,5,19,29,72,215,4285,12924.0
122,2,12,74,76,158,4519,9528.0
123,17,3,41,72,139,4286,8349.0
124,6,12,73,75,185,4442,11108.0
125,14,1,64,67,208,3987,12511.0
126,13,14,27,76,219,4531,13188.0
127,8,18,52,56,206,3346,12369.0
128,13,3,39,86,188,5132,11289.0
129,14,12,20,76,207,4510,12431.0
130,17,4,16,53,115,3174,6958.0
131,20,15,52,78,179,4652,10783.0
132,16,9,64,72,159,4288,9598.0
133,13,20,46,57,194,3386,11655.0
134,1,18,47,76,205,4529,12301.0
135,18,14,54,57,198,3385,11920.0
136,9,15,57,68,157,4066,9470.0
137,14,11,38,95,243,5642,14598.0
138,9,16,25,79,218,4727,13104.0
139,8,14,62,89,250,5320,15032.0
140,1,4,69,80,195,4781,11722.0
141,17,16,19,63,130,3729,7835.0
142,14,17,39,69,204,4120,12253.0
143,18,19,71,72,150,4266,9038.0
144,11,14,36,67,218,3975,13100.0
145,7,19,57,68,198,4038,11891.0
146,6,15,15,81,195,4801,11720.0
147,4,11,47,71,213,4214,12830.0
148,1,13,22,71,139,4240,8399.0
149,10,3,34,72,142,4288,8550.0
150,3,2,71,77,190,4593,11440.0
151,4,9,72,79,197,4694,11864.0
152,3,16,40,77,179,4600,10772.0
153,16,20,69,73,157,4369,9449.0
154,10,8,61,81,170,4832,10247.0
155,14,8,41,70,154,4145,9256.0
156,12,6,20,59,144,3481,8659.0
157,5,1,53,71,237,4211,14246.0
158,9,2,15,82,200,4886,12025.0
159,3,8,53,72,200,4298,12004.0
160,11,15,28,72,152,4280,9128.0
161,18,4,69,73,218,4322,13099.0
162,12,19,50,74,201,4387,12067.0
163,1,17,53,68,195,4048,11757.0
164,9,18,60,92,233,5471,14007.0
165,11,1,28,87,179,5196,10743.0
166,9,3,60,70,161,4183,9680.0
167,10,2,18,79,209,4731,12599.0
168,20,3,64,64,139,3813,8369.0
169,18,8,33,72,179,4304,10750.0
170,9,7,63,85,191,5067,11517.0
171,6,5,64,75,169,4481,10183.0
172,6,2,74,73,202,4328,12144.0
173,9,6,40,72,138,4277,8296.0
174,1,10,65,72,148,4266,8887.0
175,3,7,19,86,222,5130,13341.0
176,20,1,73,79,217,4683,13075.0
177,13,7,63,73,176,4329,10569.0
178,13,11,29,74,218,4425,13094.0
179,16,12,53,78,197,4674,11836.0
180,14,20,67,72,194,4293,11662.0
181,17,14,40,72,198,4294,11929.0
182,13,16,17,61,158,3627,9492.0
183,9,5,35,68,183,4076,10996.0
184,18,1,28,68,165,4047,9928.0
185,3,13,44,68,182,4063,10952.0
186,19,11,30,76,130,4540,7814.0
187,14,16,24,73,223,4359,13397.0
188,15,16,37,77,181,4589,10913.0
189,11,19,48,68,141,4039,8470.0
190,15,7,35,52,122,3069,7334.0
191,1,12,15,80,200,4777,12005.0
192,9,1,19,75,202,4457,12122.0
193,12,3,39,84,163,5038,9822.0
194,10,18,35,82,220,4898,13229.0
195,4,13,60,63,193,3721,11620.0
196,5,6,53,60,179,3568,10758.0
197,1,16,36,76,163,4523,9824.0
198,7,2,73,67,174,3990,10458.0
199,2,8,15,71,156,4202,9380.0
horizon=250
