NODES,20
1,1,-,-
2,2,-,-
3,3,-,-
4,4,-,-
5,5,-,-
6,6,-,-
7,7,-,-
8,8,-,-
9,9,-,-
10,10,-,-
11,11,-,-
12,12,-,-
13,13,-,-
14,14,-,-
15,15,-,-
16,16,-,-
17,17,-,-
18,18,-,-
19,19,-,-
20,20,-,-
ARCS,230
0,1,10,9,1546,825,47,2811,2811.0
1,1,20,4,2842,218,87,5168,5168.0
2,1,7,8,4936,874,150,8975,8975.0
3,1,19,5,4438,254,135,8070,8070.0
4,1,5,8,3141,203,96,5711,5711.0
5,1,11,1,599,749,19,1090,1090.0
6,1,16,3,2443,319,75,4442,4442.0
7,1,17,3,4139,512,126,7526,7526.0
8,1,8,6,649,449,20,1180,1180.0
9,1,9,2,4338,786,132,7888,7888.0
10,1,4,9,2992,721,91,5440,5440.0
11,1,13,8,1297,699,40,2359,2359.0
12,1,15,7,3092,885,94,5622,5622.0
13,2,17,7,1895,269,58,3446,3446.0
14,2,18,3,1546,790,47,2811,2811.0
15,2,16,8,599,749,19,1090,1090.0
16,2,15,2,848,209,26,1542,1542.0
17,2,8,7,2194,885,67,3990,3990.0
18,2,7,6,4188,282,127,7615,7615.0
19,2,5,9,2394,308,73,4353,4353.0
20,2,1,9,1047,885,32,1904,1904.0
21,2,13,3,499,283,16,908,908.0
22,2,9,3,2543,228,78,4624,4624.0
23,2,10,7,1297,226,40,2359,2359.0
24,2,6,6,1097,868,34,1995,1995.0
25,2,3,1,948,928,29,1724,1724.0
26,2,19,7,549,743,17,999,999.0
27,2,20,1,1995,758,61,3628,3628.0
28,2,12,3,4886,203,149,8884,8884.0
29,3,11,9,2244,431,68,4080,4080.0
30,3,16,3,2144,693,65,3899,3899.0
31,3,17,2,3839,287,117,6980,6980.0
32,3,18,8,4886,687,149,8884,8884.0
33,3,14,1,3391,691,103,6166,6166.0
34,3,4,6,1546,484,47,2811,2811.0
35,3,1,9,3191,458,97,5802,5802.0
36,3,13,6,2194,546,67,3990,3990.0
37,3,10,7,1745,669,53,3173,3173.0
38,4,18,9,1745,630,53,3173,3173.0
39,4,7,7,3740,256,114,6800,6800.0
40,4,14,9,2743,885,84,4988,4988.0
41,4,19,6,3441,916,105,6257,6257.0
42,4,10,6,2294,820,70,4171,4171.0
43,4,8,5,1396,626,43,2539,2539.0
44,5,3,1,4188,228,127,7615,7615.0
45,5,14,6,1845,496,56,3355,3355.0
46,5,8,4,4587,758,139,8340,8340.0
47,5,6,6,2842,887,87,5168,5168.0
48,5,18,2,2244,535,68,4080,4080.0
49,5,10,2,3141,285,96,5711,5711.0
50,5,15,3,2144,403,65,3899,3899.0
51,5,16,9,4737,229,144,8613,8613.0
52,5,11,2,2992,505,91,5440,5440.0
53,5,7,3,4438,909,135,8070,8070.0
54,5,20,1,1795,646,55,3264,3264.0
55,6,11,7,2743,661,84,4988,4988.0
56,6,20,9,1297,295,40,2359,2359.0
57,6,12,1,2842,581,87,5168,5168.0
58,6,13,6,549,524,17,999,999.0
59,6,10,2,3141,581,96,5711,5711.0
60,6,8,1,2693,793,82,4897,4897.0
61,6,2,3,4388,406,133,7979,7979.0
62,6,16,1,3790,259,115,6891,6891.0
63,6,19,9,3989,607,121,7253,7253.0
64,6,18,7,2144,518,65,3899,3899.0
65,6,15,2,4537,516,138,8250,8250.0
66,6,14,6,2045,302,62,3719,3719.0
67,7,20,3,4139,635,126,7526,7526.0
68,7,5,1,2493,909,76,4533,4533.0
69,7,2,8,4637,792,141,8431,8431.0
70,7,1,6,3889,702,118,7071,7071.0
71,7,3,9,599,581,19,1090,1090.0
72,7,11,7,1945,916,59,3537,3537.0
73,7,6,8,2543,864,78,4624,4624.0
74,7,4,8,3141,488,96,5711,5711.0
75,7,9,1,1646,256,50,2993,2993.0
76,7,13,6,4886,302,149,8884,8884.0
77,8,1,6,1596,408,49,2902,2902.0
78,8,17,5,4587,725,139,8340,8340.0
79,8,4,6,1895,609,58,3446,3446.0
80,8,10,6,1496,561,46,2720,2720.0
81,8,2,5,1795,336,55,3264,3264.0
82,8,7,6,1197,229,37,2177,2177.0
83,8,15,1,3590,810,109,6528,6528.0
84,8,6,3,3839,568,117,6980,6980.0
85,8,12,7,4637,632,141,8431,8431.0
86,9,14,6,2992,246,91,5440,5440.0
87,9,20,7,2144,300,65,3899,3899.0
88,9,10,7,948,769,29,1724,1724.0
89,9,17,8,3291,596,100,5984,5984.0
90,9,5,6,2593,373,79,4715,4715.0
91,9,15,1,2094,909,64,3808,3808.0
92,9,11,6,1995,196,61,3628,3628.0
93,9,1,1,3640,555,111,6619,6619.0
94,9,8,2,1396,786,43,2539,2539.0
95,9,7,4,3939,868,120,7162,7162.0
96,9,19,3,3790,654,115,6891,6891.0
97,9,6,5,1147,203,35,2086,2086.0
98,10,3,5,1147,516,35,2086,2086.0
99,10,5,4,1895,434,58,3446,3446.0
100,10,13,5,3790,900,115,6891,6891.0
101,10,20,8,998,782,31,1815,1815.0
102,10,9,7,549,494,17,999,999.0
103,10,12,9,4637,207,141,8431,8431.0
104,10,14,1,2593,665,79,4715,4715.0
105,10,4,4,1396,706,43,2539,2539.0
106,10,6,6,1745,360,53,3173,3173.0
107,11,8,1,898,868,28,1633,1633.0
108,11,4,5,3092,879,94,5622,5622.0
109,11,7,7,2942,758,90,5350,5350.0
110,11,13,3,3790,401,115,6891,6891.0
111,11,20,6,898,922,28,1633,1633.0
112,11,19,6,4587,544,139,8340,8340.0
113,11,3,9,3490,821,106,6346,6346.0
114,11,16,2,4886,812,149,8884,8884.0
115,11,12,4,2443,896,75,4442,4442.0
116,11,9,9,1596,827,49,2902,2902.0
117,11,2,3,649,507,20,1180,1180.0
118,12,9,5,4338,196,132,7888,7888.0
119,12,20,2,3441,447,105,6257,6257.0
120,12,6,6,1546,881,47,2811,2811.0
121,12,13,6,1197,404,37,2177,2177.0
122,12,17,3,2094,758,64,3808,3808.0
123,12,10,9,4687,326,143,8522,8522.0
124,12,11,7,4338,440,132,7888,7888.0
125,12,18,7,3191,324,97,5802,5802.0
126,12,2,5,2892,821,88,5259,5259.0
127,12,15,3,3490,555,106,6346,6346.0
128,12,8,7,798,431,25,1451,1451.0
129,12,7,2,748,431,23,1360,1360.0
130,12,4,3,3989,218,121,7253,7253.0
131,13,5,7,1396,425,43,2539,2539.0
132,13,8,9,2543,224,78,4624,4624.0
133,13,9,2,4188,393,127,7615,7615.0
134,13,6,4,2144,877,65,3899,3899.0
135,13,11,9,3291,483,100,5984,5984.0
136,13,3,8,3241,306,99,5893,5893.0
137,13,1,9,3391,842,103,6166,6166.0
138,13,17,4,1696,568,52,3084,3084.0
139,13,16,1,2194,449,67,3990,3990.0
140,13,12,6,1995,460,61,3628,3628.0
141,14,6,1,1347,708,41,2450,2450.0
142,14,9,3,3341,617,102,6075,6075.0
143,14,10,6,3690,295,112,6710,6710.0
144,14,4,9,1496,563,46,2720,2720.0
145,14,5,8,3341,486,102,6075,6075.0
146,14,20,7,3989,352,121,7253,7253.0
147,14,15,4,1496,228,46,2720,2720.0
148,14,8,9,1696,820,52,3084,3084.0
149,14,3,3,1845,712,56,3355,3355.0
150,14,2,2,3740,715,114,6800,6800.0
151,14,19,2,4089,550,124,7435,7435.0
152,14,17,4,3740,272,114,6800,6800.0
153,14,16,3,3690,885,112,6710,6710.0
154,14,7,6,4089,520,124,7435,7435.0
155,15,7,3,848,486,26,1542,1542.0
156,15,20,8,4488,414,136,8160,8160.0
157,15,5,3,4089,838,124,7435,7435.0
158,15,2,4,1496,669,46,2720,2720.0
159,15,3,7,1696,583,52,3084,3084.0
160,15,12,7,1496,244,46,2720,2720.0
161,15,8,1,2543,272,78,4624,4624.0
162,15,6,3,2144,498,65,3899,3899.0
163,15,13,4,4587,885,139,8340,8340.0
164,15,10,7,2443,371,75,4442,4442.0
165,15,9,5,4039,501,123,7344,7344.0
166,16,2,8,2194,228,67,3990,3990.0
167,16,9,3,1945,857,59,3537,3537.0
168,16,10,1,1646,336,50,2993,2993.0
169,16,7,9,3391,345,103,6166,6166.0
170,16,3,6,3989,377,121,7253,7253.0
171,16,19,6,1646,529,50,2993,2993.0
172,16,12,8,4837,535,147,8795,8795.0
173,16,6,6,649,369,20,1180,1180.0
174,16,13,7,898,605,28,1633,1633.0
175,16,8,7,2842,779,87,5168,5168.0
176,17,2,4,2443,654,75,4442,4442.0
177,17,8,1,2394,740,73,4353,4353.0
178,17,7,7,2992,881,91,5440,5440.0
179,17,15,7,499,367,16,908,908.0
180,17,11,1,2294,540,70,4171,4171.0
181,17,10,6,1546,740,47,2811,2811.0
182,17,6,3,798,814,25,1451,1451.0
183,17,12,8,2743,228,84,4988,4988.0
184,17,3,5,798,820,25,1451,1451.0
185,17,19,1,3889,758,118,7071,7071.0
186,17,1,7,998,218,31,1815,1815.0
187,17,16,3,1047,911,32,1904,1904.0
188,17,4,6,1396,516,43,2539,2539.0
189,17,18,9,4886,438,149,8884,8884.0
190,18,2,3,948,323,29,1724,1724.0
191,18,6,8,3092,187,94,5622,5622.0
192,18,1,2,4188,209,127,7615,7615.0
193,18,5,1,1845,810,56,3355,3355.0
194,18,17,3,3042,671,93,5531,5531.0
195,18,4,3,4039,488,123,7344,7344.0
196,18,8,7,3989,799,121,7253,7253.0
197,18,16,7,1297,473,40,2359,2359.0
198,18,14,6,4438,615,135,8070,8070.0
199,19,4,5,4637,888,141,8431,8431.0
200,19,8,6,3989,354,121,7253,7253.0
201,19,5,3,4039,319,123,7344,7344.0
202,19,3,2,1247,756,38,2268,2268.0
203,19,17,1,4886,911,149,8884,8884.0
204,19,14,3,3640,397,111,6619,6619.0
205,19,6,3,3191,330,97,5802,5802.0
206,19,11,3,499,879,16,908,908.0
207,19,18,3,3989,492,121,7253,7253.0
208,19,2,5,4936,341,150,8975,8975.0
209,19,20,9,898,391,28,1633,1633.0
210,19,13,3,3740,202,114,6800,6800.0
211,19,10,8,1297,445,40,2359,2359.0
212,19,7,6,1297,479,40,2359,2359.0
213,19,12,8,948,317,29,1724,1724.0
214,19,9,1,2344,315,72,4262,4262.0
215,20,15,7,1945,382,59,3537,3537.0
216,20,18,9,2144,561,65,3899,3899.0
217,20,9,6,4188,369,127,7615,7615.0
218,20,17,5,3441,192,105,6257,6257.0
219,20,2,7,2144,215,65,3899,3899.0
220,20,13,5,2792,237,85,5077,5077.0
221,20,16,2,3092,583,94,5622,5622.0
222,20,19,4,3241,877,99,5893,5893.0
223,20,5,8,1197,738,37,2177,2177.0
224,20,3,2,1845,619,56,3355,3355.0
225,20,6,5,4139,308,126,7526,7526.0
226,20,12,5,3790,334,115,6891,6891.0
227,20,8,9,4886,285,149,8884,8884.0
228,20,11,5,2593,604,79,4715,4715.0
229,20,7,4,599,862,19,1090,1090.0
COMMODITIES,200
0,12,2,33,54,161,3210,9701.0
1,1,15,29,26,123,1507,7384.0
2,9,8,71,75,145,4443,8718.0
3,20,5,24,61,132,3645,7950.0
4,5,4,55,58,183,3446,11015.0
5,20,14,18,59,179,3505,10773.0
6,15,20,52,89,212,5331,12772.0
7,19,5,37,91,194,5406,11694.0
8,8,1,26,77,159,4579,9548.0
9,6,1,24,46,174,2704,10494.0
10,1,2,35,63,147,3769,8828.0
11,17,10,56,10,91,561,5474.0
12,2,4,32,102,207,6104,12423.0
13,2,19,18,48,107,2843,6427.0
14,17,15,64,92,136,5517,8184.0
15,1,9,29,58,161,3426,9667.0
16,14,9,68,71,218,4202,13125.0
17,12,10,56,100,216,5954,12994.0
18,2,18,55,62,154,3705,9279.0
19,6,13,19,54,111,3217,6669.0
20,11,18,69,73,178,4322,10739.0
21,8,9,17,94,189,5613,11368.0
22,11,20,28,79,151,4719,9097.0
23,15,18,58,112,242,6719,14571.0
24,7,8,51,69,190,4111,11418.0
25,19,15,30,60,156,3581,9373.0
26,13,19,67,70,226,4156,13566.0
27,12,17,42,98,194,5829,11669.0
28,15,5,72,97,222,5766,13330.0
29,20,19,67,74,188,4420,11319.0
30,3,6,46,102,218,6068,13120.0
31,13,9,34,58,207,3449,12436.0
32,18,5,19,60,152,3562,9148.0
33,12,1,25,72,183,4310,11024.0
34,11,3,34,56,145,3309,8701.0
35,10,20,41,81,144,4823,8652.0
36,9,17,63,110,255,6574,15330.0
37,1,6,29,88,200,5279,12034.0
38,4,5,43,41,188,2454,11280.0
39,9,19,19,83,219,4929,13163.0
40,7,15,43,55,201,3256,12080.0
41,9,14,68,27,158,1582,9504.0
42,8,4,49,70,164,4176,9876.0
43,4,12,26,114,270,6806,16218.0
44,19,6,24,145,242,8669,14573.0
45,11,17,45,105,217,6260,13062.0
46,10,6,46,96,180,5730,10806.0
47,4,1,41,40,165,2391,9944.0
48,20,6,18,10,146,584,8778.0
49,3,4,15,96,187,5740,11255.0
50,2,14,15,60,195,3561,11735.0
51,14,19,53,41,175,2419,10516.0
52,3,9,51,91,193,5441,11596.0
53,12,15,69,60,177,3543,10635.0
54,1,20,28,96,173,5717,10430.0
55,9,4,66,63,162,3733,9755.0
56,12,20,67,66,177,3951,10679.0
57,7,11,60,104,199,6237,11997.0
58,11,5,20,44,154,2636,9287.0
59,10,7,30,117,199,6986,11983.0
60,11,10,65,111,202,6649,12142.0
61,12,9,26,114,218,6781,13127.0
62,3,18,27,70,204,4176,12273.0
63,5,13,22,90,230,5358,13847.0
64,1,19,59,54,142,3229,8530.0
65,17,18,44,83,207,4947,12440.0
66,17,19,39,86,204,5102,12258.0
67,4,16,74,77,195,4613,11751.0
68,3,10,31,42,122,2468,7338.0
69,19,10,28,83,152,4958,9138.0
70,16,11,33,45,151,2687,9099.0
71,12,8,26,60,115,3559,6902.0
72,16,3,41,103,227,6136,13673.0
73,1,8,68,123,178,7351,10714.0
74,10,19,71,87,238,5165,14322.0
75,14,13,37,81,170,4822,10240.0
76,13,6,57,51,158,3020,9526.0
77,17,9,33,61,153,3644,9219.0
78,7,16,45,72,199,4316,11946.0
79,12,16,20,70,199,4143,11970.0
80,3,11,46,54,154,3187,9290.0
81,17,20,29,32,127,1899,7647.0
82,13,2,51,73,229,4373,13770.0
83,3,19,27,85,226,5059,13593.0
84,13,8,18,70,179,4150,10795.0
85,13,17,65,64,146,3819,8808.0
86,4,6,32,75,214,4477,12861.0
87,15,19,33,104,197,6188,11859.0
88,6,9,63,113,249,6743,14997.0
89,19,12,52,58,117,3450,7024.0
90,16,15,32,81,216,4807,12998.0
91,5,15,43,60,158,3599,9519.0
92,8,20,18,98,200,5824,12038.0
93,10,1,62,62,216,3694,13003.0
94,4,7,64,18,136,1073,8207.0
95,9,20,66,82,180,4905,10858.0
96,17,12,18,4,97,207,5833.0
97,18,9,43,50,167,2952,10076.0
98,16,4,46,82,210,4894,12624.0
99,11,16,53,61,134,3648,8098.0
100,6,16,33,62,185,3667,11140.0
101,19,2,39,57,122,3409,7377.0
102,17,13,30,88,161,5227,9697.0
103,8,15,64,95,209,5684,12585.0
104,14,6,68,73,143,4334,8617.0
105,16,1,59,108,252,6452,15133.0
106,9,13,43,95,176,5642,10594.0
107,10,16,37,71,201,4206,12090.0
108,5,16,23,86,232,5156,13959.0
109,1,11,71,51,101,3002,6088.0
110,18,20,63,91,209,5414,12581.0
111,9,11,40,65,160,3868,9623.0
112,17,1,57,95,165,5664,9948.0
113,16,18,73,49,162,2903,9726.0
114,10,12,69,53,214,3163,12861.0
115,11,13,31,66,122,3901,7372.0
116,16,2,36,75,174,4500,10457.0
117,20,13,26,115,236,6858,14190.0
118,2,15,58,50,113,2949,6823.0
119,3,20,71,48,172,2830,10379.0
120,16,8,35,76,197,4536,11836.0
121,5,19,29,116,259,6910,15553.0
122,2,12,74,117,197,7005,11871.0
123,17,3,41,16,76,949,4607.0
124,6,12,73,48,160,2836,9614.0
125,14,1,64,39,183,2333,11001.0
126,13,14,27,48,185,2835,11153.0
127,8,18,52,45,170,2660,10200.0
128,13,3,39,79,178,4736,10708.0
129,14,12,20,66,190,3946,11422.0
130,17,4,16,75,161,4458,9667.0
131,20,15,52,75,175,4490,10554.0
132,16,9,64,61,165,3630,9922.0
133,13,20,46,116,258,6908,15488.0
134,1,18,47,93,216,5538,13017.0
135,18,14,54,104,254,6224,15267.0
136,9,15,57,45,152,2695,9176.0
137,14,11,38,62,218,3675,13083.0
138,9,16,25,63,211,3767,12689.0
139,8,14,62,131,287,7809,17256.0
140,1,4,69,123,230,7322,13821.0
141,17,16,19,84,148,4992,8896.0
142,14,17,39,79,221,4681,13261.0
143,18,19,71,36,116,2112,7008.0
144,11,14,36,88,246,5233,14762.0
145,7,19,57,35,160,2048,9656.0
146,6,15,15,115,229,6872,13762.0
147,4,11,47,52,197,3088,11836.0
148,1,13,22,38,112,2236,6773.0
149,10,3,34,72,143,4297,8610.0
150,3,2,71,48,171,2826,10261.0
151,4,9,72,43,169,2541,10195.0
152,3,16,40,83,177,4953,10665.0
153,16,20,69,72,168,4268,10111.0
154,10,8,61,84,177,5037,10669.0
155,14,8,41,87,169,5186,10141.0
156,12,6,20,38,124,2245,7489.0
157,5,1,53,97,260,5813,15632.0
158,9,2,15,65,184,3896,11046.0
159,3,8,53,51,189,3037,11395.0
160,11,15,28,107,190,6399,11452.0
161,18,4,69,71,213,4256,12806.0
162,12,19,50,16,152,954,9169.0
163,1,17,53,56,170,3304,10257.0
164,9,18,60,95,231,5660,13867.0
165,11,1,28,93,176,5570,10561.0
166,9,3,60,53,152,3152,9140.0
167,10,2,18,80,211,4785,12692.0
168,20,3,64,113,195,6774,11710.0
169,18,8,33,89,214,5329,12895.0
170,9,7,63,118,225,7057,13530.0
171,6,5,64,53,141,3157,8519.0
172,6,2,74,60,188,3580,11314.0
173,9,6,40,62,129,3704,7760.0
174,1,10,65,52,140,3113,8408.0
175,3,7,19,60,202,3588,12134.0
176,20,1,73,87,229,5164,13792.0
177,13,7,63,80,198,4768,11913.0
178,13,11,29,81,220,4836,13207.0
179,16,12,53,58,171,3471,10314.0
180,14,20,67,83,190,4921,11453.0
181,17,14,40,86,202,5119,12126.0
182,13,16,17,62,161,3674,9670.0
183,9,5,35,66,171,3955,10285.0
184,18,1,28,111,215,6605,12929.0
185,3,13,44,57,154,3415,9278.0
186,19,11,30,99,147,5912,8852.0
187,14,16,24,120,269,7153,16155.0
188,15,16,37,50,151,2965,9101.0
189,11,19,48,37,108,2209,6500.0
190,15,7,35,33,88,1961,5302.0
191,1,12,15,39,150,2291,9058.0
192,9,1,19,120,248,7200,14926.0
193,12,3,39,65,154,3885,9240.0
194,10,18,35,96,230,5715,13836.0
195,4,13,60,76,209,4530,12551.0
196,5,6,53,67,194,3972,11689.0
197,1,16,36,75,164,4458,9853.0
198,7,2,73,64,182,3840,10924.0
199,2,8,15,79,158,4704,9507.0
horizon=287
