NODES,20
1,1,-,-
2,2,-,-
3,3,-,-
4,4,-,-
5,5,-,-
6,6,-,-
7,7,-,-
8,8,-,-
9,9,-,-
10,10,-,-
11,11,-,-
12,12,-,-
13,13,-,-
14,14,-,-
15,15,-,-
16,16,-,-
17,17,-,-
18,18,-,-
19,19,-,-
20,20,-,-
ARCS,230
0,1,10,9,1546,825,47,2811,2811.0
1,1,20,4,2842,218,87,5168,5168.0
2,1,7,8,4936,874,150,8975,8975.0
3,1,19,5,4438,254,135,8070,8070.0
4,1,5,8,3141,203,96,5711,5711.0
5,1,11,1,599,749,19,1090,1090.0
6,1,16,3,2443,319,75,4442,4442.0
7,1,17,3,4139,512,126,7526,7526.0
8,1,8,6,649,449,20,1180,1180.0
9,1,9,2,4338,786,132,7888,7888.0
10,1,4,9,2992,721,91,5440,5440.0
11,1,13,8,1297,699,40,2359,2359.0
12,1,15,7,3092,885,94,5622,5622.0
13,2,17,7,1895,269,58,3446,3446.0
14,2,18,3,1546,790,47,2811,2811.0
15,2,16,8,599,749,19,1090,1090.0
16,2,15,2,848,209,26,1542,1542.0
17,2,8,7,2194,885,67,3990,3990.0
18,2,7,6,4188,282,127,7615,7615.0
19,2,5,9,2394,308,73,4353,4353.0
20,2,1,9,1047,885,32,1904,1904.0
21,2,13,3,499,283,16,908,908.0
22,2,9,3,2543,228,78,4624,4624.0
23,2,10,7,1297,226,40,2359,2359.0
24,2,6,6,1097,868,34,1995,1995.0
25,2,3,1,948,928,29,1724,1724.0
26,2,19,7,549,743,17,999,999.0
27,2,20,1,1995,758,61,3628,3628.0
28,2,12,3,4886,203,149,8884,8884.0
29,3,11,9,2244,431,68,4080,4080.0
30,3,16,3,2144,693,65,3899,3899.0
31,3,17,2,3839,287,117,6980,6980.0
32,3,18,8,4886,687,149,8884,8884.0
33,3,14,1,3391,691,103,6166,6166.0
34,3,4,6,1546,484,47,2811,2811.0
35,3,1,9,3191,458,97,5802,5802.0
36,3,13,6,2194,546,67,3990,3990.0
37,3,10,7,1745,669,53,3173,3173.0
38,4,18,9,1745,630,53,3173,3173.0
39,4,7,7,3740,256,114,6800,6800.0
40,4,14,9,2743,885,84,4988,4988.0
41,4,19,6,3441,916,105,6257,6257.0
42,4,10,6,2294,820,70,4171,4171.0
43,4,8,5,1396,626,43,2539,2539.0
44,5,3,1,4188,228,127,7615,7615.0
45,5,14,6,1845,496,56,3355,3355.0
46,5,8,4,4587,758,139,8340,8340.0
47,5,6,6,2842,887,87,5168,5168.0
48,5,18,2,2244,535,68,4080,4080.0
49,5,10,2,3141,285,96,5711,5711.0
50,5,15,3,2144,403,65,3899,3899.0
51,5,16,9,4737,229,144,8613,8613.0
52,5,11,2,2992,505,91,5440,5440.0
53,5,7,3,4438,909,135,8070,8070.0
54,5,20,1,1795,646,55,3264,3264.0
55,6,11,7,2743,661,84,4988,4988.0
56,6,20,9,1297,295,40,2359,2359.0
57,6,12,1,2842,581,87,5168,5168.0
58,6,13,6,549,524,17,999,999.0
59,6,10,2,3141,581,96,5711,5711.0
60,6,8,1,2693,793,82,4897,4897.0
61,6,2,3,4388,406,133,7979,7979.0
62,6,16,1,3790,259,115,6891,6891.0
63,6,19,9,3989,607,121,7253,7253.0
64,6,18,7,2144,518,65,3899,3899.0
65,6,15,2,4537,516,138,8250,8250.0
66,6,14,6,2045,302,62,3719,3719.0
67,7,20,3,4139,635,126,7526,7526.0
68,7,5,1,2493,909,76,4533,4533.0
69,7,2,8,4637,792,141,8431,8431.0
70,7,1,6,3889,702,118,7071,7071.0
71,7,3,9,599,581,19,1090,1090.0
72,7,11,7,1945,916,59,3537,3537.0
73,7,6,8,2543,864,78,4624,4624.0
74,7,4,8,3141,488,96,5711,5711.0
75,7,9,1,1646,256,50,2993,2993.0
76,7,13,6,4886,302,149,8884,8884.0
77,8,1,6,1596,408,49,2902,2902.0
78,8,17,5,4587,725,139,8340,8340.0
79,8,4,6,1895,609,58,3446,3446.0
80,8,10,6,1496,561,46,2720,2720.0
81,8,2,5,1795,336,55,3264,3264.0
82,8,7,6,1197,229,37,2177,2177.0
83,8,15,1,3590,810,109,6528,6528.0
84,8,6,3,3839,568,117,6980,6980.0
85,8,12,7,4637,632,141,8431,8431.0
86,9,14,6,2992,246,91,5440,5440.0
87,9,20,7,2144,300,65,3899,3899.0
88,9,10,7,948,769,29,1724,1724.0
89,9,17,8,3291,596,100,5984,5984.0
90,9,5,6,2593,373,79,4715,4715.0
91,9,15,1,2094,909,64,3808,3808.0
92,9,11,6,1995,196,61,3628,3628.0
93,9,1,1,3640,555,111,6619,6619.0
94,9,8,2,1396,786,43,2539,2539.0
95,9,7,4,3939,868,120,7162,7162.0
96,9,19,3,3790,654,115,6891,6891.0
97,9,6,5,1147,203,35,2086,2086.0
98,10,3,5,1147,516,35,2086,2086.0
99,10,5,4,1895,434,58,3446,3446.0
100,10,13,5,3790,900,115,6891,6891.0
101,10,20,8,998,782,31,1815,1815.0
102,10,9,7,549,494,17,999,999.0
103,10,12,9,4637,207,141,8431,8431.0
104,10,14,1,2593,665,79,4715,4715.0
105,10,4,4,1396,706,43,2539,2539.0
106,10,6,6,1745,360,53,3173,3173.0
107,11,8,1,898,868,28,1633,1633.0
108,11,4,5,3092,879,94,5622,5622.0
109,11,7,7,2942,758,90,5350,5350.0
110,11,13,3,3790,401,115,6891,6891.0
111,11,20,6,898,922,28,1633,1633.0
112,11,19,6,4587,544,139,8340,8340.0
113,11,3,9,3490,821,106,6346,6346.0
114,11,16,2,4886,812,149,8884,8884.0
115,11,12,4,2443,896,75,4442,4442.0
116,11,9,9,1596,827,49,2902,2902.0
117,11,2,3,649,507,20,1180,1180.0
118,12,9,5,4338,196,132,7888,7888.0
119,12,20,2,3441,447,105,6257,6257.0
120,12,6,6,1546,881,47,2811,2811.0
121,12,13,6,1197,404,37,2177,2177.0
122,12,17,3,2094,758,64,3808,3808.0
123,12,10,9,4687,326,143,8522,8522.0
124,12,11,7,4338,440,132,7888,7888.0
125,12,18,7,3191,324,97,5802,5802.0
126,12,2,5,2892,821,88,5259,5259.0
127,12,15,3,3490,555,106,6346,6346.0
128,12,8,7,798,431,25,1451,1451.0
129,12,7,2,748,431,23,1360,1360.0
130,12,4,3,3989,218,121,7253,7253.0
131,13,5,7,1396,425,43,2539,2539.0
132,13,8,9,2543,224,78,4624,4624.0
133,13,9,2,4188,393,127,7615,7615.0
134,13,6,4,2144,877,65,3899,3899.0
135,13,11,9,3291,483,100,5984,5984.0
136,13,3,8,3241,306,99,5893,5893.0
137,13,1,9,3391,842,103,6166,6166.0
138,13,17,4,1696,568,52,3084,3084.0
139,13,16,1,2194,449,67,3990,3990.0
140,13,12,6,1995,460,61,3628,3628.0
141,14,6,1,1347,708,41,2450,2450.0
142,14,9,3,3341,617,102,6075,6075.0
143,14,10,6,3690,295,112,6710,6710.0
144,14,4,9,1496,563,46,2720,2720.0
145,14,5,8,3341,486,102,6075,6075.0
146,14,20,7,3989,352,121,7253,7253.0
147,14,15,4,1496,228,46,2720,2720.0
148,14,8,9,1696,820,52,3084,3084.0
149,14,3,3,1845,712,56,3355,3355.0
150,14,2,2,3740,715,114,6800,6800.0
151,14,19,2,4089,550,124,7435,7435.0
152,14,17,4,3740,272,114,6800,6800.0
153,14,16,3,3690,885,112,6710,6710.0
154,14,7,6,4089,520,124,7435,7435.0
155,15,7,3,848,486,26,1542,1542.0
156,15,20,8,4488,414,136,8160,8160.0
157,15,5,3,4089,838,124,7435,7435.0
158,15,2,4,1496,669,46,2720,2720.0
159,15,3,7,1696,583,52,3084,3084.0
160,15,12,7,1496,244,46,2720,2720.0
161,15,8,1,2543,272,78,4624,4624.0
162,15,6,3,2144,498,65,3899,3899.0
163,15,13,4,4587,885,139,8340,8340.0
164,15,10,7,2443,371,75,4442,4442.0
165,15,9,5,4039,501,123,7344,7344.0
166,16,2,8,2194,228,67,3990,3990.0
167,16,9,3,1945,857,59,3537,3537.0
168,16,10,1,1646,336,50,2993,2993.0
169,16,7,9,3391,345,103,6166,6166.0
170,16,3,6,3989,377,121,7253,7253.0
171,16,19,6,1646,529,50,2993,2993.0
172,16,12,8,4837,535,147,8795,8795.0
173,16,6,6,649,369,20,1180,1180.0
174,16,13,7,898,605,28,1633,1633.0
175,16,8,7,2842,779,87,5168,5168.0
176,17,2,4,2443,654,75,4442,4442.0
177,17,8,1,2394,740,73,4353,4353.0
178,17,7,7,2992,881,91,5440,5440.0
179,17,15,7,499,367,16,908,908.0
180,17,11,1,2294,540,70,4171,4171.0
181,17,10,6,1546,740,47,2811,2811.0
182,17,6,3,798,814,25,1451,1451.0
183,17,12,8,2743,228,84,4988,4988.0
184,17,3,5,798,820,25,1451,1451.0
185,17,19,1,3889,758,118,7071,7071.0
186,17,1,7,998,218,31,1815,1815.0
187,17,16,3,1047,911,32,1904,1904.0
188,17,4,6,1396,516,43,2539,2539.0
189,17,18,9,4886,438,149,8884,8884.0
190,18,2,3,948,323,29,1724,1724.0
191,18,6,8,3092,187,94,5622,5622.0
192,18,1,2,4188,209,127,7615,7615.0
193,18,5,1,1845,810,56,3355,3355.0
194,18,17,3,3042,671,93,5531,5531.0
195,18,4,3,4039,488,123,7344,7344.0
196,18,8,7,3989,799,121,7253,7253.0
197,18,16,7,1297,473,40,2359,2359.0
198,18,14,6,4438,615,135,8070,8070.0
199,19,4,5,4637,888,141,8431,8431.0
200,19,8,6,3989,354,121,7253,7253.0
201,19,5,3,4039,319,123,7344,7344.0
202,19,3,2,1247,756,38,2268,2268.0
203,19,17,1,4886,911,149,8884,8884.0
204,19,14,3,3640,397,111,6619,6619.0
205,19,6,3,3191,330,97,5802,5802.0
206,19,11,3,499,879,16,908,908.0
207,19,18,3,3989,492,121,7253,7253.0
208,19,2,5,4936,341,150,8975,8975.0
209,19,20,9,898,391,28,1633,1633.0
210,19,13,3,3740,202,114,6800,6800.0
211,19,10,8,1297,445,40,2359,2359.0
212,19,7,6,1297,479,40,2359,2359.0
213,19,12,8,948,317,29,1724,1724.0
214,19,9,1,2344,315,72,4262,4262.0
215,20,15,7,1945,382,59,3537,3537.0
216,20,18,9,2144,561,65,3899,3899.0
217,20,9,6,4188,369,127,7615,7615.0
218,20,17,5,3441,192,105,6257,6257.0
219,20,2,7,2144,215,65,3899,3899.0
220,20,13,5,2792,237,85,5077,5077.0
221,20,16,2,3092,583,94,5622,5622.0
222,20,19,4,3241,877,99,5893,5893.0
223,20,5,8,1197,738,37,2177,2177.0
224,20,3,2,1845,619,56,3355,3355.0
225,20,6,5,4139,308,126,7526,7526.0
226,20,12,5,3790,334,115,6891,6891.0
227,20,8,9,4886,285,149,8884,8884.0
228,20,11,5,2593,604,79,4715,4715.0
229,20,7,4,599,862,19,1090,1090.0
COMMODITIES,200
0,12,2,33,63,154,3735,9276.0
1,1,15,29,79,163,4712,9810.0
2,9,8,71,74,134,4413,8084.0
3,20,5,24,80,126,4742,7619.0
4,5,4,55,74,193,4392,11601.0
5,20,14,18,65,175,3857,10533.0
6,15,20,52,67,173,4012,10403.0
7,19,5,37,68,152,4070,9145.0
8,8,1,26,80,143,4786,8580.0
9,6,1,24,89,205,5323,12339.0
10,1,2,35,66,121,3929,7306.0
11,17,10,56,75,141,4479,8464.0
12,2,4,32,73,167,4359,10039.0
13,2,19,18,75,107,4496,6459.0
14,17,15,64,79,109,4713,6594.0
15,1,9,29,63,144,3756,8696.0
16,14,9,68,58,176,3448,10586.0
17,12,10,56,74,161,4420,9681.0
18,2,18,55,82,144,4887,8688.0
19,6,13,19,72,108,4310,6493.0
20,11,18,69,61,144,3629,8680.0
21,8,9,17,53,130,3126,7847.0
22,11,20,28,81,125,4845,7536.0
23,15,18,58,79,193,4712,11622.0
24,7,8,51,80,184,4792,11090.0
25,19,15,30,76,151,4558,9118.0
26,13,19,67,76,211,4536,12669.0
27,12,17,42,58,142,3447,8524.0
28,15,5,72,69,187,4119,11241.0
29,20,19,67,80,178,4752,10700.0
30,3,6,46,74,171,4392,10299.0
31,13,9,34,92,223,5492,13410.0
32,18,5,19,73,147,4363,8869.0
33,12,1,25,81,172,4848,10326.0
34,11,3,34,73,145,4334,8759.0
35,10,20,41,81,127,4808,7666.0
36,9,17,63,57,172,3361,10368.0
37,1,6,29,75,160,4464,9644.0
38,4,5,43,87,212,5187,12747.0
39,9,19,19,77,193,4617,11602.0
40,7,15,43,83,206,4967,12381.0
41,9,14,68,77,185,4616,11122.0
42,8,4,49,66,138,3959,8323.0
43,4,12,26,81,222,4814,13344.0
44,19,6,24,67,152,3992,9127.0
45,11,17,45,72,164,4283,9870.0
46,10,6,46,74,138,4405,8332.0
47,4,1,41,69,176,4119,10583.0
48,20,6,18,74,186,4424,11170.0
49,3,4,15,64,128,3802,7717.0
50,2,14,15,78,190,4648,11434.0
51,14,19,53,80,205,4758,12324.0
52,3,9,51,62,146,3703,8766.0
53,12,15,69,61,157,3632,9432.0
54,1,20,28,68,128,4060,7724.0
55,9,4,66,77,166,4586,9988.0
56,12,20,67,80,182,4758,10952.0
57,7,11,60,69,147,4114,8848.0
58,11,5,20,85,160,5050,9646.0
59,10,7,30,64,129,3813,7772.0
60,11,10,65,71,149,4253,8975.0
61,12,9,26,68,157,4065,9463.0
62,3,18,27,82,201,4878,12085.0
63,5,13,22,76,196,4519,11809.0
64,1,19,59,72,143,4305,8607.0
65,17,18,44,69,172,4084,10336.0
66,17,19,39,62,153,3671,9180.0
67,4,16,74,75,184,4465,11095.0
68,3,10,31,71,143,4242,8606.0
69,19,10,28,75,134,4498,8053.0
70,16,11,33,80,160,4752,9637.0
71,12,8,26,71,107,4215,6466.0
72,16,3,41,74,178,4390,10731.0
73,1,8,68,83,119,4923,7190.0
74,10,19,71,80,212,4763,12751.0
75,14,13,37,75,145,4483,8725.0
76,13,6,57,68,145,4047,8739.0
77,17,9,33,87,168,5219,10085.0
78,7,16,45,74,175,4430,10532.0
79,12,16,20,61,173,3634,10426.0
80,3,11,46,67,157,4019,9452.0
81,17,20,29,56,135,3351,8147.0
82,13,2,51,85,215,5094,12932.0
83,3,19,27,67,193,4013,11583.0
84,13,8,18,75,162,4500,9763.0
85,13,17,65,64,135,3809,8155.0
86,4,6,32,87,217,5193,13022.0
87,15,19,33,71,150,4239,9004.0
88,6,9,63,85,212,5055,12745.0
89,19,12,52,80,124,4771,7480.0
90,16,15,32,69,178,4123,10724.0
91,5,15,43,81,167,4823,10022.0
92,8,20,18,66,157,3935,9450.0
93,10,1,62,67,191,4012,11491.0
94,4,7,64,72,161,4305,9661.0
95,9,20,66,72,149,4297,8940.0
96,17,12,18,69,146,4104,8774.0
97,18,9,43,60,161,3553,9688.0
98,16,4,46,87,195,5200,11702.0
99,11,16,53,74,127,4391,7663.0
100,6,16,33,69,170,4087,10203.0
101,19,2,39,69,126,4081,7574.0
102,17,13,30,61,118,3622,7120.0
103,8,15,64,70,169,4194,10163.0
104,14,6,68,78,137,4653,8272.0
105,16,1,59,75,186,4454,11219.0
106,9,13,43,82,149,4871,8973.0
107,10,16,37,71,188,4235,11295.0
108,5,16,23,66,190,3941,11422.0
109,1,11,71,82,113,4861,6814.0
110,18,20,63,79,168,4681,10105.0
111,9,11,40,76,154,4546,9280.0
112,17,1,57,89,137,5334,8266.0
113,16,18,73,70,170,4196,10225.0
114,10,12,69,73,220,4354,13242.0
115,11,13,31,72,122,4275,7372.0
116,16,2,36,76,156,4543,9374.0
117,20,13,26,65,156,3844,9378.0
118,2,15,58,73,110,4377,6630.0
119,3,20,71,65,166,3900,10013.0
120,16,8,35,67,173,3989,10406.0
121,5,19,29,84,218,4994,13118.0
122,2,12,74,80,147,4776,8864.0
123,17,3,41,78,120,4650,7257.0
124,6,12,73,77,169,4601,10150.0
125,14,1,64,79,192,4685,11568.0
126,13,14,27,79,199,4686,11990.0
127,8,18,52,72,186,4286,11189.0
128,13,3,39,74,166,4418,10015.0
129,14,12,20,73,181,4348,10902.0
130,17,4,16,61,122,3644,7349.0
131,20,15,52,90,163,5382,9807.0
132,16,9,64,89,164,5310,9892.0
133,13,20,46,77,190,4587,11428.0
134,1,18,47,78,184,4621,11070.0
135,18,14,54,61,190,3614,11406.0
136,9,15,57,64,142,3809,8522.0
137,14,11,38,80,217,4773,13074.0
138,9,16,25,69,180,4087,10849.0
139,8,14,62,66,208,3911,12496.0
140,1,4,69,63,157,3757,9439.0
141,17,16,19,62,111,3716,6673.0
142,14,17,39,81,209,4842,12549.0
143,18,19,71,93,162,5565,9735.0
144,11,14,36,60,194,3585,11673.0
145,7,19,57,83,194,4973,11699.0
146,6,15,15,77,177,4583,10655.0
147,4,11,47,60,183,3595,10986.0
148,1,13,22,77,136,4586,8191.0
149,10,3,34,69,122,4135,7378.0
150,3,2,71,63,171,3765,10266.0
151,4,9,72,64,166,3786,10010.0
152,3,16,40,78,159,4631,9588.0
153,16,20,69,70,145,4196,8748.0
154,10,8,61,84,162,5022,9725.0
155,14,8,41,79,148,4692,8911.0
156,12,6,20,80,147,4751,8857.0
157,5,1,53,73,221,4370,13271.0
158,9,2,15,79,175,4683,10519.0
159,3,8,53,74,181,4436,10918.0
160,11,15,28,61,122,3653,7346.0
161,18,4,69,73,192,4354,11556.0
162,12,19,50,75,186,4470,11180.0
163,1,17,53,66,176,3916,10614.0
164,9,18,60,78,199,4658,11940.0
165,11,1,28,75,139,4480,8385.0
166,9,3,60,59,145,3528,8719.0
167,10,2,18,82,195,4900,11722.0
168,20,3,64,76,129,4526,7755.0
169,18,8,33,78,173,4637,10401.0
170,9,7,63,74,175,4403,10504.0
171,6,5,64,75,148,4486,8929.0
172,6,2,74,67,176,3966,10586.0
173,9,6,40,82,132,4873,7959.0
174,1,10,65,75,144,4443,8694.0
175,3,7,19,58,174,3477,10498.0
176,20,1,73,83,192,4929,11564.0
177,13,7,63,62,161,3710,9694.0
178,13,11,29,75,196,4490,11762.0
179,16,12,53,74,173,4399,10384.0
180,14,20,67,88,183,5254,10985.0
181,17,14,40,51,152,3052,9163.0
182,13,16,17,66,146,3918,8781.0
183,9,5,35,74,169,4421,10166.0
184,18,1,28,67,148,3976,8899.0
185,3,13,44,80,162,4795,9761.0
186,19,11,30,76,105,4546,6342.0
187,14,16,24,73,197,4360,11874.0
188,15,16,37,65,150,3860,9009.0
189,11,19,48,68,123,4063,7409.0
190,15,7,35,69,109,4110,6556.0
191,1,12,15,73,173,4333,10395.0
192,9,1,19,63,169,3753,10166.0
193,12,3,39,65,121,3872,7281.0
194,10,18,35,70,186,4165,11210.0
195,4,13,60,69,182,4131,10943.0
196,5,6,53,70,171,4142,10313.0
197,1,16,36,81,153,4851,9203.0
198,7,2,73,86,182,5114,10962.0
199,2,8,15,82,154,4910,9241.0
horizon=223
