NODES,20
1,1,-,-
2,2,-,-
3,3,-,-
4,4,-,-
5,5,-,-
6,6,-,-
7,7,-,-
8,8,-,-
9,9,-,-
10,10,-,-
11,11,-,-
12,12,-,-
13,13,-,-
14,14,-,-
15,15,-,-
16,16,-,-
17,17,-,-
18,18,-,-
19,19,-,-
20,20,-,-
ARCS,294
0,1,12,1,1104,227,34,2008,2008.0
1,1,10,7,204,249,7,371,371.0
2,1,14,4,1031,262,32,1875,1875.0
3,1,3,4,596,297,19,1084,1084.0
4,1,2,1,668,345,21,1215,1215.0
5,1,11,2,1118,135,34,2033,2033.0
6,1,8,3,392,323,12,713,713.0
7,1,17,9,697,549,22,1268,1268.0
8,1,20,2,726,127,22,1320,1320.0
9,1,5,9,872,459,27,1586,1586.0
10,1,7,6,581,135,18,1057,1057.0
11,2,1,7,1293,537,40,2351,2351.0
12,2,7,9,1133,498,35,2060,2060.0
13,2,8,7,639,403,20,1162,1162.0
14,2,12,8,755,485,23,1373,1373.0
15,2,17,7,1365,352,42,2482,2482.0
16,2,19,2,755,536,23,1373,1373.0
17,2,18,2,407,247,13,740,740.0
18,2,4,8,712,320,22,1295,1295.0
19,2,5,2,1278,243,39,2324,2324.0
20,2,15,9,1191,529,37,2166,2166.0
21,2,6,4,886,440,27,1611,1611.0
22,2,11,4,1002,111,31,1822,1822.0
23,2,9,6,726,271,22,1320,1320.0
24,2,20,1,915,151,28,1664,1664.0
25,2,3,4,1002,283,31,1822,1822.0
26,3,17,7,1438,270,44,2615,2615.0
27,3,1,8,770,420,24,1400,1400.0
28,3,5,9,305,279,10,555,555.0
29,3,10,8,944,492,29,1717,1717.0
30,3,4,2,1118,524,34,2033,2033.0
31,3,9,2,1409,215,43,2562,2562.0
32,3,18,9,697,486,22,1268,1268.0
33,3,20,9,189,307,6,344,344.0
34,3,15,6,770,337,24,1400,1400.0
35,3,6,9,654,274,20,1190,1190.0
36,3,12,1,842,463,26,1531,1531.0
37,3,11,9,973,212,30,1770,1770.0
38,3,8,2,494,455,15,899,899.0
39,3,19,8,407,419,13,740,740.0
40,3,13,7,625,306,19,1137,1137.0
41,3,2,6,392,467,12,713,713.0
42,3,7,2,1234,131,38,2244,2244.0
43,4,6,7,886,116,27,1611,1611.0
44,4,15,6,1147,487,35,2086,2086.0
45,4,20,7,1380,508,42,2510,2510.0
46,4,9,2,146,163,5,266,266.0
47,4,10,6,451,484,14,820,820.0
48,4,13,2,552,539,17,1004,1004.0
49,4,14,5,421,142,13,766,766.0
50,4,7,2,1336,439,41,2430,2430.0
51,4,18,3,1307,527,40,2377,2377.0
52,4,19,2,755,480,23,1373,1373.0
53,4,11,2,915,322,28,1664,1664.0
54,4,1,3,1336,148,41,2430,2430.0
55,4,16,3,1423,215,44,2588,2588.0
56,4,17,4,436,177,14,793,793.0
57,4,5,3,1017,297,31,1850,1850.0
58,5,19,9,262,516,8,477,477.0
59,5,10,9,1176,261,36,2139,2139.0
60,5,14,5,1249,162,38,2271,2271.0
61,5,4,2,363,153,11,660,660.0
62,5,1,3,204,195,7,371,371.0
63,5,18,4,1017,227,31,1850,1850.0
64,5,11,1,1205,273,37,2191,2191.0
65,5,12,3,1220,282,37,2219,2219.0
66,5,13,7,1118,312,34,2033,2033.0
67,5,16,4,509,251,16,926,926.0
68,5,2,5,944,548,29,1717,1717.0
69,5,20,9,1336,113,41,2430,2430.0
70,5,3,9,247,217,8,450,450.0
71,5,6,5,741,402,23,1348,1348.0
72,5,17,1,901,122,28,1639,1639.0
73,5,7,3,930,349,29,1691,1691.0
74,6,20,7,218,420,7,397,397.0
75,6,3,7,639,240,20,1162,1162.0
76,6,19,1,1351,246,41,2457,2457.0
77,6,9,9,320,222,10,582,582.0
78,6,12,9,1017,216,31,1850,1850.0
79,6,7,1,1133,168,35,2060,2060.0
80,6,15,6,305,529,10,555,555.0
81,6,4,9,1046,391,32,1902,1902.0
82,6,13,4,1263,157,39,2297,2297.0
83,6,11,4,857,551,26,1559,1559.0
84,6,8,2,1176,157,36,2139,2139.0
85,6,2,3,451,290,14,820,820.0
86,6,5,9,291,200,9,530,530.0
87,6,18,7,973,453,30,1770,1770.0
88,6,1,6,930,199,29,1691,1691.0
89,6,10,5,1293,219,40,2351,2351.0
90,7,3,7,654,499,20,1190,1190.0
91,7,10,2,1220,268,37,2219,2219.0
92,7,11,4,1104,178,34,2008,2008.0
93,7,12,5,813,130,25,1479,1479.0
94,7,18,2,901,317,28,1639,1639.0
95,7,2,8,842,327,26,1531,1531.0
96,7,5,4,392,275,12,713,713.0
97,7,4,7,1191,136,37,2166,2166.0
98,7,14,4,218,318,7,397,397.0
99,7,8,5,799,398,25,1453,1453.0
100,7,13,7,857,520,26,1559,1559.0
101,7,6,8,349,373,11,635,635.0
102,7,17,3,1002,389,31,1822,1822.0
103,7,19,5,1394,394,43,2535,2535.0
104,8,15,3,567,133,18,1031,1031.0
105,8,6,3,407,232,13,740,740.0
106,8,11,3,901,176,28,1639,1639.0
107,8,14,3,799,551,25,1453,1453.0
108,8,5,1,407,233,13,740,740.0
109,8,9,1,697,223,22,1268,1268.0
110,8,19,1,842,168,26,1531,1531.0
111,8,20,2,233,432,8,424,424.0
112,8,18,3,668,168,21,1215,1215.0
113,8,3,8,683,159,21,1242,1242.0
114,8,13,7,1307,221,40,2377,2377.0
115,8,2,3,1191,217,37,2166,2166.0
116,8,16,3,320,506,10,582,582.0
117,8,4,4,799,529,25,1453,1453.0
118,8,12,1,451,216,14,820,820.0
119,9,20,1,1293,271,40,2351,2351.0
120,9,19,2,901,388,28,1639,1639.0
121,9,7,3,523,518,16,951,951.0
122,9,18,2,247,530,8,450,450.0
123,9,2,6,1220,201,37,2219,2219.0
124,9,16,3,625,485,19,1137,1137.0
125,9,12,7,363,375,11,660,660.0
126,9,1,1,915,258,28,1664,1664.0
127,9,5,8,1046,496,32,1902,1902.0
128,9,8,8,697,248,22,1268,1268.0
129,9,13,4,770,417,24,1400,1400.0
130,9,17,1,1409,210,43,2562,2562.0
131,9,4,4,1365,296,42,2482,2482.0
132,9,14,8,1423,131,44,2588,2588.0
133,9,3,6,1293,347,40,2351,2351.0
134,9,6,4,1089,444,33,1980,1980.0
135,9,15,3,552,314,17,1004,1004.0
136,9,11,9,1336,237,41,2430,2430.0
137,9,10,9,291,363,9,530,530.0
138,10,20,8,1423,517,44,2588,2588.0
139,10,5,1,1322,113,41,2404,2404.0
140,10,9,2,160,369,5,291,291.0
141,10,7,7,726,358,22,1320,1320.0
142,10,4,2,581,400,18,1057,1057.0
143,10,14,5,1365,547,42,2482,2482.0
144,10,1,5,480,384,15,873,873.0
145,10,19,7,1046,499,32,1902,1902.0
146,10,11,1,828,297,26,1506,1506.0
147,10,18,8,407,373,13,740,740.0
148,10,17,9,1220,129,37,2219,2219.0
149,10,3,3,1220,305,37,2219,2219.0
150,10,2,9,247,476,8,450,450.0
151,10,15,2,784,450,24,1426,1426.0
152,10,12,2,523,548,16,951,951.0
153,10,13,8,349,479,11,635,635.0
154,10,16,8,1017,303,31,1850,1850.0
155,11,9,5,1307,171,40,2377,2377.0
156,11,18,1,915,310,28,1664,1664.0
157,11,6,5,988,226,30,1797,1797.0
158,11,10,3,363,467,11,660,660.0
159,11,2,8,1293,312,40,2351,2351.0
160,11,3,7,378,338,12,688,688.0
161,11,4,7,1322,419,41,2404,2404.0
162,11,7,1,407,545,13,740,740.0
163,11,16,2,1307,281,40,2377,2377.0
164,11,8,3,1365,410,42,2482,2482.0
165,11,19,1,988,545,30,1797,1797.0
166,12,18,3,247,448,8,450,450.0
167,12,2,4,233,281,8,424,424.0
168,12,20,3,784,112,24,1426,1426.0
169,12,7,3,639,265,20,1162,1162.0
170,12,13,9,509,182,16,926,926.0
171,12,1,1,944,126,29,1717,1717.0
172,12,5,4,1278,482,39,2324,2324.0
173,12,9,4,1220,506,37,2219,2219.0
174,12,14,8,1075,508,33,1955,1955.0
175,12,11,5,189,531,6,344,344.0
176,12,17,9,494,523,15,899,899.0
177,12,6,6,697,112,22,1268,1268.0
178,12,4,6,654,401,20,1190,1190.0
179,12,15,1,1394,527,43,2535,2535.0
180,12,16,2,436,379,14,793,793.0
181,13,11,1,334,279,11,608,608.0
182,13,5,5,189,543,6,344,344.0
183,13,9,2,639,186,20,1162,1162.0
184,13,15,6,915,273,28,1664,1664.0
185,13,16,9,1176,355,36,2139,2139.0
186,13,19,5,1075,386,33,1955,1955.0
187,13,14,4,320,445,10,582,582.0
188,13,1,7,218,452,7,397,397.0
189,13,4,3,305,421,10,555,555.0
190,13,20,5,886,410,27,1611,1611.0
191,13,8,1,1336,137,41,2430,2430.0
192,13,7,3,1191,441,37,2166,2166.0
193,13,18,9,523,201,16,951,951.0
194,13,12,4,363,505,11,660,660.0
195,13,10,4,683,406,21,1242,1242.0
196,13,6,8,421,183,13,766,766.0
197,13,3,8,1293,243,40,2351,2351.0
198,13,17,9,799,470,25,1453,1453.0
199,13,2,5,305,412,10,555,555.0
200,14,13,3,1307,524,40,2377,2377.0
201,14,15,7,1278,201,39,2324,2324.0
202,14,17,1,596,482,19,1084,1084.0
203,14,18,6,1147,265,35,2086,2086.0
204,14,7,7,610,162,19,1110,1110.0
205,14,1,9,494,518,15,899,899.0
206,14,11,3,581,297,18,1057,1057.0
207,14,20,4,334,443,11,608,608.0
208,14,5,2,639,217,20,1162,1162.0
209,14,4,5,610,465,19,1110,1110.0
210,14,9,8,799,380,25,1453,1453.0
211,14,12,9,349,530,11,635,635.0
212,14,3,3,1060,524,33,1928,1928.0
213,14,16,4,1089,485,33,1980,1980.0
214,14,2,2,552,343,17,1004,1004.0
215,14,8,9,1293,518,40,2351,2351.0
216,15,16,4,436,490,14,793,793.0
217,15,8,5,146,114,5,266,266.0
218,15,20,2,1365,397,42,2482,2482.0
219,15,6,7,1046,547,32,1902,1902.0
220,15,5,4,1176,353,36,2139,2139.0
221,15,7,4,1060,352,33,1928,1928.0
222,15,10,2,1205,254,37,2191,2191.0
223,15,17,2,726,368,22,1320,1320.0
224,15,11,2,973,305,30,1770,1770.0
225,15,13,6,625,315,19,1137,1137.0
226,15,2,5,1031,177,32,1875,1875.0
227,15,9,1,276,520,9,502,502.0
228,15,4,1,552,381,17,1004,1004.0
229,15,1,7,552,416,17,1004,1004.0
230,15,18,1,262,254,8,477,477.0
231,15,12,1,567,146,18,1031,1031.0
232,15,3,7,1205,494,37,2191,2191.0
233,15,14,3,1205,246,37,2191,2191.0
234,15,19,9,610,525,19,1110,1110.0
235,16,11,1,668,546,21,1215,1215.0
236,16,12,2,567,162,18,1031,1031.0
237,16,4,7,175,147,6,319,319.0
238,16,13,7,1278,483,39,2324,2324.0
239,16,17,5,363,487,11,660,660.0
240,16,8,4,886,167,27,1611,1611.0
241,16,14,8,959,337,30,1744,1744.0
242,16,20,2,436,503,14,793,793.0
243,16,2,8,886,260,27,1611,1611.0
244,16,5,3,421,440,13,766,766.0
245,16,10,1,639,495,20,1162,1162.0
246,16,19,9,828,326,26,1506,1506.0
247,16,1,8,276,180,9,502,502.0
248,17,14,3,1336,399,41,2430,2430.0
249,17,3,2,639,367,20,1162,1162.0
250,17,13,2,465,382,15,846,846.0
251,17,1,9,1147,507,35,2086,2086.0
252,17,9,5,465,516,15,846,846.0
253,17,4,4,523,536,16,951,951.0
254,17,8,6,596,282,19,1084,1084.0
255,17,20,8,1394,142,43,2535,2535.0
256,17,15,7,378,195,12,688,688.0
257,17,2,4,262,226,8,477,477.0
258,17,18,2,509,451,16,926,926.0
259,18,19,6,262,371,8,477,477.0
260,18,17,4,1075,114,33,1955,1955.0
261,18,20,8,421,518,13,766,766.0
262,18,12,7,1380,315,42,2510,2510.0
263,18,7,8,1046,182,32,1902,1902.0
264,18,13,5,857,540,26,1559,1559.0
265,18,9,7,523,327,16,951,951.0
266,18,2,2,755,239,23,1373,1373.0
267,18,5,5,480,281,15,873,873.0
268,18,3,9,1031,374,32,1875,1875.0
269,18,6,9,1162,297,36,2113,2113.0
270,18,15,4,349,247,11,635,635.0
271,18,14,1,581,290,18,1057,1057.0
272,18,1,1,1147,326,35,2086,2086.0
273,19,15,6,1293,480,40,2351,2351.0
274,19,4,7,146,264,5,266,266.0
275,19,7,4,1205,388,37,2191,2191.0
276,19,13,8,1394,523,43,2535,2535.0
277,19,20,9,654,285,20,1190,1190.0
278,19,17,8,1002,232,31,1822,1822.0
279,19,9,5,1278,285,39,2324,2324.0
280,19,16,7,509,227,16,926,926.0
281,19,5,1,1307,392,40,2377,2377.0
282,19,3,7,421,548,13,766,766.0
283,20,11,4,1220,308,37,2219,2219.0
284,20,15,9,1147,134,35,2086,2086.0
285,20,10,1,625,205,19,1137,1137.0
286,20,1,1,175,454,6,319,319.0
287,20,19,5,247,518,8,450,450.0
288,20,17,5,378,488,12,688,688.0
289,20,2,8,1147,273,35,2086,2086.0
290,20,6,1,828,380,26,1506,1506.0
291,20,8,8,1322,329,41,2404,2404.0
292,20,7,8,233,184,8,424,424.0
293,20,18,6,523,341,16,951,951.0
COMMODITIES,200
0,7,2,44,21,52,1202,3121.0
1,10,5,34,22,44,1268,2688.0
2,8,4,18,20,45,1179,2718.0
3,13,5,59,19,31,1092,1871.0
4,1,11,47,22,56,1271,3397.0
5,5,7,44,20,46,1154,2779.0
6,10,19,38,21,50,1211,3020.0
7,18,2,74,16,49,925,2942.0
8,8,18,46,19,46,1117,2803.0
9,11,10,16,19,37,1131,2261.0
10,19,2,47,18,48,1037,2916.0
11,1,14,19,21,52,1210,3138.0
12,8,1,57,18,40,1024,2433.0
13,15,8,24,20,31,1142,1904.0
14,10,3,18,19,52,1137,3158.0
15,5,14,26,16,49,934,2971.0
16,20,17,16,20,38,1148,2300.0
17,11,8,38,19,53,1105,3231.0
18,12,9,25,18,44,1032,2688.0
19,19,18,36,22,46,1307,2803.0
20,5,17,60,16,48,951,2933.0
21,15,18,46,21,39,1208,2368.0
22,8,17,56,20,46,1200,2785.0
23,7,12,46,19,45,1133,2705.0
24,20,11,17,20,58,1193,3501.0
25,2,10,17,16,56,912,3418.0
26,20,12,45,19,51,1083,3064.0
27,4,11,21,17,45,1015,2730.0
28,19,20,56,18,46,1071,2779.0
29,10,6,66,19,53,1113,3213.0
30,18,16,58,21,55,1227,3321.0
31,14,13,55,17,51,1014,3095.0
32,5,16,52,18,41,1060,2496.0
33,13,3,72,17,38,982,2320.0
34,20,7,32,20,36,1168,2162.0
35,11,17,65,19,53,1084,3238.0
36,11,19,30,17,48,973,2936.0
37,12,14,48,20,52,1171,3179.0
38,7,18,47,19,53,1127,3193.0
39,9,10,19,17,33,1015,2002.0
40,20,16,62,21,53,1228,3188.0
41,6,19,46,18,41,1064,2473.0
42,16,14,46,18,45,1033,2749.0
43,17,16,38,17,50,981,3021.0
44,10,17,32,18,57,1056,3425.0
45,18,10,37,19,51,1133,3060.0
46,1,10,58,20,35,1200,2158.0
47,11,13,59,20,51,1194,3071.0
48,1,3,58,20,43,1141,2628.0
49,10,15,34,20,49,1155,2943.0
50,19,16,19,20,44,1151,2661.0
51,17,19,52,22,53,1319,3204.0
52,8,7,54,21,43,1203,2629.0
53,4,17,59,17,36,995,2192.0
54,3,17,74,19,44,1082,2647.0
55,7,17,22,17,48,963,2906.0
56,15,17,30,18,47,1069,2879.0
57,4,2,42,18,47,1030,2848.0
58,14,2,65,19,44,1121,2650.0
59,13,8,53,20,46,1179,2785.0
60,16,6,30,16,56,933,3398.0
61,19,1,52,20,52,1156,3157.0
62,6,16,60,16,46,936,2809.0
63,2,13,55,19,65,1121,3911.0
64,1,12,53,21,51,1206,3096.0
65,5,3,52,19,32,1128,1964.0
66,13,9,69,19,42,1097,2558.0
67,15,16,62,24,45,1392,2720.0
68,1,16,33,15,47,849,2847.0
69,15,5,57,14,38,786,2280.0
70,2,14,25,20,59,1186,3558.0
71,17,18,34,20,45,1153,2720.0
72,15,11,44,20,51,1188,3066.0
73,6,20,61,21,37,1237,2244.0
74,17,3,23,22,50,1275,3022.0
75,19,6,21,18,58,1054,3481.0
76,12,11,28,20,31,1148,1911.0
77,14,18,33,17,43,1008,2590.0
78,2,9,59,19,49,1086,2954.0
79,8,9,25,17,45,993,2748.0
80,7,8,59,16,47,912,2822.0
81,13,18,52,19,42,1094,2552.0
82,15,2,26,16,48,909,2888.0
83,18,12,29,19,57,1128,3447.0
84,9,11,50,21,47,1253,2846.0
85,7,9,29,21,50,1221,3010.0
86,18,3,21,19,48,1104,2883.0
87,4,15,68,18,47,1047,2828.0
88,6,9,45,19,39,1108,2370.0
89,15,20,33,21,44,1218,2693.0
90,10,16,41,17,48,1018,2917.0
91,9,7,30,18,43,1049,2621.0
92,1,7,29,19,46,1100,2771.0
93,2,20,16,17,50,1015,3048.0
94,20,13,23,20,51,1189,3113.0
95,17,8,73,19,41,1114,2506.0
96,1,13,20,16,41,908,2490.0
97,3,8,19,19,43,1110,2580.0
98,19,14,51,22,49,1306,2958.0
99,16,20,50,18,40,1039,2405.0
100,7,6,38,21,39,1230,2370.0
101,13,11,20,21,41,1246,2503.0
102,13,10,45,19,43,1098,2623.0
103,18,5,42,18,40,1062,2417.0
104,12,15,46,19,46,1082,2797.0
105,14,9,26,17,47,1000,2879.0
106,11,7,35,19,37,1108,2256.0
107,2,16,25,18,55,1023,3320.0
108,20,5,35,20,44,1190,2691.0
109,12,18,47,20,33,1179,2036.0
110,20,15,50,19,50,1132,3041.0
111,16,13,70,17,48,1020,2895.0
112,12,5,23,21,51,1205,3070.0
113,18,14,25,21,47,1253,2825.0
114,4,7,57,18,48,1033,2933.0
115,18,13,69,20,55,1187,3339.0
116,6,8,29,19,41,1130,2500.0
117,6,5,26,18,39,1065,2355.0
118,19,13,45,17,46,1002,2771.0
119,2,7,29,20,63,1184,3792.0
120,9,15,67,15,40,892,2437.0
121,20,3,15,22,50,1264,3019.0
122,16,10,41,23,46,1327,2778.0
123,19,15,41,21,52,1248,3170.0
124,16,4,33,18,33,1058,2031.0
125,15,7,28,23,52,1343,3140.0
126,13,2,71,15,35,853,2101.0
127,13,19,45,18,42,1078,2528.0
128,20,6,31,21,48,1259,2933.0
129,4,19,30,20,47,1158,2869.0
130,8,3,40,20,48,1189,2900.0
131,16,19,42,20,51,1194,3094.0
132,13,7,70,17,50,981,3035.0
133,5,20,62,20,42,1175,2520.0
134,15,4,44,19,42,1139,2572.0
135,13,1,54,18,35,1045,2117.0
136,20,4,54,21,40,1237,2406.0
137,16,2,31,19,45,1092,2755.0
138,8,11,52,18,47,1073,2847.0
139,4,1,23,19,51,1113,3094.0
140,2,18,32,18,39,1027,2398.0
141,13,15,53,17,48,1005,2925.0
142,1,17,17,18,46,1043,2799.0
143,16,15,33,23,56,1374,3376.0
144,15,1,53,18,43,1039,2595.0
145,15,12,70,16,39,945,2387.0
146,6,15,15,18,34,1070,2051.0
147,12,20,20,16,44,911,2677.0
148,1,2,71,22,46,1264,2784.0
149,5,8,73,19,43,1117,2594.0
150,5,18,59,18,49,1080,2956.0
151,17,20,68,23,56,1353,3375.0
152,17,7,27,18,56,1046,3409.0
153,6,3,72,21,45,1214,2747.0
154,20,19,60,19,35,1129,2140.0
155,5,6,36,19,51,1115,3071.0
156,1,15,41,18,52,1063,3144.0
157,8,20,30,19,33,1130,2007.0
158,20,9,62,19,42,1085,2526.0
159,3,16,62,18,49,1053,2981.0
160,6,17,60,20,47,1175,2834.0
161,2,4,24,18,47,1022,2863.0
162,7,10,18,23,55,1327,3333.0
163,3,11,48,21,56,1206,3402.0
164,13,20,31,22,51,1287,3073.0
165,15,9,23,21,37,1214,2236.0
166,13,12,64,19,37,1123,2264.0
167,12,4,31,18,49,1049,2942.0
168,4,6,16,23,56,1322,3418.0
169,17,13,54,20,42,1181,2558.0
170,1,6,46,22,53,1275,3195.0
171,11,14,58,20,49,1199,2956.0
172,3,10,39,17,45,1011,2749.0
173,20,10,15,17,38,982,2310.0
174,8,10,50,23,49,1343,2986.0
175,15,14,71,18,51,1068,3075.0
176,2,17,71,19,59,1111,3576.0
177,18,9,37,22,47,1265,2879.0
178,9,4,31,22,52,1270,3132.0
179,17,2,62,18,34,1057,2073.0
180,12,1,68,21,51,1229,3104.0
181,5,11,45,16,58,960,3502.0
182,15,3,23,19,51,1124,3096.0
183,6,7,49,20,41,1184,2464.0
184,7,15,65,16,44,931,2653.0
185,5,4,47,22,40,1279,2413.0
186,13,4,21,21,37,1227,2240.0
187,6,10,25,19,47,1121,2852.0
188,18,19,21,19,33,1099,2037.0
189,11,6,19,20,52,1151,3178.0
190,4,13,65,21,43,1212,2614.0
191,8,13,70,19,60,1098,3647.0
192,11,16,53,20,62,1141,3755.0
193,12,2,22,21,36,1226,2172.0
194,8,16,43,22,39,1263,2368.0
195,20,1,47,17,31,964,1872.0
196,8,6,27,22,42,1276,2528.0
197,11,20,51,24,52,1414,3163.0
198,17,15,19,18,40,1062,2407.0
199,4,20,20,23,57,1324,3460.0
horizon=65
