NODES,20
1,1,-,-
2,2,-,-
3,3,-,-
4,4,-,-
5,5,-,-
6,6,-,-
7,7,-,-
8,8,-,-
9,9,-,-
10,10,-,-
11,11,-,-
12,12,-,-
13,13,-,-
14,14,-,-
15,15,-,-
16,16,-,-
17,17,-,-
18,18,-,-
19,19,-,-
20,20,-,-
ARCS,292
0,1,8,3,2077,173,63,3777,3777.0
1,1,13,6,1144,290,35,2080,2080.0
2,1,4,7,2950,192,90,5364,5364.0
3,1,7,6,903,386,28,1642,1642.0
4,1,16,7,933,366,29,1697,1697.0
5,1,15,9,1626,361,50,2957,2957.0
6,1,17,3,2167,532,66,3940,3940.0
7,1,9,3,2739,577,83,4980,4980.0
8,1,2,3,2167,191,66,3940,3940.0
9,1,11,7,1927,487,59,3504,3504.0
10,1,18,6,1204,421,37,2190,2190.0
11,1,12,9,2829,343,86,5144,5144.0
12,1,10,5,1656,513,51,3011,3011.0
13,1,20,9,2167,397,66,3940,3940.0
14,1,5,1,602,312,19,1095,1095.0
15,1,19,3,452,223,14,822,822.0
16,1,14,7,1295,174,40,2355,2355.0
17,2,4,5,2829,568,86,5144,5144.0
18,2,5,5,1626,420,50,2957,2957.0
19,2,11,3,1565,434,48,2846,2846.0
20,2,1,5,2589,470,79,4708,4708.0
21,2,16,5,2047,573,63,3722,3722.0
22,2,6,3,2558,298,78,4651,4651.0
23,2,14,3,452,558,14,822,822.0
24,2,7,7,2348,168,72,4270,4270.0
25,2,10,7,1355,565,42,2464,2464.0
26,2,15,4,1776,272,54,3230,3230.0
27,2,9,2,1565,398,48,2846,2846.0
28,2,13,4,1295,383,40,2355,2355.0
29,2,12,2,2498,472,76,4542,4542.0
30,2,8,7,2348,202,72,4270,4270.0
31,2,17,2,1686,273,52,3066,3066.0
32,3,8,2,482,266,15,877,877.0
33,3,13,5,1896,135,58,3448,3448.0
34,3,15,4,362,307,11,659,659.0
35,3,7,2,1295,481,40,2355,2355.0
36,3,17,1,512,573,16,931,931.0
37,3,6,3,2528,291,77,4597,4597.0
38,3,10,3,2558,566,78,4651,4651.0
39,3,18,3,1475,266,45,2682,2682.0
40,3,9,7,301,170,10,548,548.0
41,3,1,3,1445,527,44,2628,2628.0
42,3,5,5,1445,162,44,2628,2628.0
43,3,20,5,2829,124,86,5144,5144.0
44,3,2,2,1716,180,52,3120,3120.0
45,3,12,5,1475,469,45,2682,2682.0
46,3,19,7,2378,145,73,4324,4324.0
47,3,4,9,783,487,24,1424,1424.0
48,3,14,9,1927,507,59,3504,3504.0
49,4,5,1,2528,607,77,4597,4597.0
50,4,12,1,1896,483,58,3448,3448.0
51,4,17,7,542,219,17,986,986.0
52,4,15,4,2107,414,64,3831,3831.0
53,4,7,1,1535,502,47,2791,2791.0
54,4,8,8,1114,252,34,2026,2026.0
55,4,19,9,2920,211,89,5310,5310.0
56,4,6,3,663,153,21,1206,1206.0
57,4,1,5,2829,476,86,5144,5144.0
58,4,16,8,2859,265,87,5199,5199.0
59,4,11,1,2679,203,82,4871,4871.0
60,4,18,7,1686,489,52,3066,3066.0
61,4,3,5,1325,161,41,2410,2410.0
62,4,10,2,1836,271,56,3339,3339.0
63,4,14,2,2288,450,70,4160,4160.0
64,5,15,4,1776,179,54,3230,3230.0
65,5,12,1,1325,261,41,2410,2410.0
66,5,14,4,2077,518,63,3777,3777.0
67,5,16,2,2498,432,76,4542,4542.0
68,5,10,5,1776,312,54,3230,3230.0
69,5,19,2,2348,381,72,4270,4270.0
70,5,4,2,2017,243,62,3668,3668.0
71,5,20,2,2498,477,76,4542,4542.0
72,5,6,6,2047,190,63,3722,3722.0
73,5,13,9,2378,257,73,4324,4324.0
74,5,1,5,2017,555,62,3668,3668.0
75,5,2,3,1445,346,44,2628,2628.0
76,5,3,2,2619,526,80,4762,4762.0
77,5,9,1,1204,208,37,2190,2190.0
78,6,15,4,2799,318,85,5090,5090.0
79,6,5,4,1144,436,35,2080,2080.0
80,6,4,5,2107,219,64,3831,3831.0
81,6,7,8,1385,137,42,2519,2519.0
82,6,11,1,542,392,17,986,986.0
83,6,14,8,2679,450,82,4871,4871.0
84,6,1,1,1415,573,43,2573,2573.0
85,6,17,2,1355,357,42,2464,2464.0
86,6,2,4,843,597,26,1533,1533.0
87,6,3,9,2769,427,84,5035,5035.0
88,6,12,6,2348,392,72,4270,4270.0
89,6,20,2,362,577,11,659,659.0
90,6,18,2,2077,205,63,3777,3777.0
91,6,13,7,2227,387,68,4050,4050.0
92,6,16,2,332,228,11,604,604.0
93,6,10,1,2890,361,88,5255,5255.0
94,7,20,4,1836,125,56,3339,3339.0
95,7,4,5,2288,133,70,4160,4160.0
96,7,19,3,2589,488,79,4708,4708.0
97,7,3,1,2739,232,83,4980,4980.0
98,7,15,6,1385,355,42,2519,2519.0
99,7,16,5,2227,527,68,4050,4050.0
100,7,10,3,873,351,27,1588,1588.0
101,7,6,6,2589,326,79,4708,4708.0
102,7,8,4,2318,423,71,4215,4215.0
103,7,2,6,2589,593,79,4708,4708.0
104,8,9,8,542,552,17,986,986.0
105,8,10,5,2920,608,89,5310,5310.0
106,8,3,7,2348,139,72,4270,4270.0
107,8,11,2,482,591,15,877,877.0
108,8,1,2,723,497,22,1315,1315.0
109,8,2,4,2829,136,86,5144,5144.0
110,8,20,7,2167,250,66,3940,3940.0
111,8,19,9,1385,531,42,2519,2519.0
112,8,4,6,1114,301,34,2026,2026.0
113,8,15,2,2378,487,73,4324,4324.0
114,8,18,3,693,547,21,1260,1260.0
115,8,14,3,1957,520,60,3559,3559.0
116,8,12,3,723,548,22,1315,1315.0
117,9,14,1,2799,436,85,5090,5090.0
118,9,7,8,1866,265,57,3393,3393.0
119,9,19,9,1475,318,45,2682,2682.0
120,9,13,5,1084,442,33,1971,1971.0
121,9,11,3,1355,427,42,2464,2464.0
122,9,20,4,873,472,27,1588,1588.0
123,9,1,3,2438,608,74,4433,4433.0
124,9,10,2,1626,541,50,2957,2957.0
125,9,8,3,1054,388,32,1917,1917.0
126,9,12,2,2318,599,71,4215,4215.0
127,9,4,8,2438,221,74,4433,4433.0
128,9,15,6,1746,518,53,3175,3175.0
129,9,5,3,2980,371,91,5419,5419.0
130,9,3,8,1776,280,54,3230,3230.0
131,9,17,2,1896,378,58,3448,3448.0
132,10,9,2,301,125,10,548,548.0
133,10,12,5,723,463,22,1315,1315.0
134,10,2,9,663,157,21,1206,1206.0
135,10,5,3,843,350,26,1533,1533.0
136,10,16,2,2709,508,83,4926,4926.0
137,10,18,2,2709,529,83,4926,4926.0
138,10,19,1,2378,207,73,4324,4324.0
139,10,8,9,301,290,10,548,548.0
140,10,3,2,903,595,28,1642,1642.0
141,10,15,1,933,290,29,1697,1697.0
142,10,4,3,2408,461,73,4379,4379.0
143,10,14,4,2258,268,69,4106,4106.0
144,10,7,9,482,419,15,877,877.0
145,11,12,4,482,167,15,877,877.0
146,11,6,2,1415,432,43,2573,2573.0
147,11,16,7,452,571,14,822,822.0
148,11,8,3,1896,410,58,3448,3448.0
149,11,3,7,1114,219,34,2026,2026.0
150,11,17,4,2047,249,63,3722,3722.0
151,11,20,1,2348,147,72,4270,4270.0
152,11,2,5,1656,349,51,3011,3011.0
153,11,9,9,1264,354,39,2299,2299.0
154,11,13,9,2107,420,64,3831,3831.0
155,11,5,6,1234,152,38,2244,2244.0
156,12,13,7,2950,260,90,5364,5364.0
157,12,11,2,1806,527,55,3284,3284.0
158,12,14,8,392,500,12,713,713.0
159,12,19,3,2468,540,75,4488,4488.0
160,12,4,3,1415,162,43,2573,2573.0
161,12,20,5,964,327,30,1753,1753.0
162,12,17,7,2318,598,71,4215,4215.0
163,12,16,4,2950,240,90,5364,5364.0
164,12,8,2,2197,430,67,3995,3995.0
165,12,10,9,2920,472,89,5310,5310.0
166,12,18,9,332,310,11,604,604.0
167,12,15,1,1264,557,39,2299,2299.0
168,12,5,1,843,492,26,1533,1533.0
169,12,1,2,843,431,26,1533,1533.0
170,12,2,5,2017,553,62,3668,3668.0
171,12,3,6,2890,590,88,5255,5255.0
172,12,7,8,512,222,16,931,931.0
173,12,6,8,1746,307,53,3175,3175.0
174,12,9,2,1325,243,41,2410,2410.0
175,13,17,8,2528,190,77,4597,4597.0
176,13,3,4,2167,318,66,3940,3940.0
177,13,14,7,301,492,10,548,548.0
178,13,12,9,1565,247,48,2846,2846.0
179,13,19,7,1896,217,58,3448,3448.0
180,13,7,1,2649,128,81,4817,4817.0
181,13,9,8,2408,249,73,4379,4379.0
182,13,18,1,783,394,24,1424,1424.0
183,13,10,1,2348,543,72,4270,4270.0
184,13,5,4,2679,544,82,4871,4871.0
185,13,16,7,1716,312,52,3120,3120.0
186,13,2,3,1234,151,38,2244,2244.0
187,13,8,6,1445,412,44,2628,2628.0
188,13,20,7,2799,216,85,5090,5090.0
189,13,4,2,1234,393,38,2244,2244.0
190,13,6,9,2498,151,76,4542,4542.0
191,14,9,6,1656,437,51,3011,3011.0
192,14,3,1,1505,247,46,2737,2737.0
193,14,11,2,1204,608,37,2190,2190.0
194,14,1,3,2799,432,85,5090,5090.0
195,14,7,1,2077,239,63,3777,3777.0
196,14,17,7,994,211,31,1808,1808.0
197,14,10,9,1565,150,48,2846,2846.0
198,14,6,9,572,580,18,1040,1040.0
199,14,8,2,1716,345,52,3120,3120.0
200,14,16,5,2769,126,84,5035,5035.0
201,14,18,8,813,425,25,1479,1479.0
202,14,20,6,1385,508,42,2519,2519.0
203,14,13,6,964,555,30,1753,1753.0
204,14,15,4,2619,530,80,4762,4762.0
205,15,2,9,1144,566,35,2080,2080.0
206,15,20,7,933,566,29,1697,1697.0
207,15,11,9,2318,455,71,4215,4215.0
208,15,3,6,1776,414,54,3230,3230.0
209,15,18,2,1716,273,52,3120,3120.0
210,15,8,8,1234,412,38,2244,2244.0
211,15,14,3,1385,505,42,2519,2519.0
212,15,12,8,753,185,23,1370,1370.0
213,15,4,7,2739,337,83,4980,4980.0
214,15,16,7,2348,196,72,4270,4270.0
215,15,6,6,2859,362,87,5199,5199.0
216,15,19,2,2167,476,66,3940,3940.0
217,15,5,2,1475,463,45,2682,2682.0
218,15,17,7,1295,571,40,2355,2355.0
219,15,7,8,2408,340,73,4379,4379.0
220,16,11,6,2438,406,74,4433,4433.0
221,16,9,5,2649,573,81,4817,4817.0
222,16,8,3,1295,324,40,2355,2355.0
223,16,18,7,1866,465,57,3393,3393.0
224,16,12,4,1385,130,42,2519,2519.0
225,16,19,7,843,537,26,1533,1533.0
226,16,1,1,2619,438,80,4762,4762.0
227,16,13,4,2739,551,83,4980,4980.0
228,16,2,6,1355,332,42,2464,2464.0
229,17,11,8,1084,199,33,1971,1971.0
230,17,8,6,2950,526,90,5364,5364.0
231,17,13,2,1054,379,32,1917,1917.0
232,17,2,9,2288,335,70,4160,4160.0
233,17,20,8,2709,441,83,4926,4926.0
234,17,9,6,1716,546,52,3120,3120.0
235,17,3,2,1385,151,42,2519,2519.0
236,17,7,2,873,459,27,1588,1588.0
237,17,6,1,2920,571,89,5310,5310.0
238,17,12,4,392,235,12,713,713.0
239,17,4,1,1505,147,46,2737,2737.0
240,17,15,3,332,250,11,604,604.0
241,17,16,6,572,461,18,1040,1040.0
242,17,10,2,1565,439,48,2846,2846.0
243,17,1,7,1927,416,59,3504,3504.0
244,17,19,8,2468,443,75,4488,4488.0
245,18,17,1,1445,359,44,2628,2628.0
246,18,9,3,2980,140,91,5419,5419.0
247,18,6,3,2077,455,63,3777,3777.0
248,18,4,3,2318,309,71,4215,4215.0
249,18,13,8,1445,331,44,2628,2628.0
250,18,7,3,2619,397,80,4762,4762.0
251,18,16,5,1927,510,59,3504,3504.0
252,18,5,7,843,232,26,1533,1533.0
253,18,8,4,873,552,27,1588,1588.0
254,18,19,6,1445,577,44,2628,2628.0
255,18,11,9,2769,481,84,5035,5035.0
256,18,20,4,1626,508,50,2957,2957.0
257,18,2,6,2859,456,87,5199,5199.0
258,18,1,8,2920,448,89,5310,5310.0
259,18,14,2,1475,551,45,2682,2682.0
260,18,10,4,2920,603,89,5310,5310.0
261,18,3,9,1174,464,36,2135,2135.0
262,18,15,4,2649,312,81,4817,4817.0
263,19,8,2,2649,170,81,4817,4817.0
264,19,1,9,512,378,16,931,931.0
265,19,2,7,1264,344,39,2299,2299.0
266,19,18,8,2859,537,87,5199,5199.0
267,19,7,2,2980,223,91,5419,5419.0
268,19,13,5,2679,604,82,4871,4871.0
269,19,17,5,2829,458,86,5144,5144.0
270,19,15,2,2438,277,74,4433,4433.0
271,19,10,8,2227,540,68,4050,4050.0
272,19,20,1,602,493,19,1095,1095.0
273,19,14,4,2348,455,72,4270,4270.0
274,19,9,7,1174,294,36,2135,2135.0
275,19,12,6,1174,372,36,2135,2135.0
276,20,15,3,1264,456,39,2299,2299.0
277,20,12,8,2197,498,67,3995,3995.0
278,20,18,2,2197,412,67,3995,3995.0
279,20,11,5,1355,184,42,2464,2464.0
280,20,14,4,964,293,30,1753,1753.0
281,20,4,7,2498,190,76,4542,4542.0
282,20,3,7,2318,280,71,4215,4215.0
283,20,1,7,2288,223,70,4160,4160.0
284,20,13,4,693,307,21,1260,1260.0
285,20,19,2,512,290,16,931,931.0
286,20,8,5,2047,255,63,3722,3722.0
287,20,9,6,2137,137,65,3886,3886.0
288,20,16,2,602,299,19,1095,1095.0
289,20,5,6,2769,552,84,5035,5035.0
290,20,7,8,2950,467,90,5364,5364.0
291,20,10,1,2227,161,68,4050,4050.0
COMMODITIES,200
0,3,12,58,70,109,4191,6591.0
1,3,11,54,56,94,3319,5682.0
2,10,13,74,41,90,2447,5423.0
3,6,12,22,51,89,3056,5374.0
4,20,5,57,49,103,2897,6202.0
5,5,4,24,41,113,2408,6792.0
6,13,11,30,61,111,3603,6691.0
7,3,17,39,62,88,3667,5318.0
8,10,1,25,65,107,3842,6439.0
9,11,13,15,49,113,2900,6809.0
10,19,13,49,27,76,1604,4566.0
11,3,7,74,24,73,1401,4432.0
12,9,14,60,32,82,1890,4930.0
13,9,1,55,35,99,2046,5957.0
14,4,2,64,65,123,3851,7392.0
15,1,12,48,49,110,2922,6619.0
16,20,18,47,42,98,2483,5896.0
17,13,3,69,70,135,4161,8152.0
18,1,20,65,23,66,1376,3963.0
19,20,3,34,44,126,2594,7574.0
20,13,16,35,47,91,2779,5491.0
21,19,10,23,14,89,835,5365.0
22,19,11,70,22,92,1265,5539.0
23,15,3,16,37,102,2186,6173.0
24,5,14,56,41,103,2410,6211.0
25,3,15,15,31,53,1814,3238.0
26,18,10,20,15,101,898,6115.0
27,19,8,31,48,127,2845,7673.0
28,4,19,44,64,119,3812,7168.0
29,1,3,45,36,121,2152,7273.0
30,9,18,68,27,89,1603,5386.0
31,15,9,35,30,94,1779,5649.0
32,18,17,58,53,111,3147,6680.0
33,19,4,65,28,118,1650,7130.0
34,20,6,19,36,91,2133,5515.0
35,3,2,28,17,74,969,4487.0
36,5,15,28,51,116,3024,6989.0
37,8,5,48,39,93,2326,5621.0
38,15,20,69,35,75,2094,4507.0
39,17,12,35,43,63,2524,3839.0
40,12,5,64,36,75,2148,4553.0
41,20,10,34,33,111,1971,6662.0
42,14,11,29,44,88,2613,5328.0
43,15,14,37,55,101,3264,6107.0
44,1,6,60,39,106,2336,6412.0
45,4,10,71,41,106,2413,6402.0
46,20,12,56,52,114,3107,6867.0
47,11,4,55,59,128,3485,7681.0
48,13,18,59,37,69,2183,4161.0
49,19,17,23,52,140,3105,8436.0
50,4,11,56,58,104,3461,6264.0
51,19,14,30,56,113,3304,6788.0
52,19,7,49,50,101,2959,6105.0
53,3,4,27,62,97,3708,5824.0
54,5,7,33,34,100,1984,6029.0
55,19,3,70,24,114,1399,6858.0
56,12,1,66,26,62,1548,3769.0
57,7,17,63,50,131,2948,7912.0
58,16,8,42,64,112,3828,6751.0
59,9,8,49,49,91,2931,5460.0
60,3,9,59,18,37,1052,2262.0
61,10,15,74,54,92,3195,5576.0
62,8,19,67,64,109,3813,6560.0
63,4,7,74,35,88,2096,5339.0
64,2,6,25,55,96,3287,5761.0
65,13,1,46,31,104,1846,6270.0
66,7,13,50,45,126,2651,7589.0
67,19,5,65,45,90,2657,5450.0
68,7,3,24,39,103,2289,6190.0
69,6,8,62,30,89,1759,5352.0
70,6,15,62,50,107,2944,6441.0
71,16,14,58,57,121,3399,7264.0
72,19,2,28,38,86,2231,5204.0
73,17,2,53,85,140,5051,8440.0
74,4,8,62,12,54,683,3251.0
75,2,3,50,46,120,2739,7218.0
76,17,20,39,56,105,3332,6342.0
77,5,12,64,30,79,1779,4778.0
78,8,10,62,37,109,2197,6551.0
79,6,5,22,30,75,1798,4513.0
80,4,13,15,41,99,2411,5972.0
81,15,12,70,40,75,2369,4519.0
82,1,17,54,45,123,2642,7422.0
83,7,14,48,31,103,1826,6194.0
84,3,5,41,60,111,3582,6716.0
85,12,11,49,43,97,2524,5823.0
86,11,17,29,50,107,2984,6471.0
87,17,19,57,43,97,2568,5864.0
88,1,5,52,52,80,3108,4854.0
89,14,12,27,45,98,2691,5903.0
90,4,16,32,42,81,2468,4910.0
91,15,5,48,46,101,2712,6075.0
92,1,7,27,47,87,2775,5248.0
93,11,6,48,58,112,3479,6777.0
94,18,7,40,60,132,3548,7926.0
95,8,14,29,28,73,1675,4397.0
96,12,10,44,50,102,2997,6120.0
97,14,19,49,62,116,3697,6983.0
98,18,11,21,30,81,1795,4889.0
99,13,10,59,29,94,1732,5691.0
100,13,7,50,59,131,3514,7907.0
101,12,13,39,34,84,2018,5079.0
102,19,20,68,67,95,3985,5748.0
103,4,3,67,45,93,2673,5638.0
104,13,6,19,37,75,2171,4533.0
105,19,6,32,67,143,4002,8626.0
106,14,13,67,53,91,3169,5511.0
107,19,12,45,53,98,3151,5882.0
108,16,18,29,19,79,1081,4749.0
109,9,4,44,55,132,3276,7924.0
110,4,18,50,45,92,2657,5540.0
111,16,9,70,20,89,1176,5373.0
112,16,10,59,58,152,3421,9134.0
113,9,11,40,42,90,2508,5427.0
114,7,2,52,32,89,1893,5343.0
115,9,10,47,39,99,2313,5995.0
116,14,18,59,65,97,3854,5838.0
117,5,18,59,53,112,3166,6720.0
118,14,2,31,17,72,1005,4368.0
119,19,18,18,27,86,1585,5214.0
120,5,11,52,32,121,1882,7308.0
121,18,13,18,62,115,3690,6918.0
122,6,13,54,37,80,2167,4846.0
123,12,6,29,23,62,1334,3773.0
124,8,15,46,40,111,2362,6672.0
125,7,5,73,51,114,3030,6856.0
126,6,20,39,44,65,2620,3910.0
127,17,3,68,38,91,2259,5507.0
128,8,4,73,39,85,2312,5142.0
129,12,18,71,63,83,3773,5038.0
130,2,14,30,29,57,1729,3446.0
131,11,16,23,36,62,2123,3722.0
132,20,15,74,31,77,1828,4650.0
133,9,6,73,62,131,3675,7878.0
134,4,12,59,70,108,4150,6525.0
135,16,4,68,36,115,2105,6956.0
136,13,8,67,39,93,2318,5603.0
137,17,9,36,19,81,1124,4870.0
138,18,6,48,27,99,1565,5979.0
139,6,19,56,50,86,2971,5169.0
140,5,1,61,60,130,3547,7845.0
141,3,14,51,43,93,2571,5611.0
142,15,11,62,40,105,2370,6301.0
143,11,12,60,66,93,3922,5634.0
144,13,2,51,50,99,2942,5986.0
145,6,1,59,27,76,1615,4606.0
146,6,9,41,48,113,2851,6794.0
147,1,15,59,54,110,3212,6659.0
148,12,2,43,55,122,3256,7325.0
149,14,15,58,39,89,2330,5362.0
150,11,2,51,31,91,1821,5479.0
151,16,13,68,21,94,1224,5652.0
152,14,3,29,51,108,3055,6527.0
153,8,13,44,63,121,3721,7313.0
154,18,9,58,39,91,2317,5480.0
155,4,6,64,47,76,2819,4580.0
156,14,20,15,38,77,2257,4633.0
157,17,11,17,13,57,724,3426.0
158,14,16,35,22,58,1281,3507.0
159,9,5,74,48,130,2858,7845.0
160,10,6,15,48,111,2864,6704.0
161,4,14,27,52,104,3105,6259.0
162,16,5,33,41,112,2452,6729.0
163,17,10,25,3,62,150,3722.0
164,13,20,25,62,111,3682,6686.0
165,14,9,68,68,128,4076,7735.0
166,2,13,38,45,93,2669,5582.0
167,20,19,35,27,50,1582,3058.0
168,5,8,30,57,131,3378,7908.0
169,14,6,74,68,96,4022,5762.0
170,14,17,52,41,78,2457,4699.0
171,2,19,23,56,125,3313,7551.0
172,11,9,36,38,87,2267,5265.0
173,19,9,15,33,81,1965,4879.0
174,16,12,61,49,102,2937,6149.0
175,10,2,41,30,62,1780,3735.0
176,4,17,55,48,74,2849,4452.0
177,15,18,51,23,66,1335,3972.0
178,16,20,47,35,93,2042,5596.0
179,6,3,27,34,91,1996,5483.0
180,13,5,62,55,112,3242,6738.0
181,11,15,70,47,103,2819,6207.0
182,18,5,44,52,90,3073,5425.0
183,19,1,67,39,67,2336,4031.0
184,20,9,70,48,109,2843,6580.0
185,19,15,21,58,127,3468,7644.0
186,5,6,72,22,93,1287,5621.0
187,9,7,26,40,104,2356,6255.0
188,15,2,43,53,99,3142,5944.0
189,1,10,58,60,122,3583,7363.0
190,5,20,51,52,130,3113,7821.0
191,16,15,35,55,146,3294,8785.0
192,13,12,55,45,103,2671,6238.0
193,10,7,64,68,96,4060,5765.0
194,1,18,18,17,62,981,3736.0
195,6,7,29,58,110,3423,6634.0
196,2,10,49,34,85,2038,5136.0
197,15,17,18,44,90,2586,5452.0
198,8,11,16,47,73,2777,4385.0
199,13,4,61,39,84,2304,5057.0
horizon=152
