NODES,20
1,1,-,-
2,2,-,-
3,3,-,-
4,4,-,-
5,5,-,-
6,6,-,-
7,7,-,-
8,8,-,-
9,9,-,-
10,10,-,-
11,11,-,-
12,12,-,-
13,13,-,-
14,14,-,-
15,15,-,-
16,16,-,-
17,17,-,-
18,18,-,-
19,19,-,-
20,20,-,-
ARCS,292
0,1,8,3,2077,173,63,3777,3777.0
1,1,13,6,1144,290,35,2080,2080.0
2,1,4,7,2950,192,90,5364,5364.0
3,1,7,6,903,386,28,1642,1642.0
4,1,16,7,933,366,29,1697,1697.0
5,1,15,9,1626,361,50,2957,2957.0
6,1,17,3,2167,532,66,3940,3940.0
7,1,9,3,2739,577,83,4980,4980.0
8,1,2,3,2167,191,66,3940,3940.0
9,1,11,7,1927,487,59,3504,3504.0
10,1,18,6,1204,421,37,2190,2190.0
11,1,12,9,2829,343,86,5144,5144.0
12,1,10,5,1656,513,51,3011,3011.0
13,1,20,9,2167,397,66,3940,3940.0
14,1,5,1,602,312,19,1095,1095.0
15,1,19,3,452,223,14,822,822.0
16,1,14,7,1295,174,40,2355,2355.0
17,2,4,5,2829,568,86,5144,5144.0
18,2,5,5,1626,420,50,2957,2957.0
19,2,11,3,1565,434,48,2846,2846.0
20,2,1,5,2589,470,79,4708,4708.0
21,2,16,5,2047,573,63,3722,3722.0
22,2,6,3,2558,298,78,4651,4651.0
23,2,14,3,452,558,14,822,822.0
24,2,7,7,2348,168,72,4270,4270.0
25,2,10,7,1355,565,42,2464,2464.0
26,2,15,4,1776,272,54,3230,3230.0
27,2,9,2,1565,398,48,2846,2846.0
28,2,13,4,1295,383,40,2355,2355.0
29,2,12,2,2498,472,76,4542,4542.0
30,2,8,7,2348,202,72,4270,4270.0
31,2,17,2,1686,273,52,3066,3066.0
32,3,8,2,482,266,15,877,877.0
33,3,13,5,1896,135,58,3448,3448.0
34,3,15,4,362,307,11,659,659.0
35,3,7,2,1295,481,40,2355,2355.0
36,3,17,1,512,573,16,931,931.0
37,3,6,3,2528,291,77,4597,4597.0
38,3,10,3,2558,566,78,4651,4651.0
39,3,18,3,1475,266,45,2682,2682.0
40,3,9,7,301,170,10,548,548.0
41,3,1,3,1445,527,44,2628,2628.0
42,3,5,5,1445,162,44,2628,2628.0
43,3,20,5,2829,124,86,5144,5144.0
44,3,2,2,1716,180,52,3120,3120.0
45,3,12,5,1475,469,45,2682,2682.0
46,3,19,7,2378,145,73,4324,4324.0
47,3,4,9,783,487,24,1424,1424.0
48,3,14,9,1927,507,59,3504,3504.0
49,4,5,1,2528,607,77,4597,4597.0
50,4,12,1,1896,483,58,3448,3448.0
51,4,17,7,542,219,17,986,986.0
52,4,15,4,2107,414,64,3831,3831.0
53,4,7,1,1535,502,47,2791,2791.0
54,4,8,8,1114,252,34,2026,2026.0
55,4,19,9,2920,211,89,5310,5310.0
56,4,6,3,663,153,21,1206,1206.0
57,4,1,5,2829,476,86,5144,5144.0
58,4,16,8,2859,265,87,5199,5199.0
59,4,11,1,2679,203,82,4871,4871.0
60,4,18,7,1686,489,52,3066,3066.0
61,4,3,5,1325,161,41,2410,2410.0
62,4,10,2,1836,271,56,3339,3339.0
63,4,14,2,2288,450,70,4160,4160.0
64,5,15,4,1776,179,54,3230,3230.0
65,5,12,1,1325,261,41,2410,2410.0
66,5,14,4,2077,518,63,3777,3777.0
67,5,16,2,2498,432,76,4542,4542.0
68,5,10,5,1776,312,54,3230,3230.0
69,5,19,2,2348,381,72,4270,4270.0
70,5,4,2,2017,243,62,3668,3668.0
71,5,20,2,2498,477,76,4542,4542.0
72,5,6,6,2047,190,63,3722,3722.0
73,5,13,9,2378,257,73,4324,4324.0
74,5,1,5,2017,555,62,3668,3668.0
75,5,2,3,1445,346,44,2628,2628.0
76,5,3,2,2619,526,80,4762,4762.0
77,5,9,1,1204,208,37,2190,2190.0
78,6,15,4,2799,318,85,5090,5090.0
79,6,5,4,1144,436,35,2080,2080.0
80,6,4,5,2107,219,64,3831,3831.0
81,6,7,8,1385,137,42,2519,2519.0
82,6,11,1,542,392,17,986,986.0
83,6,14,8,2679,450,82,4871,4871.0
84,6,1,1,1415,573,43,2573,2573.0
85,6,17,2,1355,357,42,2464,2464.0
86,6,2,4,843,597,26,1533,1533.0
87,6,3,9,2769,427,84,5035,5035.0
88,6,12,6,2348,392,72,4270,4270.0
89,6,20,2,362,577,11,659,659.0
90,6,18,2,2077,205,63,3777,3777.0
91,6,13,7,2227,387,68,4050,4050.0
92,6,16,2,332,228,11,604,604.0
93,6,10,1,2890,361,88,5255,5255.0
94,7,20,4,1836,125,56,3339,3339.0
95,7,4,5,2288,133,70,4160,4160.0
96,7,19,3,2589,488,79,4708,4708.0
97,7,3,1,2739,232,83,4980,4980.0
98,7,15,6,1385,355,42,2519,2519.0
99,7,16,5,2227,527,68,4050,4050.0
100,7,10,3,873,351,27,1588,1588.0
101,7,6,6,2589,326,79,4708,4708.0
102,7,8,4,2318,423,71,4215,4215.0
103,7,2,6,2589,593,79,4708,4708.0
104,8,9,8,542,552,17,986,986.0
105,8,10,5,2920,608,89,5310,5310.0
106,8,3,7,2348,139,72,4270,4270.0
107,8,11,2,482,591,15,877,877.0
108,8,1,2,723,497,22,1315,1315.0
109,8,2,4,2829,136,86,5144,5144.0
110,8,20,7,2167,250,66,3940,3940.0
111,8,19,9,1385,531,42,2519,2519.0
112,8,4,6,1114,301,34,2026,2026.0
113,8,15,2,2378,487,73,4324,4324.0
114,8,18,3,693,547,21,1260,1260.0
115,8,14,3,1957,520,60,3559,3559.0
116,8,12,3,723,548,22,1315,1315.0
117,9,14,1,2799,436,85,5090,5090.0
118,9,7,8,1866,265,57,3393,3393.0
119,9,19,9,1475,318,45,2682,2682.0
120,9,13,5,1084,442,33,1971,1971.0
121,9,11,3,1355,427,42,2464,2464.0
122,9,20,4,873,472,27,1588,1588.0
123,9,1,3,2438,608,74,4433,4433.0
124,9,10,2,1626,541,50,2957,2957.0
125,9,8,3,1054,388,32,1917,1917.0
126,9,12,2,2318,599,71,4215,4215.0
127,9,4,8,2438,221,74,4433,4433.0
128,9,15,6,1746,518,53,3175,3175.0
129,9,5,3,2980,371,91,5419,5419.0
130,9,3,8,1776,280,54,3230,3230.0
131,9,17,2,1896,378,58,3448,3448.0
132,10,9,2,301,125,10,548,548.0
133,10,12,5,723,463,22,1315,1315.0
134,10,2,9,663,157,21,1206,1206.0
135,10,5,3,843,350,26,1533,1533.0
136,10,16,2,2709,508,83,4926,4926.0
137,10,18,2,2709,529,83,4926,4926.0
138,10,19,1,2378,207,73,4324,4324.0
139,10,8,9,301,290,10,548,548.0
140,10,3,2,903,595,28,1642,1642.0
141,10,15,1,933,290,29,1697,1697.0
142,10,4,3,2408,461,73,4379,4379.0
143,10,14,4,2258,268,69,4106,4106.0
144,10,7,9,482,419,15,877,877.0
145,11,12,4,482,167,15,877,877.0
146,11,6,2,1415,432,43,2573,2573.0
147,11,16,7,452,571,14,822,822.0
148,11,8,3,1896,410,58,3448,3448.0
149,11,3,7,1114,219,34,2026,2026.0
150,11,17,4,2047,249,63,3722,3722.0
151,11,20,1,2348,147,72,4270,4270.0
152,11,2,5,1656,349,51,3011,3011.0
153,11,9,9,1264,354,39,2299,2299.0
154,11,13,9,2107,420,64,3831,3831.0
155,11,5,6,1234,152,38,2244,2244.0
156,12,13,7,2950,260,90,5364,5364.0
157,12,11,2,1806,527,55,3284,3284.0
158,12,14,8,392,500,12,713,713.0
159,12,19,3,2468,540,75,4488,4488.0
160,12,4,3,1415,162,43,2573,2573.0
161,12,20,5,964,327,30,1753,1753.0
162,12,17,7,2318,598,71,4215,4215.0
163,12,16,4,2950,240,90,5364,5364.0
164,12,8,2,2197,430,67,3995,3995.0
165,12,10,9,2920,472,89,5310,5310.0
166,12,18,9,332,310,11,604,604.0
167,12,15,1,1264,557,39,2299,2299.0
168,12,5,1,843,492,26,1533,1533.0
169,12,1,2,843,431,26,1533,1533.0
170,12,2,5,2017,553,62,3668,3668.0
171,12,3,6,2890,590,88,5255,5255.0
172,12,7,8,512,222,16,931,931.0
173,12,6,8,1746,307,53,3175,3175.0
174,12,9,2,1325,243,41,2410,2410.0
175,13,17,8,2528,190,77,4597,4597.0
176,13,3,4,2167,318,66,3940,3940.0
177,13,14,7,301,492,10,548,548.0
178,13,12,9,1565,247,48,2846,2846.0
179,13,19,7,1896,217,58,3448,3448.0
180,13,7,1,2649,128,81,4817,4817.0
181,13,9,8,2408,249,73,4379,4379.0
182,13,18,1,783,394,24,1424,1424.0
183,13,10,1,2348,543,72,4270,4270.0
184,13,5,4,2679,544,82,4871,4871.0
185,13,16,7,1716,312,52,3120,3120.0
186,13,2,3,1234,151,38,2244,2244.0
187,13,8,6,1445,412,44,2628,2628.0
188,13,20,7,2799,216,85,5090,5090.0
189,13,4,2,1234,393,38,2244,2244.0
190,13,6,9,2498,151,76,4542,4542.0
191,14,9,6,1656,437,51,3011,3011.0
192,14,3,1,1505,247,46,2737,2737.0
193,14,11,2,1204,608,37,2190,2190.0
194,14,1,3,2799,432,85,5090,5090.0
195,14,7,1,2077,239,63,3777,3777.0
196,14,17,7,994,211,31,1808,1808.0
197,14,10,9,1565,150,48,2846,2846.0
198,14,6,9,572,580,18,1040,1040.0
199,14,8,2,1716,345,52,3120,3120.0
200,14,16,5,2769,126,84,5035,5035.0
201,14,18,8,813,425,25,1479,1479.0
202,14,20,6,1385,508,42,2519,2519.0
203,14,13,6,964,555,30,1753,1753.0
204,14,15,4,2619,530,80,4762,4762.0
205,15,2,9,1144,566,35,2080,2080.0
206,15,20,7,933,566,29,1697,1697.0
207,15,11,9,2318,455,71,4215,4215.0
208,15,3,6,1776,414,54,3230,3230.0
209,15,18,2,1716,273,52,3120,3120.0
210,15,8,8,1234,412,38,2244,2244.0
211,15,14,3,1385,505,42,2519,2519.0
212,15,12,8,753,185,23,1370,1370.0
213,15,4,7,2739,337,83,4980,4980.0
214,15,16,7,2348,196,72,4270,4270.0
215,15,6,6,2859,362,87,5199,5199.0
216,15,19,2,2167,476,66,3940,3940.0
217,15,5,2,1475,463,45,2682,2682.0
218,15,17,7,1295,571,40,2355,2355.0
219,15,7,8,2408,340,73,4379,4379.0
220,16,11,6,2438,406,74,4433,4433.0
221,16,9,5,2649,573,81,4817,4817.0
222,16,8,3,1295,324,40,2355,2355.0
223,16,18,7,1866,465,57,3393,3393.0
224,16,12,4,1385,130,42,2519,2519.0
225,16,19,7,843,537,26,1533,1533.0
226,16,1,1,2619,438,80,4762,4762.0
227,16,13,4,2739,551,83,4980,4980.0
228,16,2,6,1355,332,42,2464,2464.0
229,17,11,8,1084,199,33,1971,1971.0
230,17,8,6,2950,526,90,5364,5364.0
231,17,13,2,1054,379,32,1917,1917.0
232,17,2,9,2288,335,70,4160,4160.0
233,17,20,8,2709,441,83,4926,4926.0
234,17,9,6,1716,546,52,3120,3120.0
235,17,3,2,1385,151,42,2519,2519.0
236,17,7,2,873,459,27,1588,1588.0
237,17,6,1,2920,571,89,5310,5310.0
238,17,12,4,392,235,12,713,713.0
239,17,4,1,1505,147,46,2737,2737.0
240,17,15,3,332,250,11,604,604.0
241,17,16,6,572,461,18,1040,1040.0
242,17,10,2,1565,439,48,2846,2846.0
243,17,1,7,1927,416,59,3504,3504.0
244,17,19,8,2468,443,75,4488,4488.0
245,18,17,1,1445,359,44,2628,2628.0
246,18,9,3,2980,140,91,5419,5419.0
247,18,6,3,2077,455,63,3777,3777.0
248,18,4,3,2318,309,71,4215,4215.0
249,18,13,8,1445,331,44,2628,2628.0
250,18,7,3,2619,397,80,4762,4762.0
251,18,16,5,1927,510,59,3504,3504.0
252,18,5,7,843,232,26,1533,1533.0
253,18,8,4,873,552,27,1588,1588.0
254,18,19,6,1445,577,44,2628,2628.0
255,18,11,9,2769,481,84,5035,5035.0
256,18,20,4,1626,508,50,2957,2957.0
257,18,2,6,2859,456,87,5199,5199.0
258,18,1,8,2920,448,89,5310,5310.0
259,18,14,2,1475,551,45,2682,2682.0
260,18,10,4,2920,603,89,5310,5310.0
261,18,3,9,1174,464,36,2135,2135.0
262,18,15,4,2649,312,81,4817,4817.0
263,19,8,2,2649,170,81,4817,4817.0
264,19,1,9,512,378,16,931,931.0
265,19,2,7,1264,344,39,2299,2299.0
266,19,18,8,2859,537,87,5199,5199.0
267,19,7,2,2980,223,91,5419,5419.0
268,19,13,5,2679,604,82,4871,4871.0
269,19,17,5,2829,458,86,5144,5144.0
270,19,15,2,2438,277,74,4433,4433.0
271,19,10,8,2227,540,68,4050,4050.0
272,19,20,1,602,493,19,1095,1095.0
273,19,14,4,2348,455,72,4270,4270.0
274,19,9,7,1174,294,36,2135,2135.0
275,19,12,6,1174,372,36,2135,2135.0
276,20,15,3,1264,456,39,2299,2299.0
277,20,12,8,2197,498,67,3995,3995.0
278,20,18,2,2197,412,67,3995,3995.0
279,20,11,5,1355,184,42,2464,2464.0
280,20,14,4,964,293,30,1753,1753.0
281,20,4,7,2498,190,76,4542,4542.0
282,20,3,7,2318,280,71,4215,4215.0
283,20,1,7,2288,223,70,4160,4160.0
284,20,13,4,693,307,21,1260,1260.0
285,20,19,2,512,290,16,931,931.0
286,20,8,5,2047,255,63,3722,3722.0
287,20,9,6,2137,137,65,3886,3886.0
288,20,16,2,602,299,19,1095,1095.0
289,20,5,6,2769,552,84,5035,5035.0
290,20,7,8,2950,467,90,5364,5364.0
291,20,10,1,2227,161,68,4050,4050.0
COMMODITIES,200
0,3,12,58,26,65,1541,3914.0
1,3,11,54,53,90,3135,5451.0
2,10,13,74,22,72,1300,4338.0
3,6,12,22,33,73,1949,4413.0
4,20,5,57,63,123,3771,7386.0
5,5,4,24,64,136,3834,8206.0
6,13,11,30,47,99,2767,5952.0
7,3,17,39,37,62,2208,3733.0
8,10,1,25,69,112,4113,6768.0
9,11,13,15,50,114,2954,6854.0
10,19,13,49,43,97,2539,5877.0
11,3,7,74,58,108,3454,6512.0
12,9,14,60,51,104,3040,6286.0
13,9,1,55,55,119,3246,7142.0
14,4,2,64,68,121,4066,7292.0
15,1,12,48,45,104,2691,6297.0
16,20,18,47,38,95,2257,5729.0
17,13,3,69,40,108,2372,6504.0
18,1,20,65,41,83,2434,5015.0
19,20,3,34,18,100,1044,6007.0
20,13,16,35,25,70,1494,4213.0
21,19,10,23,61,136,3630,8193.0
22,19,11,70,59,129,3531,7799.0
23,15,3,16,28,89,1641,5378.0
24,5,14,56,36,98,2104,5924.0
25,3,15,15,57,77,3389,4675.0
26,18,10,20,51,138,3012,8298.0
27,19,8,31,45,124,2646,7463.0
28,4,19,44,47,103,2778,6199.0
29,1,3,45,38,122,2262,7356.0
30,9,18,68,46,109,2744,6581.0
31,15,9,35,72,136,4296,8169.0
32,18,17,58,57,112,3419,6778.0
33,19,4,65,24,108,1415,6522.0
34,20,6,19,67,127,4012,7657.0
35,3,2,28,10,66,593,3981.0
36,5,15,28,46,110,2706,6632.0
37,8,5,48,32,82,1904,4932.0
38,15,20,69,49,89,2881,5351.0
39,17,12,35,46,69,2708,4167.0
40,12,5,64,41,77,2453,4635.0
41,20,10,34,55,133,3290,8001.0
42,14,11,29,74,118,4395,7088.0
43,15,14,37,67,110,3976,6652.0
44,1,6,60,41,105,2441,6321.0
45,4,10,71,55,120,3293,7229.0
46,20,12,56,33,95,1931,5714.0
47,11,4,55,40,109,2400,6541.0
48,13,18,59,76,110,4554,6628.0
49,19,17,23,56,140,3336,8410.0
50,4,11,56,77,124,4584,7462.0
51,19,14,30,33,89,1975,5374.0
52,19,7,49,33,84,1942,5055.0
53,3,4,27,49,83,2884,5039.0
54,5,7,33,58,126,3474,7579.0
55,19,3,70,35,129,2089,7764.0
56,12,1,66,35,68,2075,4136.0
57,7,17,63,38,117,2270,7041.0
58,16,8,42,55,105,3284,6352.0
59,9,8,49,71,112,4226,6760.0
60,3,9,59,37,56,2209,3364.0
61,10,15,74,19,58,1128,3538.0
62,8,19,67,35,83,2096,4987.0
63,4,7,74,37,87,2173,5274.0
64,2,6,25,63,106,3723,6376.0
65,13,1,46,40,120,2399,7242.0
66,7,13,50,53,132,3180,7946.0
67,19,5,65,35,79,2044,4774.0
68,7,3,24,33,96,1970,5767.0
69,6,8,62,30,86,1743,5218.0
70,6,15,62,26,88,1503,5301.0
71,16,14,58,42,108,2473,6482.0
72,19,2,28,53,102,3150,6121.0
73,17,2,53,43,97,2554,5863.0
74,4,8,62,53,98,3141,5915.0
75,2,3,50,59,129,3525,7748.0
76,17,20,39,20,71,1166,4265.0
77,5,12,64,57,108,3369,6497.0
78,8,10,62,34,111,2020,6680.0
79,6,5,22,47,91,2805,5497.0
80,4,13,15,54,114,3228,6864.0
81,15,12,70,44,76,2589,4585.0
82,1,17,54,35,110,2043,6618.0
83,7,14,48,43,115,2568,6902.0
84,3,5,41,18,74,1053,4482.0
85,12,11,49,47,100,2805,6057.0
86,11,17,29,44,102,2586,6129.0
87,17,19,57,34,87,1984,5247.0
88,1,5,52,65,94,3887,5659.0
89,14,12,27,32,82,1866,4970.0
90,4,16,32,54,95,3238,5709.0
91,15,5,48,43,97,2564,5852.0
92,1,7,27,71,109,4231,6559.0
93,11,6,48,54,109,3218,6542.0
94,18,7,40,39,113,2286,6834.0
95,8,14,29,26,73,1504,4407.0
96,12,10,44,21,75,1207,4530.0
97,14,19,49,19,74,1134,4478.0
98,18,11,21,42,90,2497,5443.0
99,13,10,59,31,94,1825,5681.0
100,13,7,50,36,110,2142,6632.0
101,12,13,39,46,102,2706,6145.0
102,19,20,68,35,63,2080,3812.0
103,4,3,67,61,111,3628,6700.0
104,13,6,19,23,61,1372,3681.0
105,19,6,32,58,136,3466,8179.0
106,14,13,67,50,87,2965,5254.0
107,19,12,45,45,91,2662,5501.0
108,16,18,29,40,103,2399,6229.0
109,9,4,44,26,102,1557,6129.0
110,4,18,50,51,97,3002,5876.0
111,16,9,70,41,107,2406,6464.0
112,16,10,59,49,141,2882,8476.0
113,9,11,40,69,121,4111,7296.0
114,7,2,52,74,131,4417,7875.0
115,9,10,47,24,85,1395,5109.0
116,14,18,59,25,57,1484,3444.0
117,5,18,59,42,103,2485,6182.0
118,14,2,31,18,73,1064,4383.0
119,19,18,18,55,110,3294,6651.0
120,5,11,52,52,138,3072,8287.0
121,18,13,18,52,106,3091,6419.0
122,6,13,54,31,71,1845,4300.0
123,12,6,29,58,96,3446,5788.0
124,8,15,46,83,149,4926,8987.0
125,7,5,73,57,118,3370,7128.0
126,6,20,39,30,52,1783,3128.0
127,17,3,68,33,86,1959,5194.0
128,8,4,73,18,61,1040,3665.0
129,12,18,71,52,71,3074,4313.0
130,2,14,30,45,66,2655,3986.0
131,11,16,23,57,80,3419,4835.0
132,20,15,74,49,96,2899,5786.0
133,9,6,73,67,138,4012,8331.0
134,4,12,59,77,114,4617,6874.0
135,16,4,68,46,127,2707,7654.0
136,13,8,67,13,66,725,4014.0
137,17,9,36,42,108,2517,6523.0
138,18,6,48,63,135,3727,8110.0
139,6,19,56,45,82,2671,4956.0
140,5,1,61,50,120,2980,7226.0
141,3,14,51,31,80,1827,4856.0
142,15,11,62,60,121,3596,7266.0
143,11,12,60,34,59,2014,3540.0
144,13,2,51,58,108,3452,6493.0
145,6,1,59,72,123,4315,7389.0
146,6,9,41,36,101,2121,6074.0
147,1,15,59,60,117,3559,7059.0
148,12,2,43,28,95,1621,5754.0
149,14,15,58,27,77,1573,4677.0
150,11,2,51,65,129,3872,7744.0
151,16,13,68,57,131,3383,7885.0
152,14,3,29,42,95,2511,5723.0
153,8,13,44,51,107,3033,6428.0
154,18,9,58,5,57,271,3457.0
155,4,6,64,75,105,4488,6342.0
156,14,20,15,28,68,1622,4101.0
157,17,11,17,45,89,2668,5362.0
158,14,16,35,46,84,2747,5062.0
159,9,5,74,31,114,1829,6891.0
160,10,6,15,42,100,2518,6036.0
161,4,14,27,60,111,3591,6663.0
162,16,5,33,23,89,1323,5387.0
163,17,10,25,54,109,3183,6566.0
164,13,20,25,42,88,2486,5335.0
165,14,9,68,34,94,2032,5682.0
166,2,13,38,27,75,1561,4501.0
167,20,19,35,18,46,1048,2793.0
168,5,8,30,35,107,2060,6444.0
169,14,6,74,36,61,2118,3665.0
170,14,17,52,27,67,1604,4072.0
171,2,19,23,59,127,3493,7653.0
172,11,9,36,23,73,1358,4437.0
173,19,9,15,32,79,1877,4752.0
174,16,12,61,57,114,3410,6850.0
175,10,2,41,39,70,2329,4227.0
176,4,17,55,52,80,3062,4813.0
177,15,18,51,60,102,3596,6159.0
178,16,20,47,69,124,4114,7447.0
179,6,3,27,33,92,1924,5563.0
180,13,5,62,48,105,2863,6355.0
181,11,15,70,55,108,3272,6524.0
182,18,5,44,29,65,1710,3916.0
183,19,1,67,60,83,3592,5033.0
184,20,9,70,46,109,2731,6592.0
185,19,15,21,76,141,4509,8478.0
186,5,6,72,67,140,3968,8406.0
187,9,7,26,30,95,1750,5725.0
188,15,2,43,49,95,2888,5741.0
189,1,10,58,40,101,2373,6086.0
190,5,20,51,36,113,2126,6799.0
191,16,15,35,39,129,2318,7786.0
192,13,12,55,38,94,2230,5689.0
193,10,7,64,47,73,2763,4433.0
194,1,18,18,27,71,1616,4319.0
195,6,7,29,53,105,3170,6343.0
196,2,10,49,27,75,1570,4556.0
197,15,17,18,27,78,1589,4690.0
198,8,11,16,32,55,1870,3344.0
199,13,4,61,56,106,3354,6416.0
horizon=149
