NODES,20
1,1,-,-
2,2,-,-
3,3,-,-
4,4,-,-
5,5,-,-
6,6,-,-
7,7,-,-
8,8,-,-
9,9,-,-
10,10,-,-
11,11,-,-
12,12,-,-
13,13,-,-
14,14,-,-
15,15,-,-
16,16,-,-
17,17,-,-
18,18,-,-
19,19,-,-
20,20,-,-
ARCS,291
0,1,14,5,1359,451,42,2471,2471.0
1,1,12,2,984,264,30,1790,1790.0
2,1,15,8,652,513,20,1186,1186.0
3,1,4,4,1054,137,32,1917,1917.0
4,1,18,9,458,214,14,833,833.0
5,1,17,3,167,456,6,304,304.0
6,1,2,5,278,112,9,506,506.0
7,1,6,3,929,219,29,1690,1690.0
8,1,9,7,458,132,14,833,833.0
9,1,3,1,1081,114,33,1966,1966.0
10,1,16,5,735,105,23,1337,1337.0
11,1,19,7,707,448,22,1286,1286.0
12,1,11,3,167,342,6,304,304.0
13,1,13,6,1372,211,42,2495,2495.0
14,1,5,1,361,471,11,657,657.0
15,1,8,2,1095,280,34,1991,1991.0
16,1,10,6,1220,491,37,2219,2219.0
17,1,7,6,347,507,11,631,631.0
18,2,6,8,1012,497,31,1840,1840.0
19,2,5,6,971,427,30,1766,1766.0
20,2,11,1,1262,250,39,2295,2295.0
21,2,1,8,1054,216,32,1917,1917.0
22,2,15,8,1345,220,41,2446,2446.0
23,2,7,5,402,448,13,731,731.0
24,2,14,2,929,433,29,1690,1690.0
25,2,13,9,181,319,6,330,330.0
26,2,4,9,208,516,7,379,379.0
27,2,16,4,1317,117,40,2395,2395.0
28,2,12,4,1095,108,34,1991,1991.0
29,2,20,2,749,317,23,1362,1362.0
30,2,19,9,1137,297,35,2068,2068.0
31,2,18,8,361,463,11,657,657.0
32,2,3,1,416,471,13,757,757.0
33,2,17,2,333,411,11,606,606.0
34,2,8,4,693,189,21,1260,1260.0
35,3,20,5,680,508,21,1237,1237.0
36,3,2,8,402,212,13,731,731.0
37,3,10,4,846,345,26,1539,1539.0
38,3,7,1,860,269,27,1564,1564.0
39,3,8,7,1248,398,38,2270,2270.0
40,3,5,5,458,281,14,833,833.0
41,3,16,5,181,166,6,330,330.0
42,3,1,9,499,490,16,908,908.0
43,3,9,4,167,155,6,304,304.0
44,3,4,8,1095,474,34,1991,1991.0
45,3,18,1,596,332,19,1084,1084.0
46,3,17,6,416,228,13,757,757.0
47,3,15,8,444,223,14,808,808.0
48,3,11,4,430,276,14,782,782.0
49,3,6,8,333,475,11,606,606.0
50,4,1,5,513,414,16,933,933.0
51,4,16,5,583,374,18,1060,1060.0
52,4,8,5,790,428,24,1437,1437.0
53,4,14,9,693,340,21,1260,1260.0
54,4,2,3,305,129,10,555,555.0
55,4,10,7,1095,367,34,1991,1991.0
56,4,12,4,153,514,5,279,279.0
57,4,11,3,1081,509,33,1966,1966.0
58,4,19,4,804,393,25,1462,1462.0
59,4,15,3,929,467,29,1690,1690.0
60,4,3,3,416,378,13,757,757.0
61,4,13,4,416,276,13,757,757.0
62,5,14,1,416,438,13,757,757.0
63,5,2,3,1345,329,41,2446,2446.0
64,5,17,4,666,223,21,1211,1211.0
65,5,15,4,1040,123,32,1891,1891.0
66,5,18,6,680,490,21,1237,1237.0
67,5,10,7,305,344,10,555,555.0
68,5,20,6,693,320,21,1260,1260.0
69,5,6,6,1331,131,41,2420,2420.0
70,5,8,6,887,119,27,1613,1613.0
71,5,16,8,901,149,28,1639,1639.0
72,5,7,7,472,390,15,859,859.0
73,5,4,3,596,382,19,1084,1084.0
74,6,2,9,804,404,25,1462,1462.0
75,6,15,7,666,116,21,1211,1211.0
76,6,20,1,444,214,14,808,808.0
77,6,3,5,610,146,19,1110,1110.0
78,6,7,1,333,161,11,606,606.0
79,6,14,6,1303,437,40,2370,2370.0
80,6,13,7,1262,121,39,2295,2295.0
81,6,12,4,499,201,16,908,908.0
82,6,19,9,998,149,31,1815,1815.0
83,6,16,1,1220,209,37,2219,2219.0
84,6,18,9,416,507,13,757,757.0
85,7,16,2,250,508,8,455,455.0
86,7,3,1,222,360,7,404,404.0
87,7,19,2,763,332,24,1388,1388.0
88,7,10,1,472,334,15,859,859.0
89,7,20,2,638,374,20,1160,1160.0
90,7,18,9,486,105,15,884,884.0
91,7,11,3,222,463,7,404,404.0
92,7,14,1,887,461,27,1613,1613.0
93,7,2,6,1317,324,40,2395,2395.0
94,7,13,5,1054,411,32,1917,1917.0
95,7,12,1,721,184,22,1311,1311.0
96,7,15,9,1012,210,31,1840,1840.0
97,7,1,3,1123,236,35,2042,2042.0
98,8,19,5,486,342,15,884,884.0
99,8,12,2,874,109,27,1590,1590.0
100,8,9,7,1303,189,40,2370,2370.0
101,8,4,3,610,439,19,1110,1110.0
102,8,13,8,389,295,12,708,708.0
103,8,2,5,624,253,19,1135,1135.0
104,8,16,5,915,190,28,1664,1664.0
105,8,11,7,1026,174,32,1866,1866.0
106,8,7,7,1040,236,32,1891,1891.0
107,8,10,6,1165,515,36,2119,2119.0
108,8,20,7,375,260,12,682,682.0
109,8,1,4,874,174,27,1590,1590.0
110,8,18,7,984,295,30,1790,1790.0
111,8,15,6,222,371,7,404,404.0
112,8,14,1,832,512,26,1513,1513.0
113,9,3,2,693,164,21,1260,1260.0
114,9,6,3,222,464,7,404,404.0
115,9,2,6,735,304,23,1337,1337.0
116,9,18,9,887,214,27,1613,1613.0
117,9,14,6,139,109,5,253,253.0
118,9,16,2,1234,487,38,2244,2244.0
119,9,7,4,818,178,25,1488,1488.0
120,9,17,4,167,409,6,304,304.0
121,9,1,5,555,366,17,1010,1010.0
122,9,12,9,208,252,7,379,379.0
123,10,20,6,278,183,9,506,506.0
124,10,4,8,444,362,14,808,808.0
125,10,7,5,333,431,11,606,606.0
126,10,1,7,430,256,14,782,782.0
127,10,16,3,1234,431,38,2244,2244.0
128,10,12,9,624,209,19,1135,1135.0
129,10,17,7,1206,258,37,2193,2193.0
130,10,19,5,901,109,28,1639,1639.0
131,10,8,4,874,513,27,1590,1590.0
132,10,2,2,167,211,6,304,304.0
133,10,14,9,874,357,27,1590,1590.0
134,10,11,4,347,118,11,631,631.0
135,10,3,3,998,175,31,1815,1815.0
136,10,6,9,250,334,8,455,455.0
137,10,5,5,832,340,26,1513,1513.0
138,10,9,9,915,384,28,1664,1664.0
139,11,1,2,319,173,10,580,580.0
140,11,3,8,153,197,5,279,279.0
141,11,16,7,1192,282,37,2168,2168.0
142,11,9,8,444,370,14,808,808.0
143,11,8,5,416,343,13,757,757.0
144,11,15,8,181,131,6,330,330.0
145,11,5,7,804,467,25,1462,1462.0
146,11,6,3,305,284,10,555,555.0
147,11,12,9,777,479,24,1413,1413.0
148,11,18,5,860,334,27,1564,1564.0
149,11,13,9,957,168,29,1740,1740.0
150,11,19,8,1262,163,39,2295,2295.0
151,12,18,9,804,253,25,1462,1462.0
152,12,20,9,569,502,18,1035,1035.0
153,12,8,2,610,501,19,1110,1110.0
154,12,10,5,707,162,22,1286,1286.0
155,12,14,1,652,361,20,1186,1186.0
156,12,1,7,1026,463,32,1866,1866.0
157,12,11,4,957,139,29,1740,1740.0
158,12,19,1,790,190,24,1437,1437.0
159,12,2,3,569,220,18,1035,1035.0
160,12,7,5,1151,307,35,2093,2093.0
161,12,4,9,1275,299,39,2319,2319.0
162,12,17,6,1178,194,36,2142,2142.0
163,12,13,5,818,220,25,1488,1488.0
164,12,16,3,1317,200,40,2395,2395.0
165,12,6,7,541,515,17,984,984.0
166,12,9,4,901,117,28,1639,1639.0
167,12,3,4,1372,520,42,2495,2495.0
168,13,18,4,1109,495,34,2017,2017.0
169,13,12,6,1206,460,37,2193,2193.0
170,13,17,4,1151,446,35,2093,2093.0
171,13,2,7,1303,377,40,2370,2370.0
172,13,9,3,402,414,13,731,731.0
173,13,7,8,818,238,25,1488,1488.0
174,13,10,4,305,385,10,555,555.0
175,13,3,5,1040,381,32,1891,1891.0
176,13,8,8,693,304,21,1260,1260.0
177,13,4,5,1220,286,37,2219,2219.0
178,13,6,1,874,307,27,1590,1590.0
179,13,19,3,1137,141,35,2068,2068.0
180,13,11,1,181,353,6,330,330.0
181,13,14,2,305,191,10,555,555.0
182,13,15,2,416,295,13,757,757.0
183,13,16,4,624,464,19,1135,1135.0
184,13,20,7,1081,393,33,1966,1966.0
185,13,5,8,1151,163,35,2093,2093.0
186,14,7,1,541,300,17,984,984.0
187,14,2,1,943,301,29,1715,1715.0
188,14,8,5,513,317,16,933,933.0
189,14,4,8,499,194,16,908,908.0
190,14,17,6,167,420,6,304,304.0
191,14,10,1,915,283,28,1664,1664.0
192,14,16,2,569,469,18,1035,1035.0
193,14,1,8,1372,481,42,2495,2495.0
194,14,12,6,624,403,19,1135,1135.0
195,14,20,9,430,469,14,782,782.0
196,14,19,8,749,197,23,1362,1362.0
197,14,15,2,375,447,12,682,682.0
198,14,3,2,887,438,27,1613,1613.0
199,14,6,8,305,404,10,555,555.0
200,15,20,3,929,360,29,1690,1690.0
201,15,5,4,1026,172,32,1866,1866.0
202,15,19,9,375,516,12,682,682.0
203,15,17,6,1206,204,37,2193,2193.0
204,15,6,2,181,248,6,330,330.0
205,15,9,1,167,369,6,304,304.0
206,15,2,4,499,358,16,908,908.0
207,15,10,4,998,488,31,1815,1815.0
208,15,7,7,790,417,24,1437,1437.0
209,15,3,6,319,266,10,580,580.0
210,15,11,3,1012,297,31,1840,1840.0
211,15,1,1,1317,351,40,2395,2395.0
212,15,13,5,278,473,9,506,506.0
213,16,11,6,624,367,19,1135,1135.0
214,16,5,8,1026,300,32,1866,1866.0
215,16,14,1,984,272,30,1790,1790.0
216,16,18,7,278,145,9,506,506.0
217,16,15,4,333,154,11,606,606.0
218,16,9,6,707,223,22,1286,1286.0
219,16,4,9,319,150,10,580,580.0
220,16,19,5,735,224,23,1337,1337.0
221,16,13,9,527,139,16,959,959.0
222,16,10,3,1262,296,39,2295,2295.0
223,16,7,7,486,440,15,884,884.0
224,16,17,2,1289,290,40,2344,2344.0
225,16,8,5,1109,276,34,2017,2017.0
226,16,1,4,208,412,7,379,379.0
227,16,20,8,1234,238,38,2244,2244.0
228,16,2,1,1054,345,32,1917,1917.0
229,16,12,2,652,183,20,1186,1186.0
230,16,3,8,1123,133,35,2042,2042.0
231,16,6,6,1331,270,41,2420,2420.0
232,17,12,6,333,446,11,606,606.0
233,17,10,4,777,355,24,1413,1413.0
234,17,18,2,472,197,15,859,859.0
235,17,14,4,693,309,21,1260,1260.0
236,17,6,4,998,224,31,1815,1815.0
237,17,16,8,1372,477,42,2495,2495.0
238,17,20,7,1081,436,33,1966,1966.0
239,17,7,6,347,359,11,631,631.0
240,17,2,3,236,371,8,430,430.0
241,17,13,9,1192,438,37,2168,2168.0
242,17,4,7,416,243,13,757,757.0
243,17,15,9,1123,449,35,2042,2042.0
244,17,11,9,444,128,14,808,808.0
245,17,8,7,998,450,31,1815,1815.0
246,17,1,1,1040,329,32,1891,1891.0
247,17,3,8,1081,446,33,1966,1966.0
248,17,9,9,541,143,17,984,984.0
249,18,2,9,610,249,19,1110,1110.0
250,18,10,9,139,124,5,253,253.0
251,18,5,7,569,136,18,1035,1035.0
252,18,4,3,195,475,6,355,355.0
253,18,16,5,375,220,12,682,682.0
254,18,11,5,984,326,30,1790,1790.0
255,18,7,1,1151,463,35,2093,2093.0
256,18,20,1,1165,239,36,2119,2119.0
257,18,13,7,153,373,5,279,279.0
258,18,1,3,846,138,26,1539,1539.0
259,18,17,4,1040,305,32,1891,1891.0
260,18,14,6,707,467,22,1286,1286.0
261,19,9,7,680,345,21,1237,1237.0
262,19,10,9,929,471,29,1690,1690.0
263,19,11,8,777,204,24,1413,1413.0
264,19,20,9,1095,228,34,1991,1991.0
265,19,13,6,971,199,30,1766,1766.0
266,19,6,3,1151,163,35,2093,2093.0
267,19,16,2,1234,206,38,2244,2244.0
268,19,17,9,624,465,19,1135,1135.0
269,19,12,9,1040,183,32,1891,1891.0
270,19,14,2,292,264,9,531,531.0
271,19,18,6,278,454,9,506,506.0
272,19,1,2,527,385,16,959,959.0
273,19,2,4,319,503,10,580,580.0
274,19,3,7,749,399,23,1362,1362.0
275,19,15,7,1081,428,33,1966,1966.0
276,19,8,5,929,367,29,1690,1690.0
277,19,5,1,264,332,8,480,480.0
278,20,19,3,915,206,28,1664,1664.0
279,20,5,6,195,381,6,355,355.0
280,20,18,2,444,448,14,808,808.0
281,20,12,3,1275,308,39,2319,2319.0
282,20,4,5,195,484,6,355,355.0
283,20,15,7,846,163,26,1539,1539.0
284,20,16,8,319,256,10,580,580.0
285,20,14,3,763,322,24,1388,1388.0
286,20,17,5,666,115,21,1211,1211.0
287,20,6,3,624,121,19,1135,1135.0
288,20,8,8,818,126,25,1488,1488.0
289,20,13,4,1151,118,35,2093,2093.0
290,20,2,7,416,490,13,757,757.0
COMMODITIES,200
0,13,12,23,19,45,1117,2742.0
1,14,10,29,18,49,1072,2991.0
2,7,1,60,17,38,991,2337.0
3,12,13,26,11,43,638,2594.0
4,17,10,22,20,45,1197,2701.0
5,13,7,33,19,46,1132,2795.0
6,17,6,15,13,42,753,2537.0
7,13,3,40,20,35,1165,2141.0
8,8,13,51,19,38,1122,2297.0
9,17,2,27,22,37,1264,2246.0
10,8,9,69,20,39,1177,2397.0
11,13,2,18,15,37,893,2270.0
12,16,10,65,19,39,1108,2359.0
13,7,13,31,19,45,1124,2704.0
14,16,3,74,17,40,984,2456.0
15,4,1,43,14,39,821,2393.0
16,8,14,16,18,41,1059,2519.0
17,1,13,45,18,41,1055,2468.0
18,17,7,51,13,32,755,1922.0
19,18,13,70,14,25,831,1531.0
20,17,18,22,15,37,877,2270.0
21,13,16,23,18,44,1046,2654.0
22,20,14,42,16,43,944,2632.0
23,1,19,70,22,51,1320,3089.0
24,9,13,67,17,42,982,2556.0
25,9,8,60,20,46,1183,2771.0
26,16,19,40,13,40,765,2437.0
27,14,20,26,15,34,887,2056.0
28,20,7,58,15,45,872,2715.0
29,10,13,60,15,34,890,2090.0
30,7,10,43,17,40,999,2413.0
31,13,20,53,13,37,769,2245.0
32,13,18,67,12,44,694,2648.0
33,5,19,66,17,59,993,3558.0
34,12,15,45,18,50,1052,3007.0
35,2,13,25,19,31,1106,1914.0
36,13,6,49,20,41,1196,2493.0
37,7,3,23,21,36,1236,2180.0
38,5,20,38,21,46,1202,2818.0
39,14,12,32,21,41,1251,2513.0
40,6,15,62,14,44,811,2642.0
41,13,4,35,17,47,996,2854.0
42,1,18,50,18,38,1054,2297.0
43,10,11,45,17,33,1000,2025.0
44,20,12,26,21,38,1217,2326.0
45,13,5,43,17,47,964,2846.0
46,19,10,31,17,41,1007,2515.0
47,20,4,61,19,30,1133,1852.0
48,10,5,15,20,40,1159,2449.0
49,17,15,49,19,42,1092,2566.0
50,12,18,38,19,51,1112,3082.0
51,6,16,28,16,40,951,2432.0
52,3,2,61,21,42,1258,2569.0
53,5,2,73,17,40,982,2401.0
54,4,12,72,14,23,833,1389.0
55,3,7,27,21,49,1229,2940.0
56,19,5,34,14,32,803,1949.0
57,19,14,23,13,27,753,1656.0
58,20,15,25,20,47,1161,2820.0
59,7,15,51,19,38,1134,2338.0
60,3,10,25,17,43,979,2638.0
61,2,12,69,22,39,1286,2351.0
62,6,19,35,16,57,919,3420.0
63,5,16,27,13,44,753,2662.0
64,15,5,40,14,41,786,2493.0
65,10,2,59,22,35,1262,2114.0
66,3,20,72,16,43,903,2619.0
67,4,18,33,23,50,1351,3001.0
68,14,18,34,17,44,990,2658.0
69,1,8,25,16,39,948,2388.0
70,15,8,24,15,48,883,2930.0
71,14,13,42,15,41,852,2474.0
72,20,19,23,15,52,892,3175.0
73,7,2,43,14,42,833,2569.0
74,2,10,73,14,35,783,2106.0
75,9,12,56,18,34,1070,2085.0
76,4,9,61,22,48,1286,2909.0
77,17,14,17,12,40,689,2443.0
78,14,8,70,17,39,974,2357.0
79,1,11,66,16,29,944,1768.0
80,10,1,62,16,36,941,2207.0
81,15,3,42,16,32,937,1933.0
82,8,16,61,23,50,1323,3041.0
83,3,1,39,18,38,1074,2289.0
84,11,4,22,20,47,1170,2850.0
85,17,16,24,18,43,1032,2637.0
86,8,11,24,22,47,1277,2876.0
87,10,20,36,15,32,860,1946.0
88,9,5,42,17,48,1000,2933.0
89,20,6,26,17,43,1016,2589.0
90,19,16,56,18,44,1040,2672.0
91,14,1,16,24,57,1424,3430.0
92,8,12,16,17,42,979,2523.0
93,10,16,22,22,47,1287,2839.0
94,19,11,16,12,37,716,2269.0
95,3,9,71,16,30,905,1848.0
96,4,11,41,16,42,930,2568.0
97,6,2,31,18,47,1039,2864.0
98,12,14,45,15,43,875,2594.0
99,5,10,45,22,39,1301,2366.0
100,20,18,66,20,43,1187,2584.0
101,2,6,71,18,45,1071,2712.0
102,19,6,27,18,46,1079,2799.0
103,19,7,35,15,44,890,2664.0
104,3,12,68,17,33,1015,1991.0
105,18,2,72,15,33,841,1987.0
106,10,19,70,19,54,1133,3280.0
107,17,19,21,19,57,1103,3453.0
108,13,19,54,18,47,1022,2877.0
109,7,19,25,16,49,927,2961.0
110,2,17,66,16,35,943,2137.0
111,13,14,68,15,34,848,2060.0
112,8,1,55,16,49,947,2951.0
113,8,19,30,15,36,842,2170.0
114,8,5,37,18,41,1075,2490.0
115,8,3,46,17,41,997,2506.0
116,8,17,48,14,38,829,2289.0
117,12,19,26,15,45,880,2705.0
118,19,1,24,17,40,982,2450.0
119,6,3,63,18,41,1032,2485.0
120,16,20,66,16,46,949,2761.0
121,19,9,28,16,44,936,2656.0
122,1,4,57,16,39,948,2383.0
123,15,11,53,18,43,1062,2588.0
124,9,6,62,14,30,814,1805.0
125,20,11,30,15,43,860,2611.0
126,7,9,27,19,38,1115,2322.0
127,2,20,29,15,47,856,2855.0
128,5,14,27,19,40,1138,2406.0
129,16,6,64,17,40,1001,2429.0
130,18,17,50,10,37,554,2268.0
131,12,16,42,18,52,1035,3159.0
132,7,4,26,19,46,1120,2803.0
133,13,10,72,20,38,1172,2310.0
134,2,18,45,16,34,928,2048.0
135,12,8,51,11,38,656,2316.0
136,14,9,52,19,42,1116,2552.0
137,8,15,69,21,34,1256,2050.0
138,19,8,62,19,50,1130,3007.0
139,3,18,22,16,37,953,2240.0
140,4,15,37,13,42,762,2574.0
141,19,4,56,16,38,904,2290.0
142,10,7,49,18,32,1062,1926.0
143,10,17,34,23,48,1336,2887.0
144,4,19,63,16,50,952,3038.0
145,18,14,61,18,39,1071,2369.0
146,1,15,54,18,36,1053,2216.0
147,12,2,46,18,45,1062,2729.0
148,13,11,64,17,30,969,1855.0
149,2,9,31,19,43,1094,2619.0
150,4,20,59,21,50,1208,3039.0
151,15,7,24,13,37,761,2250.0
152,18,6,26,19,34,1099,2093.0
153,14,15,60,19,38,1124,2292.0
154,4,2,26,12,28,703,1728.0
155,1,12,71,15,39,870,2353.0
156,10,14,27,15,42,887,2565.0
157,4,14,29,19,46,1134,2817.0
158,4,3,53,15,34,856,2062.0
159,20,3,40,17,42,984,2551.0
160,19,17,67,13,32,751,1949.0
161,6,12,54,18,41,1021,2476.0
162,11,17,23,17,38,988,2313.0
163,9,18,32,18,45,1046,2739.0
164,14,11,59,14,39,838,2357.0
165,5,9,33,20,54,1190,3283.0
166,16,15,18,22,37,1302,2258.0
167,10,9,33,18,45,1071,2754.0
168,7,16,33,20,37,1181,2267.0
169,17,3,15,20,45,1159,2745.0
170,14,5,19,18,45,1064,2707.0
171,17,11,73,19,40,1128,2456.0
172,20,10,38,17,40,971,2452.0
173,13,8,25,15,40,883,2458.0
174,8,7,44,16,45,930,2748.0
175,11,9,40,17,31,972,1910.0
176,15,16,62,17,40,966,2410.0
177,16,1,44,17,32,1013,1928.0
178,16,13,71,17,37,1002,2273.0
179,3,5,46,17,38,976,2332.0
180,10,18,73,14,38,802,2320.0
181,9,10,24,11,41,637,2487.0
182,3,6,32,13,30,764,1852.0
183,6,1,24,19,51,1104,3080.0
184,5,4,61,22,48,1270,2881.0
185,3,13,23,15,37,880,2266.0
186,16,9,51,14,36,828,2188.0
187,9,14,36,18,28,1056,1695.0
188,7,20,57,24,53,1414,3180.0
189,8,10,27,20,48,1150,2895.0
190,20,2,55,21,40,1239,2455.0
191,12,11,49,18,52,1051,3162.0
192,20,9,16,20,53,1195,3182.0
193,3,19,20,15,47,868,2832.0
194,20,13,58,13,36,768,2175.0
195,8,2,66,17,41,962,2469.0
196,4,13,21,17,34,1009,2069.0
197,20,8,57,15,45,883,2752.0
198,6,8,64,20,58,1162,3525.0
199,7,8,44,16,43,957,2639.0
horizon=59
