NODES,20
1,1,-,-
2,2,-,-
3,3,-,-
4,4,-,-
5,5,-,-
6,6,-,-
7,7,-,-
8,8,-,-
9,9,-,-
10,10,-,-
11,11,-,-
12,12,-,-
13,13,-,-
14,14,-,-
15,15,-,-
16,16,-,-
17,17,-,-
18,18,-,-
19,19,-,-
20,20,-,-
ARCS,291
0,1,8,1,1310,234,40,2382,2382.0
1,1,6,7,2428,370,74,4415,4415.0
2,1,4,8,2428,294,74,4415,4415.0
3,1,9,1,1746,245,53,3175,3175.0
4,1,17,1,464,440,15,844,844.0
5,1,15,7,355,121,11,646,646.0
6,1,20,5,955,224,29,1737,1737.0
7,1,13,7,601,133,19,1093,1093.0
8,1,2,7,1364,293,42,2480,2480.0
9,1,16,9,1064,164,33,1935,1935.0
10,1,19,7,1501,490,46,2730,2730.0
11,2,12,2,382,453,12,695,695.0
12,2,8,1,1392,260,43,2531,2531.0
13,2,7,2,1582,159,48,2877,2877.0
14,2,5,9,601,515,19,1093,1093.0
15,2,11,3,519,465,16,944,944.0
16,2,20,9,437,310,14,795,795.0
17,2,4,6,1801,254,55,3275,3275.0
18,2,17,9,573,495,18,1042,1042.0
19,2,1,5,737,329,23,1340,1340.0
20,2,3,9,1364,128,42,2480,2480.0
21,2,14,6,382,118,12,695,695.0
22,2,19,7,1228,235,38,2233,2233.0
23,2,15,3,655,345,20,1191,1191.0
24,2,16,5,2319,457,71,4217,4217.0
25,2,9,7,1446,348,44,2630,2630.0
26,2,6,2,1992,253,61,3622,3622.0
27,2,13,1,546,168,17,993,993.0
28,2,18,2,491,443,15,893,893.0
29,2,10,9,1037,250,32,1886,1886.0
30,3,10,8,2701,407,82,4911,4911.0
31,3,6,4,2264,396,69,4117,4117.0
32,3,17,1,2128,132,65,3870,3870.0
33,3,4,6,1719,509,53,3126,3126.0
34,3,8,6,2373,149,72,4315,4315.0
35,3,7,2,273,409,9,497,497.0
36,3,15,4,846,346,26,1539,1539.0
37,3,2,1,2155,123,66,3919,3919.0
38,3,20,3,955,527,29,1737,1737.0
39,3,18,3,2537,342,77,4613,4613.0
40,3,5,8,2483,224,76,4515,4515.0
41,3,9,7,1910,367,58,3473,3473.0
42,3,12,2,1773,411,54,3224,3224.0
43,3,14,7,764,187,24,1390,1390.0
44,4,14,3,1773,517,54,3224,3224.0
45,4,19,1,437,155,14,795,795.0
46,4,10,3,1064,447,33,1935,1935.0
47,4,3,1,1910,163,58,3473,3473.0
48,4,9,2,519,207,16,944,944.0
49,4,2,2,1773,388,54,3224,3224.0
50,4,11,9,1255,326,39,2282,2282.0
51,4,20,3,1828,411,56,3324,3324.0
52,4,6,9,1364,128,42,2480,2480.0
53,4,5,5,573,361,18,1042,1042.0
54,4,1,8,2346,259,72,4266,4266.0
55,4,13,7,2401,255,73,4366,4366.0
56,4,12,8,1337,493,41,2431,2431.0
57,4,17,8,1201,216,37,2184,2184.0
58,4,16,9,2592,509,79,4713,4713.0
59,4,8,2,1419,199,43,2580,2580.0
60,4,7,1,1092,438,34,1986,1986.0
61,4,15,6,328,508,10,597,597.0
62,4,18,8,846,331,26,1539,1539.0
63,5,19,1,2155,222,66,3919,3919.0
64,5,1,1,655,185,20,1191,1191.0
65,5,11,9,2592,155,79,4713,4713.0
66,5,15,6,273,172,9,497,497.0
67,5,20,2,846,531,26,1539,1539.0
68,5,2,9,2401,190,73,4366,4366.0
69,5,14,4,410,418,13,746,746.0
70,5,6,7,2592,310,79,4713,4713.0
71,5,16,6,1201,330,37,2184,2184.0
72,5,17,6,2292,120,70,4168,4168.0
73,5,12,8,1446,451,44,2630,2630.0
74,5,8,3,655,294,20,1191,1191.0
75,6,4,3,1937,190,59,3522,3522.0
76,6,15,1,1883,416,58,3424,3424.0
77,6,17,7,2401,349,73,4366,4366.0
78,6,11,9,1201,225,37,2184,2184.0
79,6,13,5,2346,393,72,4266,4266.0
80,6,20,1,1828,196,56,3324,3324.0
81,6,1,7,1582,193,48,2877,2877.0
82,6,7,7,2073,476,63,3770,3770.0
83,6,5,8,1801,317,55,3275,3275.0
84,6,12,9,1419,182,43,2580,2580.0
85,6,9,4,2537,493,77,4613,4613.0
86,6,18,2,1092,359,34,1986,1986.0
87,6,14,9,2210,406,67,4019,4019.0
88,6,10,7,2510,334,77,4564,4564.0
89,7,1,8,791,190,24,1439,1439.0
90,7,20,8,682,416,21,1240,1240.0
91,7,12,1,737,466,23,1340,1340.0
92,7,14,9,1310,225,40,2382,2382.0
93,7,15,2,1282,342,39,2331,2331.0
94,7,6,6,1692,358,52,3077,3077.0
95,7,18,7,1037,194,32,1886,1886.0
96,7,2,9,2592,312,79,4713,4713.0
97,7,17,3,328,273,10,597,597.0
98,7,5,9,2237,212,68,4068,4068.0
99,8,9,1,2292,279,70,4168,4168.0
100,8,20,1,573,461,18,1042,1042.0
101,8,1,6,1910,436,58,3473,3473.0
102,8,10,6,1637,350,50,2977,2977.0
103,8,16,2,1064,427,33,1935,1935.0
104,8,11,3,2319,305,71,4217,4217.0
105,8,18,4,273,537,9,497,497.0
106,8,15,6,491,388,15,893,893.0
107,8,6,9,710,257,22,1291,1291.0
108,8,5,1,2428,530,74,4415,4415.0
109,8,13,7,2592,358,79,4713,4713.0
110,8,19,1,1501,287,46,2730,2730.0
111,8,4,9,1555,429,48,2828,2828.0
112,8,7,5,2019,474,62,3671,3671.0
113,8,14,9,1337,336,41,2431,2431.0
114,8,2,2,464,489,15,844,844.0
115,9,8,5,791,385,24,1439,1439.0
116,9,16,8,1992,342,61,3622,3622.0
117,9,19,1,2264,358,69,4117,4117.0
118,9,17,4,1255,293,39,2282,2282.0
119,9,18,5,2564,493,78,4662,4662.0
120,9,4,8,1555,312,48,2828,2828.0
121,9,2,7,1037,115,32,1886,1886.0
122,9,6,7,2619,418,80,4762,4762.0
123,9,13,4,2101,255,64,3820,3820.0
124,10,18,3,2564,476,78,4662,4662.0
125,10,5,5,1855,356,57,3373,3373.0
126,10,12,5,2292,399,70,4168,4168.0
127,10,4,3,2701,369,82,4911,4911.0
128,10,17,7,355,404,11,646,646.0
129,10,7,7,1146,320,35,2084,2084.0
130,10,1,9,764,371,24,1390,1390.0
131,10,9,3,2019,121,62,3671,3671.0
132,10,16,1,1419,431,43,2580,2580.0
133,10,3,9,573,491,18,1042,1042.0
134,10,20,4,1119,227,34,2035,2035.0
135,10,2,4,1310,140,40,2382,2382.0
136,10,13,2,955,288,29,1737,1737.0
137,10,11,8,655,224,20,1191,1191.0
138,11,6,1,1419,302,43,2580,2580.0
139,11,16,8,273,179,9,497,497.0
140,11,13,9,2537,489,77,4613,4613.0
141,11,7,2,273,190,9,497,497.0
142,11,15,8,2237,526,68,4068,4068.0
143,11,4,4,1228,237,38,2233,2233.0
144,11,14,4,328,489,10,597,597.0
145,11,20,1,1582,233,48,2877,2877.0
146,11,8,7,2373,152,72,4315,4315.0
147,11,12,1,1228,440,38,2233,2233.0
148,11,19,5,519,138,16,944,944.0
149,11,2,1,1692,327,52,3077,3077.0
150,11,10,4,1010,532,31,1837,1837.0
151,11,1,4,901,426,28,1639,1639.0
152,11,17,8,1992,469,61,3622,3622.0
153,12,7,2,2019,485,62,3671,3671.0
154,12,20,6,355,523,11,646,646.0
155,12,13,8,873,122,27,1588,1588.0
156,12,8,5,2564,459,78,4662,4662.0
157,12,10,4,2483,192,76,4515,4515.0
158,12,18,8,710,180,22,1291,1291.0
159,12,3,1,2210,230,67,4019,4019.0
160,12,19,8,1446,128,44,2630,2630.0
161,12,5,4,2346,157,72,4266,4266.0
162,12,9,7,301,234,10,548,548.0
163,12,15,4,437,224,14,795,795.0
164,12,17,6,1664,425,51,3026,3026.0
165,12,4,9,1746,480,53,3175,3175.0
166,12,2,4,764,400,24,1390,1390.0
167,12,11,1,2128,518,65,3870,3870.0
168,12,14,3,1146,285,35,2084,2084.0
169,12,1,9,1310,372,40,2382,2382.0
170,13,15,1,1664,460,51,3026,3026.0
171,13,4,6,2510,530,77,4564,4564.0
172,13,19,4,2046,385,62,3720,3720.0
173,13,5,3,2237,453,68,4068,4068.0
174,13,1,2,1146,258,35,2084,2084.0
175,13,8,1,655,214,20,1191,1191.0
176,13,11,2,1392,476,43,2531,2531.0
177,13,18,2,1037,494,32,1886,1886.0
178,13,3,1,1773,302,54,3224,3224.0
179,13,17,6,1964,479,60,3571,3571.0
180,13,7,7,2619,438,80,4762,4762.0
181,14,5,5,1419,236,43,2580,2580.0
182,14,18,1,1582,139,48,2877,2877.0
183,14,7,4,1555,141,48,2828,2828.0
184,14,19,3,1228,271,38,2233,2233.0
185,14,6,9,437,356,14,795,795.0
186,14,9,7,846,461,26,1539,1539.0
187,14,17,1,2483,227,76,4515,4515.0
188,14,8,3,2428,176,74,4415,4415.0
189,14,13,5,2510,341,77,4564,4564.0
190,14,3,2,1473,170,45,2679,2679.0
191,14,20,3,1883,157,58,3424,3424.0
192,14,2,3,1473,206,45,2679,2679.0
193,14,15,6,1910,380,58,3473,3473.0
194,15,16,2,2128,323,65,3870,3870.0
195,15,1,9,2128,415,65,3870,3870.0
196,15,18,8,1419,226,43,2580,2580.0
197,15,5,6,2428,494,74,4415,4415.0
198,15,12,1,1255,530,39,2282,2282.0
199,15,13,6,2455,195,75,4464,4464.0
200,15,17,9,1228,443,38,2233,2233.0
201,15,14,5,1419,498,43,2580,2580.0
202,15,9,9,1010,454,31,1837,1837.0
203,15,4,5,2292,428,70,4168,4168.0
204,15,3,8,1310,212,40,2382,2382.0
205,15,20,3,2401,459,73,4366,4366.0
206,15,8,5,2210,197,67,4019,4019.0
207,15,2,5,1582,453,48,2877,2877.0
208,15,19,1,1582,387,48,2877,2877.0
209,15,6,5,982,314,30,1786,1786.0
210,15,7,1,573,297,18,1042,1042.0
211,15,11,9,1719,237,53,3126,3126.0
212,16,3,8,2592,249,79,4713,4713.0
213,16,8,2,2401,198,73,4366,4366.0
214,16,14,8,1801,142,55,3275,3275.0
215,16,13,3,655,124,20,1191,1191.0
216,16,5,6,1855,315,57,3373,3373.0
217,16,1,1,1419,157,43,2580,2580.0
218,16,6,5,2455,459,75,4464,4464.0
219,16,19,7,2564,361,78,4662,4662.0
220,16,20,3,1855,468,57,3373,3373.0
221,16,18,9,2046,170,62,3720,3720.0
222,16,7,3,2019,132,62,3671,3671.0
223,16,12,1,1883,120,58,3424,3424.0
224,16,15,9,955,390,29,1737,1737.0
225,16,4,3,1855,302,57,3373,3373.0
226,16,9,1,791,531,24,1439,1439.0
227,17,3,2,1855,505,57,3373,3373.0
228,17,5,2,1473,444,45,2679,2679.0
229,17,10,2,2455,162,75,4464,4464.0
230,17,12,3,2619,129,80,4762,4762.0
231,17,7,4,491,112,15,893,893.0
232,17,2,8,2155,151,66,3919,3919.0
233,17,14,2,2155,236,66,3919,3919.0
234,17,16,5,928,127,29,1688,1688.0
235,17,9,7,1992,154,61,3622,3622.0
236,17,11,4,573,423,18,1042,1042.0
237,17,19,2,2564,136,78,4662,4662.0
238,17,18,3,1910,252,58,3473,3473.0
239,17,15,6,846,377,26,1539,1539.0
240,18,2,9,1883,527,58,3424,3424.0
241,18,15,5,628,242,20,1142,1142.0
242,18,11,5,2155,335,66,3919,3919.0
243,18,8,7,1146,455,35,2084,2084.0
244,18,12,5,328,395,10,597,597.0
245,18,13,9,1773,437,54,3224,3224.0
246,18,3,6,2046,210,62,3720,3720.0
247,18,16,3,2646,453,81,4811,4811.0
248,18,19,9,1310,443,40,2382,2382.0
249,18,4,5,1228,483,38,2233,2233.0
250,18,10,8,1364,140,42,2480,2480.0
251,18,1,1,1010,288,31,1837,1837.0
252,18,6,6,2646,359,81,4811,4811.0
253,18,20,1,2455,176,75,4464,4464.0
254,18,7,2,1883,244,58,3424,3424.0
255,19,18,3,764,530,24,1390,1390.0
256,19,14,7,819,229,25,1490,1490.0
257,19,4,9,1228,451,38,2233,2233.0
258,19,8,7,464,513,15,844,844.0
259,19,20,3,2019,208,62,3671,3671.0
260,19,9,5,410,237,13,746,746.0
261,19,5,1,328,163,10,597,597.0
262,19,10,4,982,269,30,1786,1786.0
263,19,16,7,901,373,28,1639,1639.0
264,19,12,1,2428,512,74,4415,4415.0
265,19,1,3,2673,317,81,4860,4860.0
266,19,2,2,601,244,19,1093,1093.0
267,19,15,5,1173,455,36,2133,2133.0
268,19,6,3,1883,409,58,3424,3424.0
269,19,13,9,2183,427,67,3970,3970.0
270,19,7,7,2264,154,69,4117,4117.0
271,19,17,5,955,447,29,1737,1737.0
272,19,11,4,1146,515,35,2084,2084.0
273,20,7,9,819,126,25,1490,1490.0
274,20,8,5,1828,309,56,3324,3324.0
275,20,5,5,1392,229,43,2531,2531.0
276,20,6,9,464,309,15,844,844.0
277,20,10,5,1501,354,46,2730,2730.0
278,20,14,9,1610,179,49,2928,2928.0
279,20,17,6,2701,197,82,4911,4911.0
280,20,13,3,819,298,25,1490,1490.0
281,20,2,5,1337,287,41,2431,2431.0
282,20,9,4,2237,458,68,4068,4068.0
283,20,12,2,873,268,27,1588,1588.0
284,20,11,6,1364,341,42,2480,2480.0
285,20,16,2,982,186,30,1786,1786.0
286,20,15,9,2101,254,64,3820,3820.0
287,20,4,6,2673,350,81,4860,4860.0
288,20,1,7,1637,432,50,2977,2977.0
289,20,3,1,1173,510,36,2133,2133.0
290,20,18,8,1228,180,38,2233,2233.0
COMMODITIES,200
0,9,18,49,22,62,1292,3744.0
1,20,16,39,45,84,2692,5062.0
2,19,5,50,65,82,3845,4940.0
3,4,17,57,25,70,1463,4252.0
4,1,8,65,56,101,3318,6105.0
5,12,8,16,49,89,2929,5346.0
6,2,7,58,40,73,2380,4380.0
7,5,2,62,50,90,2958,5438.0
8,9,19,27,53,125,3129,7508.0
9,13,10,74,54,129,3235,7771.0
10,4,10,59,48,89,2866,5344.0
11,1,10,28,40,108,2376,6536.0
12,12,6,18,36,71,2138,4297.0
13,8,13,19,32,71,1875,4311.0
14,18,6,57,27,70,1575,4249.0
15,1,13,30,23,54,1356,3244.0
16,19,1,50,38,75,2229,4556.0
17,15,8,71,21,84,1211,5081.0
18,1,5,58,51,115,3028,6900.0
19,12,19,21,42,95,2497,5739.0
20,1,11,61,55,93,3251,5585.0
21,16,12,71,42,106,2484,6378.0
22,16,19,24,54,134,3204,8045.0
23,20,8,24,28,82,1621,4920.0
24,3,13,17,21,80,1247,4826.0
25,20,13,74,17,50,1015,3045.0
26,15,5,43,53,121,3160,7309.0
27,6,20,63,48,112,2847,6731.0
28,11,1,57,48,84,2835,5088.0
29,13,19,20,43,111,2543,6692.0
30,17,3,19,49,112,2927,6747.0
31,3,12,33,28,64,1668,3894.0
32,10,12,65,34,90,2036,5446.0
33,13,16,39,39,95,2316,5757.0
34,18,10,67,45,95,2656,5741.0
35,5,6,56,55,87,3242,5276.0
36,16,8,19,43,91,2537,5484.0
37,20,4,47,52,133,3119,8019.0
38,16,13,25,29,59,1711,3569.0
39,17,5,47,38,89,2243,5392.0
40,19,13,18,47,90,2782,5420.0
41,8,18,39,54,71,3199,4305.0
42,17,13,32,42,94,2464,5646.0
43,7,10,35,36,101,2103,6117.0
44,10,17,64,29,48,1696,2891.0
45,4,6,41,30,79,1800,4750.0
46,7,11,59,47,83,2786,5002.0
47,1,16,53,34,76,2009,4588.0
48,15,2,39,56,110,3311,6637.0
49,20,18,72,29,74,1694,4470.0
50,8,17,49,21,63,1213,3781.0
51,14,2,73,39,92,2288,5564.0
52,12,14,72,28,72,1629,4371.0
53,4,2,57,10,51,573,3117.0
54,7,6,34,42,87,2490,5225.0
55,4,13,44,60,116,3541,6984.0
56,6,11,30,41,85,2424,5105.0
57,16,5,73,25,89,1470,5345.0
58,14,19,38,22,68,1297,4136.0
59,11,20,16,35,70,2049,4235.0
60,2,11,36,60,87,3565,5232.0
61,1,12,49,43,100,2570,6024.0
62,3,1,21,45,86,2695,5162.0
63,4,12,25,18,59,1036,3578.0
64,16,17,73,33,96,1979,5808.0
65,5,19,58,48,111,2867,6687.0
66,5,10,41,27,102,1588,6120.0
67,2,10,68,16,59,923,3555.0
68,17,18,44,47,103,2777,6233.0
69,9,3,70,36,116,2106,6962.0
70,9,5,15,17,77,967,4663.0
71,12,4,64,58,118,3452,7116.0
72,1,18,45,24,79,1440,4744.0
73,15,14,26,40,91,2389,5469.0
74,18,9,53,59,85,3520,5140.0
75,2,20,17,54,78,3203,4686.0
76,18,1,35,32,70,1892,4241.0
77,20,2,74,39,88,2290,5301.0
78,20,19,53,26,93,1536,5586.0
79,6,18,38,59,99,3517,5990.0
80,4,5,45,52,76,3109,4619.0
81,15,1,22,46,95,2707,5719.0
82,4,19,55,31,51,1811,3098.0
83,13,15,15,40,83,2351,5007.0
84,20,7,57,45,74,2649,4492.0
85,2,12,50,27,45,1606,2752.0
86,3,15,25,31,61,1835,3710.0
87,9,17,54,36,81,2125,4863.0
88,18,12,35,46,62,2738,3769.0
89,19,14,22,28,60,1649,3622.0
90,3,6,66,12,57,688,3451.0
91,5,20,49,33,65,1969,3952.0
92,10,13,33,26,65,1519,3912.0
93,17,10,64,40,95,2400,5720.0
94,15,7,24,26,51,1513,3072.0
95,8,10,22,48,102,2848,6132.0
96,10,3,26,29,55,1710,3313.0
97,4,11,69,43,90,2540,5406.0
98,12,20,29,30,48,1799,2934.0
99,3,10,60,46,122,2746,7363.0
100,5,3,59,28,87,1635,5228.0
101,6,8,70,21,96,1203,5783.0
102,1,6,61,28,76,1667,4604.0
103,12,17,49,57,106,3396,6393.0
104,15,17,28,27,62,1608,3762.0
105,4,18,17,19,51,1098,3064.0
106,6,13,29,25,95,1494,5733.0
107,7,8,35,29,94,1705,5699.0
108,10,20,16,37,80,2182,4813.0
109,17,16,53,41,76,2430,4571.0
110,2,18,68,33,57,1943,3465.0
111,12,18,73,57,86,3407,5191.0
112,17,11,49,21,49,1260,2998.0
113,3,7,52,25,41,1469,2517.0
114,1,17,28,54,78,3200,4692.0
115,3,5,32,38,106,2222,6414.0
116,18,8,49,27,67,1595,4061.0
117,8,9,61,37,73,2163,4392.0
118,16,10,16,27,121,1618,7298.0
119,7,2,17,37,92,2191,5568.0
120,11,5,65,35,67,2052,4058.0
121,16,4,23,39,104,2328,6293.0
122,10,7,41,34,67,1998,4030.0
123,8,19,66,22,74,1308,4445.0
124,14,13,38,39,108,2322,6516.0
125,5,8,45,40,70,2391,4220.0
126,9,10,51,59,131,3537,7876.0
127,4,14,35,28,65,1651,3906.0
128,7,20,63,37,67,2164,4021.0
129,3,14,62,38,74,2270,4440.0
130,7,5,31,51,112,3052,6778.0
131,5,15,43,48,64,2864,3869.0
132,3,4,26,65,126,3844,7581.0
133,16,1,38,38,89,2280,5361.0
134,17,20,48,48,93,2855,5585.0
135,9,6,49,27,79,1585,4743.0
136,15,12,60,49,99,2911,5990.0
137,16,18,20,40,98,2379,5887.0
138,3,2,41,31,91,1816,5496.0
139,8,4,51,48,102,2875,6176.0
140,2,4,63,34,91,1996,5518.0
141,19,16,72,50,86,2975,5189.0
142,7,9,60,38,78,2279,4700.0
143,12,9,57,50,68,2976,4099.0
144,3,19,48,19,79,1132,4763.0
145,1,4,42,39,114,2321,6870.0
146,13,2,23,32,73,1867,4404.0
147,15,3,60,35,85,2049,5152.0
148,18,15,66,36,65,2160,3924.0
149,8,20,32,44,72,2598,4338.0
150,9,16,48,48,114,2842,6878.0
151,16,15,59,38,74,2239,4449.0
152,16,3,35,18,94,1054,5694.0
153,8,2,36,54,77,3215,4621.0
154,20,11,41,41,90,2459,5449.0
155,2,16,74,51,83,3024,4999.0
156,15,11,43,35,91,2065,5498.0
157,18,20,31,45,72,2657,4376.0
158,18,2,41,26,69,1549,4152.0
159,8,7,68,35,75,2060,4541.0
160,12,16,52,51,102,3041,6128.0
161,7,3,42,46,109,2714,6568.0
162,12,13,19,40,75,2363,4536.0
163,12,1,35,66,115,3934,6909.0
164,16,7,31,16,70,914,4245.0
165,10,4,67,44,110,2606,6649.0
166,17,6,67,52,102,3120,6167.0
167,3,18,31,47,97,2766,5865.0
168,8,15,56,41,65,2420,3939.0
169,14,20,40,12,79,697,4768.0
170,19,9,72,30,50,1750,3002.0
171,17,7,19,49,72,2907,4330.0
172,14,5,17,32,82,1894,4967.0
173,7,14,16,34,83,2034,4995.0
174,2,8,45,39,86,2325,5164.0
175,17,14,34,29,66,1728,4017.0
176,5,4,62,28,100,1639,6046.0
177,6,12,56,40,90,2360,5455.0
178,15,9,16,39,79,2329,4752.0
179,2,1,55,46,78,2756,4722.0
180,5,12,37,43,88,2555,5338.0
181,19,18,21,26,57,1534,3453.0
182,4,9,65,30,55,1774,3329.0
183,6,19,43,45,105,2698,6349.0
184,20,17,26,50,92,2991,5521.0
185,1,20,69,36,70,2156,4234.0
186,1,14,23,46,95,2724,5728.0
187,20,10,45,19,73,1081,4396.0
188,7,4,51,42,112,2485,6725.0
189,14,10,35,67,140,3987,8459.0
190,19,12,48,43,82,2564,4944.0
191,14,1,63,44,112,2591,6773.0
192,4,15,54,40,59,2349,3595.0
193,4,8,51,39,75,2322,4523.0
194,1,19,69,32,86,1874,5180.0
195,7,17,59,37,54,2171,3252.0
196,3,17,57,47,72,2803,4361.0
197,8,3,17,11,71,622,4315.0
198,9,20,67,47,94,2785,5680.0
199,16,6,74,26,93,1516,5614.0
horizon=140
