NODES,30
1,1,-,-
2,2,-,-
3,3,-,-
4,4,-,-
5,5,-,-
6,6,-,-
7,7,-,-
8,8,-,-
9,9,-,-
10,10,-,-
11,11,-,-
12,12,-,-
13,13,-,-
14,14,-,-
15,15,-,-
16,16,-,-
17,17,-,-
18,18,-,-
19,19,-,-
20,20,-,-
21,21,-,-
22,22,-,-
23,23,-,-
24,24,-,-
25,25,-,-
26,26,-,-
27,27,-,-
28,28,-,-
29,29,-,-
30,30,-,-
ARCS,520
0,1,18,7,564,612,18,1026,1026.0
1,1,6,2,383,374,12,697,697.0
2,1,27,3,513,157,16,933,933.0
3,1,19,2,181,545,6,330,330.0
4,1,30,7,145,637,5,264,264.0
5,1,20,2,600,687,19,1091,1091.0
6,1,25,9,94,279,3,171,171.0
7,1,4,4,73,640,3,133,133.0
8,1,21,2,420,220,13,764,764.0
9,1,16,4,477,182,15,868,868.0
10,1,29,6,644,532,20,1171,1171.0
11,1,8,9,131,300,4,239,239.0
12,2,17,3,159,272,5,290,290.0
13,2,10,9,600,354,19,1091,1091.0
14,2,15,2,622,310,19,1131,1131.0
15,2,13,7,542,462,17,986,986.0
16,2,19,9,152,373,5,277,277.0
17,2,14,4,261,612,8,475,475.0
18,2,20,5,485,393,15,882,882.0
19,2,9,2,210,655,7,382,382.0
20,2,11,6,615,644,19,1119,1119.0
21,2,16,5,607,189,19,1104,1104.0
22,2,26,4,275,417,9,500,500.0
23,2,5,8,535,163,17,973,973.0
24,2,27,5,535,412,17,973,973.0
25,2,12,5,521,685,16,948,948.0
26,2,18,4,391,722,12,711,711.0
27,3,20,1,586,682,18,1066,1066.0
28,3,16,4,672,681,21,1222,1222.0
29,3,24,4,644,513,20,1171,1171.0
30,3,17,5,311,244,10,566,566.0
31,3,5,8,427,558,13,777,777.0
32,3,29,4,644,647,20,1171,1171.0
33,3,28,6,210,639,7,382,382.0
34,3,7,7,441,626,14,802,802.0
35,3,13,2,87,373,3,159,159.0
36,3,25,4,268,155,9,488,488.0
37,3,22,3,239,520,8,435,435.0
38,3,18,5,615,723,19,1119,1119.0
39,3,14,3,441,374,14,802,802.0
40,3,11,6,571,437,18,1039,1039.0
41,3,19,5,593,415,18,1079,1079.0
42,3,27,3,672,580,21,1222,1222.0
43,3,12,9,427,716,13,777,777.0
44,3,6,8,528,392,16,960,960.0
45,3,8,9,593,395,18,1079,1079.0
46,3,15,9,470,344,15,855,855.0
47,3,4,5,571,561,18,1039,1039.0
48,3,10,1,87,182,3,159,159.0
49,3,9,2,672,360,21,1222,1222.0
50,3,1,3,224,507,7,408,408.0
51,4,11,8,398,440,13,724,724.0
52,4,10,8,456,456,14,830,830.0
53,4,1,8,644,680,20,1171,1171.0
54,4,21,2,217,317,7,395,395.0
55,4,23,6,557,469,17,1013,1013.0
56,4,27,1,333,496,11,606,606.0
57,4,24,5,528,325,16,960,960.0
58,4,28,7,145,234,5,264,264.0
59,4,30,9,456,440,14,830,830.0
60,4,9,1,217,227,7,395,395.0
61,4,3,3,521,370,16,948,948.0
62,4,17,7,665,659,21,1210,1210.0
63,4,13,2,521,148,16,948,948.0
64,5,12,6,369,291,12,671,671.0
65,5,2,2,203,329,7,370,370.0
66,5,30,4,636,439,20,1157,1157.0
67,5,19,6,87,550,3,159,159.0
68,5,13,1,188,700,6,342,342.0
69,5,22,5,636,685,20,1157,1157.0
70,5,4,5,268,713,9,488,488.0
71,5,10,7,456,176,14,830,830.0
72,5,26,6,535,399,17,973,973.0
73,5,25,9,528,284,16,960,960.0
74,5,3,6,304,590,10,553,553.0
75,5,8,1,506,231,16,920,920.0
76,5,27,4,441,246,14,802,802.0
77,5,24,6,557,634,17,1013,1013.0
78,5,21,3,448,465,14,815,815.0
79,6,11,9,138,195,5,251,251.0
80,6,30,5,521,504,16,948,948.0
81,6,1,8,383,682,12,697,697.0
82,6,19,8,326,344,10,593,593.0
83,6,3,8,578,195,18,1051,1051.0
84,6,10,5,434,201,14,790,790.0
85,6,22,5,391,284,12,711,711.0
86,6,4,2,73,258,3,133,133.0
87,6,26,6,275,147,9,500,500.0
88,6,18,2,268,459,9,488,488.0
89,6,27,5,405,243,13,737,737.0
90,6,17,9,600,228,19,1091,1091.0
91,6,28,1,398,157,13,724,724.0
92,6,14,4,232,338,8,422,422.0
93,6,16,5,376,493,12,684,684.0
94,6,5,1,564,680,18,1026,1026.0
95,7,23,9,87,222,3,159,159.0
96,7,11,6,420,631,13,764,764.0
97,7,8,8,600,298,19,1091,1091.0
98,7,26,5,340,297,11,619,619.0
99,7,27,8,80,607,3,146,146.0
100,7,20,5,369,481,12,671,671.0
101,7,22,9,644,604,20,1171,1171.0
102,7,3,7,347,436,11,631,631.0
103,7,24,5,593,526,18,1079,1079.0
104,7,10,4,398,491,13,724,724.0
105,7,9,9,622,671,19,1131,1131.0
106,7,1,3,564,272,18,1026,1026.0
107,8,14,4,694,206,22,1262,1262.0
108,8,30,6,102,325,4,186,186.0
109,8,9,7,571,212,18,1039,1039.0
110,8,17,8,448,231,14,815,815.0
111,8,25,6,232,215,8,422,422.0
112,8,4,5,701,513,22,1275,1275.0
113,8,27,9,557,452,17,1013,1013.0
114,8,13,7,188,314,6,342,342.0
115,8,26,3,152,487,5,277,277.0
116,8,10,2,123,332,4,224,224.0
117,8,19,6,593,666,18,1079,1079.0
118,8,28,3,80,453,3,146,146.0
119,8,11,1,701,278,22,1275,1275.0
120,8,2,7,217,682,7,395,395.0
121,8,16,7,434,218,14,790,790.0
122,8,7,7,174,582,6,317,317.0
123,8,12,6,680,260,21,1237,1237.0
124,8,6,7,644,417,20,1171,1171.0
125,8,20,6,593,478,18,1079,1079.0
126,8,24,7,391,268,12,711,711.0
127,8,22,4,492,317,15,895,895.0
128,8,3,2,658,586,20,1197,1197.0
129,8,5,4,145,358,5,264,264.0
130,8,15,1,261,363,8,475,475.0
131,8,18,4,644,459,20,1171,1171.0
132,9,16,2,535,387,17,973,973.0
133,9,4,6,224,252,7,408,408.0
134,9,17,6,513,306,16,933,933.0
135,9,11,3,694,379,22,1262,1262.0
136,9,27,6,362,411,11,659,659.0
137,9,13,6,116,348,4,211,211.0
138,9,26,8,593,608,18,1079,1079.0
139,9,25,7,427,176,13,777,777.0
140,9,24,6,463,408,15,842,842.0
141,9,6,1,224,710,7,408,408.0
142,9,3,9,80,447,3,146,146.0
143,9,5,6,672,312,21,1222,1222.0
144,9,8,8,644,636,20,1171,1171.0
145,9,2,8,311,268,10,566,566.0
146,9,19,6,311,482,10,566,566.0
147,9,7,6,369,728,12,671,671.0
148,9,29,1,289,345,9,526,526.0
149,9,10,3,405,269,13,737,737.0
150,9,20,3,448,415,14,815,815.0
151,9,14,1,571,430,18,1039,1039.0
152,9,21,2,535,513,17,973,973.0
153,9,18,6,463,522,15,842,842.0
154,10,3,4,644,618,20,1171,1171.0
155,10,24,5,246,534,8,448,448.0
156,10,9,8,275,526,9,500,500.0
157,10,6,5,456,680,14,830,830.0
158,10,29,9,232,278,8,422,422.0
159,10,11,2,253,551,8,460,460.0
160,10,23,2,535,233,17,973,973.0
161,10,26,7,152,338,5,277,277.0
162,10,4,5,434,211,14,790,790.0
163,10,22,9,463,552,15,842,842.0
164,10,2,9,463,320,15,842,842.0
165,10,7,6,644,203,20,1171,1171.0
166,10,30,6,152,411,5,277,277.0
167,10,14,6,557,694,17,1013,1013.0
168,10,15,4,420,437,13,764,764.0
169,11,20,2,102,221,4,186,186.0
170,11,18,4,658,688,20,1197,1197.0
171,11,3,1,224,428,7,408,408.0
172,11,21,3,644,452,20,1171,1171.0
173,11,7,8,694,171,22,1262,1262.0
174,11,5,8,420,215,13,764,764.0
175,11,12,2,362,443,11,659,659.0
176,11,17,7,275,344,9,500,500.0
177,11,16,1,355,411,11,646,646.0
178,11,26,8,275,450,9,500,500.0
179,11,9,7,239,370,8,435,435.0
180,11,6,2,268,408,9,488,488.0
181,11,25,5,571,345,18,1039,1039.0
182,11,4,5,506,571,16,920,920.0
183,11,15,4,716,599,22,1302,1302.0
184,11,24,5,535,547,17,973,973.0
185,11,8,9,420,307,13,764,764.0
186,11,29,9,593,471,18,1079,1079.0
187,11,1,2,709,199,22,1290,1290.0
188,12,21,8,131,637,4,239,239.0
189,12,27,9,347,335,11,631,631.0
190,12,6,4,138,681,5,251,251.0
191,12,8,4,318,564,10,579,579.0
192,12,5,8,658,414,20,1197,1197.0
193,12,24,1,181,696,6,330,330.0
194,12,10,2,506,707,16,920,920.0
195,12,16,8,80,582,3,146,146.0
196,12,13,6,680,515,21,1237,1237.0
197,12,30,2,672,259,21,1222,1222.0
198,12,11,7,448,520,14,815,815.0
199,12,17,6,304,577,10,553,553.0
200,12,25,1,203,669,7,370,370.0
201,12,2,7,282,590,9,513,513.0
202,12,4,1,152,266,5,277,277.0
203,12,3,6,651,665,20,1184,1184.0
204,12,22,8,383,382,12,697,697.0
205,13,5,9,593,220,18,1079,1079.0
206,13,26,9,188,444,6,342,342.0
207,13,17,8,506,319,16,920,920.0
208,13,20,3,622,276,19,1131,1131.0
209,13,23,8,651,682,20,1184,1184.0
210,13,3,1,398,211,13,724,724.0
211,13,27,9,607,453,19,1104,1104.0
212,13,9,9,224,192,7,408,408.0
213,13,25,1,145,615,5,264,264.0
214,13,8,6,716,453,22,1302,1302.0
215,13,6,5,513,447,16,933,933.0
216,13,16,8,665,161,21,1210,1210.0
217,13,7,4,347,440,11,631,631.0
218,13,24,8,694,678,22,1262,1262.0
219,14,24,3,456,715,14,830,830.0
220,14,16,3,615,663,19,1119,1119.0
221,14,17,1,492,182,15,895,895.0
222,14,8,1,542,682,17,986,986.0
223,14,6,3,615,430,19,1119,1119.0
224,14,15,8,131,471,4,239,239.0
225,14,10,5,340,411,11,619,619.0
226,14,19,8,528,361,16,960,960.0
227,14,29,8,253,512,8,460,460.0
228,14,2,1,289,320,9,526,526.0
229,14,25,1,513,189,16,933,933.0
230,14,4,5,102,498,4,186,186.0
231,14,23,6,564,387,18,1026,1026.0
232,14,9,4,456,342,14,830,830.0
233,14,30,1,398,355,13,724,724.0
234,14,1,3,492,298,15,895,895.0
235,14,18,5,174,525,6,317,317.0
236,14,12,6,665,173,21,1210,1210.0
237,14,27,8,376,477,12,684,684.0
238,14,13,3,80,709,3,146,146.0
239,15,19,3,333,376,11,606,606.0
240,15,26,7,232,285,8,422,422.0
241,15,16,4,217,147,7,395,395.0
242,15,10,2,716,646,22,1302,1302.0
243,15,21,1,239,295,8,435,435.0
244,15,18,2,687,720,21,1250,1250.0
245,15,14,1,448,665,14,815,815.0
246,15,28,2,492,276,15,895,895.0
247,15,25,1,333,268,11,606,606.0
248,15,13,3,174,404,6,317,317.0
249,15,29,5,492,370,15,895,895.0
250,15,2,7,318,488,10,579,579.0
251,15,4,5,333,618,11,606,606.0
252,15,9,5,622,170,19,1131,1131.0
253,15,27,5,528,458,16,960,960.0
254,15,23,5,333,598,11,606,606.0
255,15,30,5,123,447,4,224,224.0
256,15,24,3,362,430,11,659,659.0
257,15,1,8,441,364,14,802,802.0
258,16,21,6,196,450,6,357,357.0
259,16,30,5,615,710,19,1119,1119.0
260,16,11,1,694,703,22,1262,1262.0
261,16,23,6,210,713,7,382,382.0
262,16,24,9,109,690,4,199,199.0
263,16,17,7,246,186,8,448,448.0
264,16,6,9,434,653,14,790,790.0
265,16,13,1,463,690,15,842,842.0
266,16,2,2,289,647,9,526,526.0
267,16,14,8,694,196,22,1262,1262.0
268,16,12,9,412,395,13,750,750.0
269,16,18,2,578,547,18,1051,1051.0
270,16,3,7,680,661,21,1237,1237.0
271,16,1,7,420,455,13,764,764.0
272,16,10,8,102,468,4,186,186.0
273,17,15,3,644,272,20,1171,1171.0
274,17,9,8,434,481,14,790,790.0
275,17,25,8,282,434,9,513,513.0
276,17,23,4,318,517,10,579,579.0
277,17,12,8,232,709,8,422,422.0
278,17,7,4,665,236,21,1210,1210.0
279,17,27,3,340,368,11,619,619.0
280,17,18,7,326,592,10,593,593.0
281,17,5,3,203,493,7,370,370.0
282,17,28,9,167,665,6,304,304.0
283,17,6,4,607,636,19,1104,1104.0
284,17,13,2,636,411,20,1157,1157.0
285,17,21,5,355,725,11,646,646.0
286,17,16,1,210,420,7,382,382.0
287,17,26,2,716,674,22,1302,1302.0
288,17,3,3,333,420,11,606,606.0
289,17,10,2,521,655,16,948,948.0
290,17,14,8,333,577,11,606,606.0
291,18,30,4,289,655,9,526,526.0
292,18,12,2,311,515,10,566,566.0
293,18,13,5,239,347,8,435,435.0
294,18,9,5,600,218,19,1091,1091.0
295,18,7,3,289,544,9,526,526.0
296,18,29,7,268,567,9,488,488.0
297,18,24,2,492,634,15,895,895.0
298,18,23,8,470,560,15,855,855.0
299,18,22,6,535,271,17,973,973.0
300,18,3,8,131,398,4,239,239.0
301,18,14,3,232,611,8,422,422.0
302,18,11,5,636,266,20,1157,1157.0
303,18,20,8,217,666,7,395,395.0
304,18,21,6,528,725,16,960,960.0
305,18,10,2,665,488,21,1210,1210.0
306,18,4,5,203,729,7,370,370.0
307,18,15,8,586,269,18,1066,1066.0
308,18,28,8,87,345,3,159,159.0
309,18,2,7,557,310,17,1013,1013.0
310,18,26,5,253,650,8,460,460.0
311,18,6,3,116,707,4,211,211.0
312,19,29,5,131,347,4,239,239.0
313,19,11,7,405,523,13,737,737.0
314,19,7,9,131,460,4,239,239.0
315,19,22,3,289,237,9,526,526.0
316,19,18,8,398,208,13,724,724.0
317,19,23,4,535,215,17,973,973.0
318,19,27,9,622,593,19,1131,1131.0
319,19,24,8,629,459,20,1144,1144.0
320,19,15,3,398,631,13,724,724.0
321,19,9,9,651,198,20,1184,1184.0
322,19,25,5,188,357,6,342,342.0
323,19,21,8,347,198,11,631,631.0
324,19,6,6,217,453,7,395,395.0
325,19,28,1,123,479,4,224,224.0
326,19,3,4,499,696,16,908,908.0
327,19,17,7,477,639,15,868,868.0
328,19,10,6,203,675,7,370,370.0
329,20,6,9,217,453,7,395,395.0
330,20,14,6,434,617,14,790,790.0
331,20,17,7,80,241,3,146,146.0
332,20,18,5,477,614,15,868,868.0
333,20,11,8,456,393,14,830,830.0
334,20,12,6,607,326,19,1104,1104.0
335,20,24,2,701,455,22,1275,1275.0
336,20,26,6,456,224,14,830,830.0
337,20,7,4,636,234,20,1157,1157.0
338,20,2,8,116,252,4,211,211.0
339,20,13,4,311,293,10,566,566.0
340,20,27,3,347,447,11,631,631.0
341,20,29,9,427,217,13,777,777.0
342,20,22,9,333,491,11,606,606.0
343,20,8,1,289,203,9,526,526.0
344,21,2,2,188,618,6,342,342.0
345,21,25,2,116,274,4,211,211.0
346,21,9,9,571,487,18,1039,1039.0
347,21,29,6,253,567,8,460,460.0
348,21,24,9,246,494,8,448,448.0
349,21,3,9,333,456,11,606,606.0
350,21,30,2,347,154,11,631,631.0
351,21,15,2,694,571,22,1262,1262.0
352,21,26,6,318,536,10,579,579.0
353,21,16,1,261,189,8,475,475.0
354,21,17,1,232,385,8,422,422.0
355,21,1,1,123,409,4,224,224.0
356,21,5,2,224,639,7,408,408.0
357,21,20,3,420,366,13,764,764.0
358,21,6,6,615,209,19,1119,1119.0
359,21,10,5,109,274,4,199,199.0
360,21,27,9,174,662,6,317,317.0
361,21,13,7,622,341,19,1131,1131.0
362,21,8,1,159,173,5,290,290.0
363,22,16,9,571,663,18,1039,1039.0
364,22,27,8,109,604,4,199,199.0
365,22,3,8,477,621,15,868,868.0
366,22,24,2,644,155,20,1171,1171.0
367,22,2,4,333,231,11,606,606.0
368,22,11,9,340,425,11,619,619.0
369,22,13,5,672,281,21,1222,1222.0
370,22,5,6,261,710,8,475,475.0
371,22,8,8,391,182,12,711,711.0
372,22,20,9,282,643,9,513,513.0
373,22,30,9,102,696,4,186,186.0
374,22,4,2,680,519,21,1237,1237.0
375,22,18,4,701,370,22,1275,1275.0
376,22,21,9,181,621,6,330,330.0
377,22,14,6,333,656,11,606,606.0
378,22,6,1,123,693,4,224,224.0
379,22,10,5,680,481,21,1237,1237.0
380,22,17,3,282,519,9,513,513.0
381,22,12,5,521,482,16,948,948.0
382,22,25,5,420,463,13,764,764.0
383,22,9,1,701,271,22,1275,1275.0
384,23,24,8,275,335,9,500,500.0
385,23,3,1,716,684,22,1302,1302.0
386,23,17,8,542,294,17,986,986.0
387,23,11,9,593,164,18,1079,1079.0
388,23,9,8,318,542,10,579,579.0
389,23,1,4,253,706,8,460,460.0
390,23,25,7,485,566,15,882,882.0
391,23,20,1,80,681,3,146,146.0
392,23,13,6,383,358,12,697,697.0
393,23,28,8,434,726,14,790,790.0
394,23,22,3,304,548,10,553,553.0
395,23,10,4,398,203,13,724,724.0
396,23,29,5,102,545,4,186,186.0
397,24,14,9,441,614,14,802,802.0
398,24,26,1,535,658,17,973,973.0
399,24,23,3,210,335,7,382,382.0
400,24,19,2,513,249,16,933,933.0
401,24,1,7,557,571,17,1013,1013.0
402,24,18,1,239,336,8,435,435.0
403,24,10,8,232,719,8,422,422.0
404,24,13,8,672,290,21,1222,1222.0
405,24,29,1,694,650,22,1262,1262.0
406,24,15,5,80,395,3,146,146.0
407,24,28,5,557,519,17,1013,1013.0
408,24,22,3,289,373,9,526,526.0
409,24,21,8,239,183,8,435,435.0
410,24,3,7,87,201,3,159,159.0
411,24,6,7,427,259,13,777,777.0
412,24,4,8,564,274,18,1026,1026.0
413,24,27,3,593,539,18,1079,1079.0
414,25,2,5,716,186,22,1302,1302.0
415,25,14,7,434,166,14,790,790.0
416,25,15,6,174,179,6,317,317.0
417,25,12,9,709,566,22,1290,1290.0
418,25,16,1,326,652,10,593,593.0
419,25,21,7,239,288,8,435,435.0
420,25,6,8,87,570,3,159,159.0
421,25,18,1,123,460,4,224,224.0
422,25,24,8,347,532,11,631,631.0
423,25,26,6,658,323,20,1197,1197.0
424,25,10,5,355,366,11,646,646.0
425,25,7,3,571,298,18,1039,1039.0
426,25,9,9,347,434,11,631,631.0
427,25,13,3,564,567,18,1026,1026.0
428,25,28,5,73,450,3,133,133.0
429,25,20,6,174,446,6,317,317.0
430,25,30,1,398,481,13,724,724.0
431,25,3,4,499,490,16,908,908.0
432,25,5,5,282,618,9,513,513.0
433,25,8,4,318,373,10,579,579.0
434,26,23,8,701,564,22,1275,1275.0
435,26,29,5,174,573,6,317,317.0
436,26,18,6,123,317,4,224,224.0
437,26,22,4,550,550,17,1000,1000.0
438,26,11,8,470,487,15,855,855.0
439,26,1,1,196,729,6,357,357.0
440,26,12,3,550,458,17,1000,1000.0
441,26,8,3,593,685,18,1079,1079.0
442,26,3,1,434,497,14,790,790.0
443,26,25,3,383,440,12,697,697.0
444,26,7,1,578,589,18,1051,1051.0
445,26,21,1,362,723,11,659,659.0
446,26,4,3,427,463,13,777,777.0
447,26,16,4,600,472,19,1091,1091.0
448,26,13,5,521,335,16,948,948.0
449,26,2,2,275,249,9,500,500.0
450,26,28,8,586,341,18,1066,1066.0
451,26,6,6,694,367,22,1262,1262.0
452,27,15,9,412,576,13,750,750.0
453,27,2,4,535,639,17,973,973.0
454,27,3,8,369,477,12,671,671.0
455,27,20,8,636,199,20,1157,1157.0
456,27,21,4,622,536,19,1131,1131.0
457,27,25,3,528,458,16,960,960.0
458,27,4,5,571,440,18,1039,1039.0
459,27,26,4,456,490,14,830,830.0
460,27,16,1,615,604,19,1119,1119.0
461,27,18,8,405,431,13,737,737.0
462,27,6,7,528,558,16,960,960.0
463,27,30,9,571,462,18,1039,1039.0
464,27,24,4,224,423,7,408,408.0
465,27,28,6,282,164,9,513,513.0
466,27,14,3,167,399,6,304,304.0
467,27,8,8,275,653,9,500,500.0
468,27,12,9,636,322,20,1157,1157.0
469,27,19,8,528,230,16,960,960.0
470,27,10,7,615,331,19,1119,1119.0
471,28,26,4,246,290,8,448,448.0
472,28,19,2,550,599,17,1000,1000.0
473,28,18,6,261,420,8,475,475.0
474,28,17,2,261,215,8,475,475.0
475,28,23,4,376,431,12,684,684.0
476,28,6,1,398,538,13,724,724.0
477,28,30,6,239,642,8,435,435.0
478,28,1,1,217,668,7,395,395.0
479,28,2,7,513,171,16,933,933.0
480,28,13,7,709,479,22,1290,1290.0
481,28,9,5,383,706,12,697,697.0
482,28,5,6,152,726,5,277,277.0
483,28,10,5,485,344,15,882,882.0
484,28,4,8,217,650,7,395,395.0
485,28,14,5,282,282,9,513,513.0
486,28,8,6,694,531,22,1262,1262.0
487,29,20,5,73,498,3,133,133.0
488,29,28,4,340,515,11,619,619.0
489,29,8,6,311,634,10,566,566.0
490,29,1,6,672,436,21,1222,1222.0
491,29,5,8,542,167,17,986,986.0
492,29,15,1,550,414,17,1000,1000.0
493,29,12,5,571,203,18,1039,1039.0
494,29,26,4,535,677,17,973,973.0
495,29,27,7,369,180,12,671,671.0
496,29,17,9,521,225,16,948,948.0
497,29,18,3,542,576,17,986,986.0
498,29,24,2,658,345,20,1197,1197.0
499,29,11,4,261,255,8,475,475.0
500,29,16,2,203,469,7,370,370.0
501,29,9,5,521,385,16,948,948.0
502,29,10,9,246,450,8,448,448.0
503,30,10,4,138,279,5,251,251.0
504,30,4,1,80,379,3,146,146.0
505,30,15,2,716,555,22,1302,1302.0
506,30,8,9,224,423,7,408,408.0
507,30,23,9,224,252,7,408,408.0
508,30,3,6,333,212,11,606,606.0
509,30,1,9,297,411,9,540,540.0
510,30,29,9,615,726,19,1119,1119.0
511,30,5,8,109,658,4,199,199.0
512,30,19,8,210,427,7,382,382.0
513,30,27,1,499,481,16,908,908.0
514,30,26,3,246,725,8,448,448.0
515,30,9,1,232,171,8,422,422.0
516,30,13,4,506,393,16,920,920.0
517,30,28,9,246,399,8,448,448.0
518,30,18,2,369,393,12,671,671.0
519,30,2,7,261,333,8,475,475.0
COMMODITIES,400
0,4,23,71,13,33,727,2005.0
1,19,17,19,12,27,718,1652.0
2,19,20,24,9,19,527,1198.0
3,6,15,57,11,25,603,1542.0
4,16,29,49,11,24,639,1440.0
5,9,8,38,9,27,512,1626.0
6,11,6,49,9,23,537,1381.0
7,5,12,41,12,29,684,1760.0
8,5,9,74,10,26,562,1585.0
9,29,2,23,12,22,696,1324.0
10,15,9,41,10,26,587,1565.0
11,6,2,20,10,25,557,1502.0
12,1,30,37,11,19,648,1153.0
13,17,29,21,10,27,570,1666.0
14,26,2,58,11,23,656,1412.0
15,21,15,46,8,19,428,1156.0
16,2,16,45,10,27,584,1630.0
17,19,4,55,10,23,582,1404.0
18,22,5,59,13,24,733,1490.0
19,24,2,44,12,28,671,1683.0
20,27,15,40,10,24,596,1453.0
21,30,10,52,9,17,540,1079.0
22,20,25,56,12,27,661,1622.0
23,26,16,18,14,30,787,1841.0
24,25,19,53,10,23,551,1418.0
25,5,15,32,10,29,589,1763.0
26,11,4,62,9,24,537,1490.0
27,1,29,38,12,26,715,1615.0
28,13,6,43,12,25,720,1533.0
29,18,15,71,8,23,467,1433.0
30,22,13,18,11,25,637,1545.0
31,23,15,53,9,23,494,1416.0
32,25,28,37,11,16,618,960.0
33,13,20,31,12,25,661,1557.0
34,4,19,34,11,27,657,1621.0
35,6,12,70,9,29,536,1772.0
36,23,30,28,12,27,688,1662.0
37,8,21,53,10,25,565,1509.0
38,18,30,48,8,22,435,1341.0
39,19,10,27,13,23,745,1424.0
40,17,6,57,12,28,698,1694.0
41,18,27,49,9,24,532,1456.0
42,21,24,30,10,21,563,1284.0
43,23,16,33,12,27,720,1663.0
44,12,28,34,12,25,688,1550.0
45,5,27,58,12,25,694,1536.0
46,23,3,61,10,27,589,1623.0
47,17,9,54,11,27,604,1633.0
48,9,16,19,9,27,503,1621.0
49,7,26,27,11,26,624,1597.0
50,7,13,71,9,23,520,1434.0
51,9,18,28,7,23,413,1436.0
52,22,19,58,8,21,436,1311.0
53,27,7,30,10,29,562,1793.0
54,8,14,34,13,29,746,1785.0
55,16,7,28,10,30,600,1846.0
56,2,29,52,10,22,597,1361.0
57,25,5,72,8,20,438,1246.0
58,17,14,44,10,24,558,1447.0
59,18,14,21,12,24,669,1447.0
60,2,15,71,10,26,551,1566.0
61,7,18,53,11,27,653,1679.0
62,5,3,33,12,25,679,1542.0
63,20,9,38,11,24,656,1498.0
64,28,3,53,9,25,533,1508.0
65,11,18,54,9,25,528,1518.0
66,28,17,39,13,25,760,1505.0
67,2,25,73,12,27,693,1625.0
68,9,28,54,8,20,440,1242.0
69,25,15,73,9,17,482,1043.0
70,1,14,51,10,28,590,1732.0
71,16,26,61,11,23,659,1401.0
72,7,27,53,10,17,542,1032.0
73,25,27,70,12,28,661,1727.0
74,6,23,43,9,30,498,1838.0
75,8,26,29,10,19,577,1176.0
76,29,25,20,11,28,629,1732.0
77,18,4,17,10,21,588,1298.0
78,27,16,37,9,28,504,1688.0
79,17,20,37,10,26,577,1584.0
80,3,9,55,10,24,556,1443.0
81,23,2,58,12,22,713,1343.0
82,26,11,49,8,23,441,1433.0
83,4,21,30,12,21,665,1319.0
84,11,14,54,6,25,358,1558.0
85,17,11,61,12,32,702,1954.0
86,9,12,28,10,29,587,1768.0
87,2,5,30,7,24,411,1446.0
88,11,10,52,10,24,595,1494.0
89,2,19,73,11,19,607,1140.0
90,12,20,50,7,21,406,1280.0
91,4,7,29,11,31,616,1892.0
92,13,19,71,9,27,501,1631.0
93,20,7,60,11,27,614,1647.0
94,10,4,49,10,21,573,1265.0
95,18,2,36,12,26,711,1619.0
96,28,25,64,10,24,579,1443.0
97,27,18,53,12,26,669,1571.0
98,23,21,39,9,28,530,1739.0
99,25,10,24,9,24,513,1460.0
100,22,28,50,10,25,598,1506.0
101,28,15,31,12,28,706,1712.0
102,23,4,74,9,23,508,1433.0
103,27,6,36,10,27,549,1661.0
104,24,9,74,13,28,724,1729.0
105,24,10,55,11,21,622,1288.0
106,4,27,45,11,25,622,1517.0
107,23,17,66,13,23,757,1395.0
108,30,11,48,12,27,666,1660.0
109,27,4,20,9,22,507,1348.0
110,30,1,18,12,25,714,1535.0
111,22,1,72,9,23,511,1402.0
112,30,5,62,10,15,545,926.0
113,23,26,70,11,30,660,1823.0
114,12,19,66,14,31,783,1860.0
115,11,28,44,11,26,616,1592.0
116,3,11,46,11,24,626,1474.0
117,24,30,72,13,24,730,1448.0
118,11,24,18,12,30,719,1854.0
119,28,26,51,12,23,706,1389.0
120,4,1,65,8,24,450,1468.0
121,28,19,44,10,22,565,1322.0
122,22,25,47,11,25,611,1513.0
123,23,7,36,9,28,513,1680.0
124,15,12,55,9,32,539,1946.0
125,28,13,69,11,26,631,1594.0
126,17,21,54,11,26,610,1598.0
127,24,19,38,11,26,634,1611.0
128,20,22,51,12,24,662,1494.0
129,23,6,69,9,23,537,1422.0
130,25,6,38,11,18,649,1102.0
131,18,17,56,10,22,595,1369.0
132,4,9,47,10,20,550,1232.0
133,17,3,20,9,23,538,1416.0
134,1,23,68,9,24,483,1449.0
135,19,11,74,14,29,830,1792.0
136,1,26,24,9,22,502,1357.0
137,29,26,41,11,27,624,1646.0
138,5,10,69,10,24,582,1468.0
139,22,23,61,12,25,702,1548.0
140,12,14,40,10,25,596,1554.0
141,28,11,41,13,31,744,1885.0
142,19,23,17,8,21,444,1274.0
143,8,9,30,11,27,637,1634.0
144,21,28,61,10,19,556,1149.0
145,20,30,22,9,25,526,1549.0
146,3,17,62,10,23,588,1384.0
147,20,29,48,12,27,709,1664.0
148,12,24,60,11,21,616,1281.0
149,10,12,72,8,31,434,1861.0
150,1,3,18,7,21,401,1317.0
151,20,4,33,12,24,670,1480.0
152,26,28,52,9,19,524,1193.0
153,12,7,15,10,29,575,1761.0
154,6,11,33,13,21,721,1260.0
155,7,15,70,12,27,718,1648.0
156,28,8,18,11,26,650,1584.0
157,29,10,38,9,22,530,1341.0
158,16,19,59,14,32,821,1920.0
159,3,28,53,10,20,588,1245.0
160,21,1,67,10,17,598,1070.0
161,12,1,43,14,25,800,1506.0
162,1,6,20,9,19,487,1164.0
163,24,5,20,9,20,493,1237.0
164,8,10,27,10,17,584,1068.0
165,8,23,24,6,17,338,1061.0
166,27,25,16,11,27,605,1649.0
167,24,11,71,9,26,484,1601.0
168,8,13,73,10,20,586,1210.0
169,1,17,48,7,22,404,1339.0
170,11,26,45,12,26,714,1573.0
171,10,25,61,12,28,688,1724.0
172,11,29,72,13,31,733,1884.0
173,6,19,29,13,27,753,1626.0
174,26,24,15,10,30,566,1828.0
175,22,24,54,10,24,568,1479.0
176,6,4,25,13,20,766,1233.0
177,22,11,45,10,23,558,1427.0
178,21,12,48,14,32,809,1973.0
179,28,2,19,14,30,835,1812.0
180,4,20,43,13,32,721,1965.0
181,26,3,70,13,24,754,1448.0
182,16,18,19,11,25,652,1525.0
183,6,25,24,10,27,596,1634.0
184,17,5,32,9,19,502,1170.0
185,17,12,64,11,22,608,1370.0
186,22,9,42,10,24,551,1440.0
187,18,8,57,8,25,470,1536.0
188,1,20,33,12,25,682,1512.0
189,22,27,54,11,19,649,1167.0
190,9,15,71,13,32,754,1941.0
191,2,22,65,12,29,690,1766.0
192,5,17,58,7,22,418,1367.0
193,4,16,22,10,29,600,1740.0
194,18,7,57,11,25,639,1519.0
195,14,5,37,11,27,632,1659.0
196,8,25,48,9,20,536,1234.0
197,22,17,44,7,19,396,1152.0
198,8,24,68,10,26,599,1590.0
199,9,4,25,13,24,759,1494.0
200,23,27,40,12,27,698,1659.0
201,4,6,40,12,28,663,1721.0
202,20,23,20,12,29,704,1752.0
203,29,1,22,8,27,421,1646.0
204,29,17,49,8,16,467,1019.0
205,22,20,28,12,26,705,1574.0
206,9,17,15,13,29,747,1769.0
207,17,8,39,13,34,741,2043.0
208,12,25,32,10,21,566,1305.0
209,15,7,33,8,26,431,1582.0
210,2,11,40,12,31,687,1904.0
211,1,25,64,9,16,509,1008.0
212,7,12,24,14,32,811,1962.0
213,1,2,73,10,24,559,1497.0
214,22,16,25,9,26,497,1604.0
215,25,14,38,13,28,737,1680.0
216,30,16,58,11,30,633,1841.0
217,28,24,56,10,32,583,1928.0
218,4,24,63,10,28,542,1687.0
219,5,22,25,12,27,685,1645.0
220,18,6,46,14,21,824,1276.0
221,24,17,51,12,27,713,1676.0
222,16,15,34,10,20,584,1213.0
223,25,13,19,10,25,567,1522.0
224,14,29,50,11,22,646,1356.0
225,30,20,24,11,25,647,1555.0
226,21,29,44,11,23,645,1416.0
227,2,1,45,11,30,608,1831.0
228,15,26,62,8,20,449,1234.0
229,1,22,28,9,26,513,1567.0
230,20,10,48,9,25,532,1552.0
231,14,3,24,10,23,545,1408.0
232,29,8,57,9,23,531,1392.0
233,14,10,15,10,25,580,1543.0
234,9,13,57,12,19,671,1169.0
235,6,17,33,10,23,545,1432.0
236,1,12,20,10,30,578,1850.0
237,29,23,50,12,30,710,1828.0
238,29,7,60,12,30,698,1858.0
239,14,18,21,10,19,562,1146.0
240,15,27,27,9,26,502,1566.0
241,5,14,48,11,27,645,1649.0
242,24,14,25,9,28,522,1723.0
243,16,4,51,13,26,763,1598.0
244,3,12,62,10,29,583,1744.0
245,22,18,24,9,24,488,1466.0
246,3,26,36,10,20,566,1239.0
247,26,19,34,12,27,690,1626.0
248,26,10,61,11,25,612,1516.0
249,14,23,73,9,28,534,1680.0
250,5,24,48,11,31,609,1893.0
251,15,16,66,9,19,492,1165.0
252,8,18,39,12,25,684,1506.0
253,25,2,68,13,27,772,1650.0
254,20,28,30,10,22,587,1338.0
255,14,22,66,10,30,584,1842.0
256,13,24,35,14,33,797,2011.0
257,28,22,16,10,33,586,2004.0
258,1,21,37,11,24,603,1485.0
259,29,14,51,10,29,595,1754.0
260,19,28,41,12,20,685,1203.0
261,13,27,49,11,29,644,1776.0
262,10,30,47,8,16,448,999.0
263,4,2,53,12,28,668,1736.0
264,11,20,20,11,18,631,1123.0
265,12,11,60,14,27,796,1639.0
266,26,25,39,10,23,585,1405.0
267,20,3,44,11,28,609,1707.0
268,30,4,62,10,16,559,978.0
269,3,2,55,15,34,862,2092.0
270,22,30,59,11,18,652,1096.0
271,26,5,46,11,26,655,1583.0
272,3,15,28,11,29,629,1789.0
273,5,25,25,10,22,546,1363.0
274,3,23,54,10,28,581,1715.0
275,10,11,55,10,22,555,1328.0
276,17,22,56,8,28,469,1730.0
277,11,23,41,9,29,538,1750.0
278,7,5,60,8,26,463,1605.0
279,3,20,74,6,23,336,1434.0
280,29,6,38,10,23,556,1424.0
281,29,24,67,9,23,538,1426.0
282,4,8,50,10,25,563,1522.0
283,10,6,26,13,29,737,1789.0
284,11,9,18,12,24,696,1455.0
285,5,28,71,9,20,524,1205.0
286,16,11,61,11,26,644,1614.0
287,2,12,28,7,23,416,1380.0
288,20,19,29,12,24,717,1449.0
289,27,13,41,11,23,657,1424.0
290,15,6,34,8,27,472,1638.0
291,14,2,50,12,25,668,1550.0
292,10,8,34,10,27,599,1648.0
293,18,24,49,10,27,552,1624.0
294,12,21,29,10,18,576,1086.0
295,17,1,26,13,29,773,1753.0
296,29,28,69,9,24,499,1463.0
297,9,10,56,9,17,498,1054.0
298,8,30,70,10,17,585,1057.0
299,22,15,43,12,29,670,1748.0
300,13,16,25,12,30,667,1849.0
301,7,16,29,10,25,560,1518.0
302,17,18,61,13,26,734,1581.0
303,9,26,47,9,23,512,1436.0
304,11,5,28,12,30,699,1822.0
305,5,1,22,8,27,476,1661.0
306,27,10,45,14,32,837,1951.0
307,17,26,39,7,25,412,1540.0
308,23,18,68,11,30,654,1844.0
309,21,20,24,12,25,663,1529.0
310,9,29,46,10,22,584,1323.0
311,7,1,52,10,23,575,1420.0
312,6,22,64,11,28,645,1737.0
313,30,17,21,8,25,471,1553.0
314,27,20,33,11,32,659,1951.0
315,3,1,19,9,19,484,1142.0
316,29,5,68,11,27,648,1670.0
317,2,23,19,11,26,613,1589.0
318,22,6,38,10,18,598,1097.0
319,1,10,47,11,22,616,1341.0
320,23,25,67,12,26,693,1574.0
321,8,17,60,11,26,634,1579.0
322,22,2,40,11,26,616,1579.0
323,27,24,54,11,22,615,1333.0
324,8,3,65,9,24,511,1485.0
325,27,11,42,12,34,694,2077.0
326,6,13,17,8,21,453,1313.0
327,16,25,45,9,24,484,1459.0
328,11,27,16,14,31,796,1907.0
329,11,8,30,11,26,659,1615.0
330,16,21,61,11,20,635,1209.0
331,5,6,45,13,26,725,1592.0
332,8,28,62,10,16,569,1011.0
333,11,16,53,10,25,553,1520.0
334,17,4,59,9,23,501,1439.0
335,6,3,22,10,25,565,1530.0
336,3,22,57,12,23,718,1425.0
337,24,6,22,9,23,491,1418.0
338,2,3,48,11,22,626,1347.0
339,13,25,57,13,22,757,1351.0
340,30,14,30,11,32,649,1920.0
341,18,16,37,10,25,546,1521.0
342,22,21,64,9,19,536,1192.0
343,13,7,23,7,22,382,1328.0
344,5,23,46,12,25,720,1548.0
345,15,21,74,13,23,754,1431.0
346,23,13,70,11,25,625,1529.0
347,17,24,20,11,25,609,1520.0
348,18,9,42,12,28,707,1703.0
349,10,28,18,11,27,644,1639.0
350,17,25,32,13,24,736,1469.0
351,7,24,27,11,24,606,1495.0
352,21,26,69,8,20,469,1229.0
353,22,7,36,11,26,607,1608.0
354,13,14,25,9,27,484,1621.0
355,29,13,58,14,31,815,1917.0
356,25,12,66,12,30,687,1812.0
357,26,17,21,12,24,693,1494.0
358,19,21,65,11,25,634,1511.0
359,22,29,19,13,31,755,1885.0
360,5,2,41,10,21,579,1282.0
361,21,2,35,8,17,434,1078.0
362,4,18,69,10,28,578,1697.0
363,11,12,53,11,25,616,1530.0
364,13,17,35,10,25,545,1549.0
365,16,6,50,7,24,397,1443.0
366,27,12,28,12,36,696,2160.0
367,24,21,45,12,24,701,1478.0
368,17,23,44,12,27,706,1627.0
369,22,10,42,13,23,725,1397.0
370,1,13,56,10,24,599,1495.0
371,3,13,54,13,20,744,1211.0
372,4,15,18,13,30,723,1844.0
373,17,27,16,12,26,661,1599.0
374,14,6,45,10,22,577,1339.0
375,6,1,55,10,25,555,1501.0
376,16,27,20,12,27,701,1657.0
377,11,3,31,12,23,688,1389.0
378,26,30,40,11,25,616,1548.0
379,27,9,35,12,30,684,1825.0
380,18,29,43,9,21,534,1318.0
381,16,30,67,10,22,554,1367.0
382,23,9,19,9,23,500,1397.0
383,28,10,43,12,27,691,1662.0
384,12,2,26,11,24,657,1462.0
385,17,19,45,8,21,435,1273.0
386,29,27,30,14,30,815,1811.0
387,4,10,25,7,21,399,1287.0
388,19,1,59,10,24,587,1493.0
389,14,16,64,11,25,626,1520.0
390,17,10,20,9,22,508,1349.0
391,10,5,20,10,23,593,1406.0
392,17,7,65,10,27,590,1659.0
393,16,23,34,12,24,689,1441.0
394,18,13,40,10,21,598,1317.0
395,29,18,51,11,30,654,1826.0
396,8,7,66,12,21,685,1276.0
397,13,15,44,10,24,591,1488.0
398,19,30,48,9,25,485,1507.0
399,28,16,36,11,30,613,1841.0
horizon=36
