NODES,30
1,1,-,-
2,2,-,-
3,3,-,-
4,4,-,-
5,5,-,-
6,6,-,-
7,7,-,-
8,8,-,-
9,9,-,-
10,10,-,-
11,11,-,-
12,12,-,-
13,13,-,-
14,14,-,-
15,15,-,-
16,16,-,-
17,17,-,-
18,18,-,-
19,19,-,-
20,20,-,-
21,21,-,-
22,22,-,-
23,23,-,-
24,24,-,-
25,25,-,-
26,26,-,-
27,27,-,-
28,28,-,-
29,29,-,-
30,30,-,-
ARCS,520
0,1,14,2,1431,464,44,2602,2602.0
1,1,16,6,373,490,12,679,679.0
2,1,4,8,358,181,11,651,651.0
3,1,17,9,909,267,28,1653,1653.0
4,1,30,6,492,595,15,895,895.0
5,1,24,7,1118,496,34,2033,2033.0
6,1,12,6,895,430,28,1628,1628.0
7,1,29,3,701,232,22,1275,1275.0
8,1,21,4,1267,206,39,2304,2304.0
9,1,10,4,641,452,20,1166,1166.0
10,1,9,7,1148,452,35,2088,2088.0
11,1,25,5,507,593,16,922,922.0
12,1,11,8,626,550,19,1139,1139.0
13,1,13,8,790,417,24,1437,1437.0
14,1,6,6,1327,702,41,2413,2413.0
15,1,5,5,880,242,27,1600,1600.0
16,1,18,9,731,461,23,1330,1330.0
17,2,18,4,150,401,5,273,273.0
18,2,20,8,1476,651,45,2684,2684.0
19,2,26,1,1312,207,40,2386,2386.0
20,2,23,8,954,623,29,1735,1735.0
21,2,12,6,1133,149,35,2060,2060.0
22,2,4,5,1178,552,36,2142,2142.0
23,2,15,5,403,477,13,733,733.0
24,2,30,9,760,458,24,1382,1382.0
25,2,10,9,269,615,9,490,490.0
26,2,14,4,701,554,22,1275,1275.0
27,2,21,9,850,409,26,1546,1546.0
28,2,11,9,1178,285,36,2142,2142.0
29,2,9,2,492,245,15,895,895.0
30,2,28,4,835,175,26,1519,1519.0
31,2,5,4,1371,606,42,2493,2493.0
32,3,10,7,1431,710,44,2602,2602.0
33,3,9,5,522,225,16,950,950.0
34,3,4,3,656,357,20,1193,1193.0
35,3,19,8,880,339,27,1600,1600.0
36,3,27,9,209,447,7,380,380.0
37,3,2,7,492,578,15,895,895.0
38,3,17,2,820,172,25,1491,1491.0
39,3,12,1,865,323,27,1573,1573.0
40,3,28,8,1058,285,33,1924,1924.0
41,3,11,6,388,547,12,706,706.0
42,3,26,2,1356,603,42,2466,2466.0
43,3,7,6,239,642,8,435,435.0
44,4,26,9,1267,289,39,2304,2304.0
45,4,13,2,1178,628,36,2142,2142.0
46,4,29,3,656,431,20,1193,1193.0
47,4,30,1,194,220,6,353,353.0
48,4,6,2,537,698,17,977,977.0
49,4,10,6,1446,241,44,2630,2630.0
50,4,7,5,433,425,14,788,788.0
51,4,15,5,939,210,29,1708,1708.0
52,4,5,1,611,323,19,1111,1111.0
53,4,12,7,1252,632,38,2277,2277.0
54,4,20,5,462,250,14,840,840.0
55,4,28,9,656,201,20,1193,1193.0
56,4,1,7,835,629,26,1519,1519.0
57,4,21,8,284,282,9,517,517.0
58,4,16,7,716,316,22,1302,1302.0
59,4,19,7,1416,651,43,2575,2575.0
60,4,23,3,626,323,19,1139,1139.0
61,4,17,5,150,532,5,273,273.0
62,5,27,2,269,289,9,490,490.0
63,5,13,2,1088,679,33,1979,1979.0
64,5,25,8,567,178,18,1031,1031.0
65,5,9,8,328,664,10,597,597.0
66,5,28,6,880,248,27,1600,1600.0
67,5,16,3,239,631,8,435,435.0
68,5,18,6,1401,730,43,2548,2548.0
69,5,3,8,1401,335,43,2548,2548.0
70,5,6,7,999,178,31,1817,1817.0
71,5,4,9,1401,704,43,2548,2548.0
72,5,23,6,656,628,20,1193,1193.0
73,5,22,7,686,179,21,1248,1248.0
74,5,1,2,790,509,24,1437,1437.0
75,5,14,1,507,304,16,922,922.0
76,5,24,5,1029,546,32,1871,1871.0
77,5,29,8,1118,591,34,2033,2033.0
78,5,21,7,477,543,15,868,868.0
79,5,11,6,150,406,5,273,273.0
80,5,12,4,820,365,25,1491,1491.0
81,5,8,8,1446,658,44,2630,2630.0
82,5,30,8,1356,346,42,2466,2466.0
83,6,30,4,1148,245,35,2088,2088.0
84,6,13,1,865,159,27,1573,1573.0
85,6,17,5,418,150,13,760,760.0
86,6,12,9,388,364,12,706,706.0
87,6,11,1,418,566,13,760,760.0
88,6,25,7,1222,730,38,2222,2222.0
89,6,8,5,150,647,5,273,273.0
90,6,10,2,1431,553,44,2602,2602.0
91,6,15,6,880,730,27,1600,1600.0
92,6,28,6,567,553,18,1031,1031.0
93,6,27,7,1133,354,35,2060,2060.0
94,6,18,8,433,417,14,788,788.0
95,6,20,9,790,204,24,1437,1437.0
96,6,5,1,194,197,6,353,353.0
97,6,23,6,731,313,23,1330,1330.0
98,6,2,5,671,553,21,1220,1220.0
99,6,19,4,209,362,7,380,380.0
100,6,29,2,1401,255,43,2548,2548.0
101,6,1,3,1282,568,39,2331,2331.0
102,6,21,5,1148,222,35,2088,2088.0
103,6,3,4,1058,661,33,1924,1924.0
104,6,9,1,805,562,25,1464,1464.0
105,6,7,3,1014,255,31,1844,1844.0
106,7,5,5,462,289,14,840,840.0
107,7,2,5,1461,464,45,2657,2657.0
108,7,6,1,1148,382,35,2088,2088.0
109,7,16,8,403,402,13,733,733.0
110,7,4,8,984,365,30,1790,1790.0
111,7,29,2,448,720,14,815,815.0
112,7,3,2,239,474,8,435,435.0
113,7,22,6,954,316,29,1735,1735.0
114,7,23,2,731,458,23,1330,1330.0
115,7,8,5,522,153,16,950,950.0
116,7,28,9,209,727,7,380,380.0
117,7,11,9,552,573,17,1004,1004.0
118,7,21,7,403,226,13,733,733.0
119,7,15,3,492,528,15,895,895.0
120,7,19,1,269,625,9,490,490.0
121,7,24,3,1133,722,35,2060,2060.0
122,7,14,5,448,349,14,815,815.0
123,7,25,8,343,156,11,624,624.0
124,7,30,5,984,395,30,1790,1790.0
125,7,26,2,239,323,8,435,435.0
126,8,11,4,1163,234,36,2115,2115.0
127,8,13,5,820,675,25,1491,1491.0
128,8,23,4,343,484,11,624,624.0
129,8,5,1,1342,549,41,2440,2440.0
130,8,21,6,671,220,21,1220,1220.0
131,8,17,6,1297,379,40,2359,2359.0
132,8,1,8,164,393,5,299,299.0
133,8,12,6,1342,418,41,2440,2440.0
134,8,15,2,865,382,27,1573,1573.0
135,8,2,5,418,609,13,760,760.0
136,8,22,6,507,402,16,922,922.0
137,8,27,8,895,335,28,1628,1628.0
138,8,20,8,641,666,20,1166,1166.0
139,8,3,4,284,324,9,517,517.0
140,9,3,9,835,641,26,1519,1519.0
141,9,26,9,1103,720,34,2006,2006.0
142,9,19,7,194,368,6,353,353.0
143,9,10,2,1178,433,36,2142,2142.0
144,9,17,7,388,175,12,706,706.0
145,9,11,4,358,484,11,651,651.0
146,9,6,3,775,572,24,1410,1410.0
147,9,14,1,1267,710,39,2304,2304.0
148,9,12,6,448,556,14,815,815.0
149,9,15,9,1058,436,33,1924,1924.0
150,9,13,3,775,409,24,1410,1410.0
151,9,30,5,209,340,7,380,380.0
152,9,7,9,597,461,19,1086,1086.0
153,9,23,2,686,250,21,1248,1248.0
154,9,20,3,611,601,19,1111,1111.0
155,10,8,2,299,509,10,544,544.0
156,10,21,5,1401,713,43,2548,2548.0
157,10,20,4,1446,610,44,2630,2630.0
158,10,27,1,865,471,27,1573,1573.0
159,10,30,9,835,292,26,1519,1519.0
160,10,5,7,597,203,19,1086,1086.0
161,10,24,5,462,207,14,840,840.0
162,10,18,8,299,251,10,544,544.0
163,10,28,4,954,157,29,1735,1735.0
164,10,11,5,284,418,9,517,517.0
165,10,25,8,239,553,8,435,435.0
166,10,22,5,224,648,7,408,408.0
167,10,3,8,597,266,19,1086,1086.0
168,10,16,8,1193,310,37,2170,2170.0
169,10,12,9,954,190,29,1735,1735.0
170,11,13,2,1282,298,39,2331,2331.0
171,11,3,9,313,528,10,570,570.0
172,11,2,4,462,301,14,840,840.0
173,11,12,5,239,714,8,435,435.0
174,11,7,7,1237,250,38,2250,2250.0
175,11,5,4,924,355,28,1680,1680.0
176,11,8,2,656,308,20,1193,1193.0
177,11,1,9,760,581,24,1382,1382.0
178,11,26,3,150,510,5,273,273.0
179,11,14,1,984,584,30,1790,1790.0
180,11,28,3,1386,631,42,2520,2520.0
181,11,21,5,522,506,16,950,950.0
182,11,18,5,1267,483,39,2304,2304.0
183,11,20,9,239,273,8,435,435.0
184,11,22,9,1178,620,36,2142,2142.0
185,11,29,2,358,254,11,651,651.0
186,11,17,8,701,698,22,1275,1275.0
187,11,10,7,1252,631,38,2277,2277.0
188,11,9,7,1312,283,40,2386,2386.0
189,11,24,4,313,704,10,570,570.0
190,12,4,4,433,453,14,788,788.0
191,12,26,2,984,379,30,1790,1790.0
192,12,5,2,1044,402,32,1899,1899.0
193,12,7,2,269,556,9,490,490.0
194,12,15,9,835,467,26,1519,1519.0
195,12,10,6,969,377,30,1762,1762.0
196,12,21,6,1118,420,34,2033,2033.0
197,12,1,2,969,475,30,1762,1762.0
198,12,16,3,1193,154,37,2170,2170.0
199,12,11,5,284,566,9,517,517.0
200,12,2,4,924,651,28,1680,1680.0
201,12,3,2,954,192,29,1735,1735.0
202,12,19,3,403,289,13,733,733.0
203,12,29,7,895,714,28,1628,1628.0
204,12,23,2,269,159,9,490,490.0
205,12,6,4,567,603,18,1031,1031.0
206,12,22,8,1058,527,33,1924,1924.0
207,12,14,9,239,651,8,435,435.0
208,12,27,4,671,439,21,1220,1220.0
209,12,17,9,671,615,21,1220,1220.0
210,13,27,5,746,607,23,1357,1357.0
211,13,2,4,492,390,15,895,895.0
212,13,5,5,1207,367,37,2195,2195.0
213,13,14,2,1446,695,44,2630,2630.0
214,13,23,2,552,292,17,1004,1004.0
215,13,7,3,1133,447,35,2060,2060.0
216,13,10,4,164,226,5,299,299.0
217,13,16,3,299,417,10,544,544.0
218,13,15,4,954,537,29,1735,1735.0
219,13,6,9,716,370,22,1302,1302.0
220,13,25,2,790,449,24,1437,1437.0
221,13,18,9,1342,549,41,2440,2440.0
222,13,11,6,760,704,24,1382,1382.0
223,14,11,7,358,307,11,651,651.0
224,14,5,3,254,191,8,462,462.0
225,14,13,7,1386,481,42,2520,2520.0
226,14,1,7,1073,289,33,1951,1951.0
227,14,3,4,835,600,26,1519,1519.0
228,14,28,1,209,225,7,380,380.0
229,14,16,4,909,204,28,1653,1653.0
230,14,25,8,924,433,28,1680,1680.0
231,14,26,2,1103,162,34,2006,2006.0
232,14,10,6,299,286,10,544,544.0
233,14,27,1,1461,513,45,2657,2657.0
234,14,29,3,1371,420,42,2493,2493.0
235,14,15,7,1312,149,40,2386,2386.0
236,14,22,8,1356,179,42,2466,2466.0
237,14,9,4,1222,289,38,2222,2222.0
238,14,8,5,686,229,21,1248,1248.0
239,14,21,8,1237,639,38,2250,2250.0
240,14,7,9,984,433,30,1790,1790.0
241,14,4,1,164,502,5,299,299.0
242,14,12,5,746,412,23,1357,1357.0
243,15,23,5,656,276,20,1193,1193.0
244,15,27,3,1312,595,40,2386,2386.0
245,15,25,4,820,280,25,1491,1491.0
246,15,1,5,1118,239,34,2033,2033.0
247,15,22,5,1058,474,33,1924,1924.0
248,15,9,7,582,509,18,1059,1059.0
249,15,4,9,1416,610,43,2575,2575.0
250,15,26,3,939,326,29,1708,1708.0
251,15,19,9,477,355,15,868,868.0
252,15,21,7,254,336,8,462,462.0
253,15,20,7,448,689,14,815,815.0
254,15,11,8,507,338,16,922,922.0
255,15,13,9,954,462,29,1735,1735.0
256,15,24,3,731,658,23,1330,1330.0
257,15,17,1,224,683,7,408,408.0
258,15,28,6,448,579,14,815,815.0
259,15,5,2,850,544,26,1546,1546.0
260,15,7,4,597,379,19,1086,1086.0
261,15,2,9,507,417,16,922,922.0
262,15,10,4,567,480,18,1031,1031.0
263,15,6,7,373,534,12,679,679.0
264,15,29,1,1073,720,33,1951,1951.0
265,16,24,9,313,336,10,570,570.0
266,16,26,1,1133,519,35,2060,2060.0
267,16,30,5,1163,637,36,2115,2115.0
268,16,28,8,522,428,16,950,950.0
269,16,27,4,1029,343,32,1871,1871.0
270,16,3,5,1014,635,31,1844,1844.0
271,16,11,8,239,338,8,435,435.0
272,16,25,9,1014,286,31,1844,1844.0
273,16,4,1,1431,676,44,2602,2602.0
274,16,9,6,1282,701,39,2331,2331.0
275,16,20,1,462,612,14,840,840.0
276,16,19,4,1073,258,33,1951,1951.0
277,16,10,3,313,458,10,570,570.0
278,16,8,4,1476,387,45,2684,2684.0
279,16,15,7,522,716,16,950,950.0
280,16,17,6,552,635,17,1004,1004.0
281,17,27,6,1252,673,38,2277,2277.0
282,17,19,1,716,172,22,1302,1302.0
283,17,15,5,775,423,24,1410,1410.0
284,17,24,1,1044,266,32,1899,1899.0
285,17,14,8,1222,588,38,2222,2222.0
286,17,4,5,611,351,19,1111,1111.0
287,17,10,2,820,505,25,1491,1491.0
288,17,9,8,254,349,8,462,462.0
289,17,7,8,239,673,8,435,435.0
290,17,11,9,820,518,25,1491,1491.0
291,18,10,6,224,575,7,408,408.0
292,18,17,9,984,184,30,1790,1790.0
293,18,16,9,1476,232,45,2684,2684.0
294,18,26,4,522,354,16,950,950.0
295,18,28,6,895,474,28,1628,1628.0
296,18,29,3,433,299,14,788,788.0
297,18,9,1,775,198,24,1410,1410.0
298,18,5,4,1163,332,36,2115,2115.0
299,18,12,5,567,494,18,1031,1031.0
300,18,11,7,909,503,28,1653,1653.0
301,18,1,1,984,191,30,1790,1790.0
302,18,20,1,1103,534,34,2006,2006.0
303,18,19,7,775,695,24,1410,1410.0
304,18,24,4,895,207,28,1628,1628.0
305,19,4,1,522,264,16,950,950.0
306,19,9,3,850,606,26,1546,1546.0
307,19,22,5,209,510,7,380,380.0
308,19,15,2,746,450,23,1357,1357.0
309,19,6,4,999,697,31,1817,1817.0
310,19,18,3,775,147,24,1410,1410.0
311,19,3,4,1103,660,34,2006,2006.0
312,19,26,5,969,483,30,1762,1762.0
313,19,21,6,1193,194,37,2170,2170.0
314,19,11,7,462,566,14,840,840.0
315,19,28,1,1178,175,36,2142,2142.0
316,19,20,7,671,493,21,1220,1220.0
317,19,27,3,343,626,11,624,624.0
318,19,1,5,1088,447,33,1979,1979.0
319,19,17,6,537,206,17,977,977.0
320,19,29,8,343,704,11,624,624.0
321,19,23,2,1029,445,32,1871,1871.0
322,19,25,8,1327,415,41,2413,2413.0
323,20,13,7,850,241,26,1546,1546.0
324,20,22,2,1118,194,34,2033,2033.0
325,20,18,5,760,512,24,1382,1382.0
326,20,4,3,1371,286,42,2493,2493.0
327,20,11,6,1446,582,44,2630,2630.0
328,20,10,1,462,414,14,840,840.0
329,20,12,2,492,670,15,895,895.0
330,20,25,2,1431,314,44,2602,2602.0
331,20,19,2,284,727,9,517,517.0
332,20,24,5,880,483,27,1600,1600.0
333,20,26,5,1118,269,34,2033,2033.0
334,20,6,7,731,670,23,1330,1330.0
335,20,27,7,746,222,23,1357,1357.0
336,20,21,6,313,673,10,570,570.0
337,20,30,7,179,163,6,326,326.0
338,20,7,3,299,204,10,544,544.0
339,20,29,6,1029,623,32,1871,1871.0
340,21,14,9,1148,719,35,2088,2088.0
341,21,2,9,537,282,17,977,977.0
342,21,30,8,1356,619,42,2466,2466.0
343,21,10,8,626,437,19,1139,1139.0
344,21,12,7,299,497,10,544,544.0
345,21,20,2,1327,616,41,2413,2413.0
346,21,25,8,1073,678,33,1951,1951.0
347,21,9,2,1401,553,43,2548,2548.0
348,21,28,6,686,307,21,1248,1248.0
349,21,24,6,1297,267,40,2359,2359.0
350,21,1,8,597,393,19,1086,1086.0
351,21,16,1,507,697,16,922,922.0
352,21,5,8,984,670,30,1790,1790.0
353,21,23,5,1044,585,32,1899,1899.0
354,22,23,9,716,685,22,1302,1302.0
355,22,3,2,433,609,14,788,788.0
356,22,1,3,1014,255,31,1844,1844.0
357,22,14,4,1073,234,33,1951,1951.0
358,22,28,9,1148,464,35,2088,2088.0
359,22,30,5,880,540,27,1600,1600.0
360,22,10,5,1118,244,34,2033,2033.0
361,22,15,4,1386,724,42,2520,2520.0
362,22,19,4,1222,483,38,2222,2222.0
363,22,24,4,284,595,9,517,517.0
364,22,13,1,1133,390,35,2060,2060.0
365,22,18,3,209,417,7,380,380.0
366,22,7,3,254,452,8,462,462.0
367,22,16,7,835,436,26,1519,1519.0
368,22,4,1,224,528,7,408,408.0
369,22,6,9,984,383,30,1790,1790.0
370,22,25,5,1014,519,31,1844,1844.0
371,22,21,4,999,562,31,1817,1817.0
372,22,2,6,701,467,22,1275,1275.0
373,22,27,1,746,642,23,1357,1357.0
374,23,11,5,1163,678,36,2115,2115.0
375,23,26,4,850,332,26,1546,1546.0
376,23,16,4,1118,622,34,2033,2033.0
377,23,12,6,1103,569,34,2006,2006.0
378,23,30,8,1356,556,42,2466,2466.0
379,23,22,3,1029,273,32,1871,1871.0
380,23,18,7,1252,689,38,2277,2277.0
381,23,9,8,999,647,31,1817,1817.0
382,23,2,1,909,527,28,1653,1653.0
383,23,4,5,164,228,5,299,299.0
384,23,3,1,939,292,29,1708,1708.0
385,23,19,7,224,335,7,408,408.0
386,23,27,3,1148,702,35,2088,2088.0
387,23,7,2,1327,442,41,2413,2413.0
388,23,10,1,850,600,26,1546,1546.0
389,23,21,1,1327,537,41,2413,2413.0
390,24,16,3,1476,730,45,2684,2684.0
391,24,14,6,820,175,25,1491,1491.0
392,24,26,2,1118,376,34,2033,2033.0
393,24,28,5,939,239,29,1708,1708.0
394,24,20,6,209,663,7,380,380.0
395,24,6,1,552,722,17,1004,1004.0
396,24,22,6,775,302,24,1410,1410.0
397,24,13,7,1461,660,45,2657,2657.0
398,24,12,3,343,442,11,624,624.0
399,24,9,3,299,389,10,544,544.0
400,24,25,4,1029,257,32,1871,1871.0
401,24,19,9,1237,424,38,2250,2250.0
402,24,8,4,746,258,23,1357,1357.0
403,24,23,4,1058,698,33,1924,1924.0
404,24,1,1,1356,173,42,2466,2466.0
405,24,17,5,1461,301,45,2657,2657.0
406,24,15,7,686,415,21,1248,1248.0
407,25,15,4,209,165,7,380,380.0
408,25,7,7,507,348,16,922,922.0
409,25,11,5,1133,522,35,2060,2060.0
410,25,28,4,1371,527,42,2493,2493.0
411,25,4,8,1386,194,42,2520,2520.0
412,25,6,3,582,669,18,1059,1059.0
413,25,13,4,164,179,5,299,299.0
414,25,23,4,194,447,6,353,353.0
415,25,9,7,1133,512,35,2060,2060.0
416,25,29,4,1282,332,39,2331,2331.0
417,25,16,8,194,203,6,353,353.0
418,25,24,2,522,496,16,950,950.0
419,25,1,8,254,241,8,462,462.0
420,25,30,6,254,719,8,462,462.0
421,25,27,4,1476,587,45,2684,2684.0
422,25,10,2,686,291,21,1248,1248.0
423,25,17,2,343,228,11,624,624.0
424,25,8,1,269,367,9,490,490.0
425,25,19,1,1207,587,37,2195,2195.0
426,25,26,3,954,537,29,1735,1735.0
427,25,14,8,716,182,22,1302,1302.0
428,25,3,6,954,638,29,1735,1735.0
429,26,7,3,284,566,9,517,517.0
430,26,12,6,716,720,22,1302,1302.0
431,26,29,1,179,319,6,326,326.0
432,26,18,6,448,185,14,815,815.0
433,26,2,9,1193,433,37,2170,2170.0
434,26,24,6,567,411,18,1031,1031.0
435,26,16,8,1193,619,37,2170,2170.0
436,26,17,5,299,692,10,544,544.0
437,26,4,3,1014,565,31,1844,1844.0
438,26,1,7,820,238,25,1491,1491.0
439,26,25,3,552,436,17,1004,1004.0
440,26,6,2,522,601,16,950,950.0
441,26,22,6,969,499,30,1762,1762.0
442,26,21,4,939,506,29,1708,1708.0
443,26,28,8,1312,730,40,2386,2386.0
444,26,27,2,1178,661,36,2142,2142.0
445,26,11,7,1356,212,42,2466,2466.0
446,26,3,2,1327,673,41,2413,2413.0
447,27,22,1,954,700,29,1735,1735.0
448,27,3,7,909,510,28,1653,1653.0
449,27,25,6,224,417,7,408,408.0
450,27,2,3,939,382,29,1708,1708.0
451,27,16,8,179,415,6,326,326.0
452,27,13,5,1297,638,40,2359,2359.0
453,27,15,1,731,661,23,1330,1330.0
454,27,26,7,880,238,27,1600,1600.0
455,27,30,4,1342,286,41,2440,2440.0
456,27,19,6,239,508,8,435,435.0
457,27,12,2,790,173,24,1437,1437.0
458,27,14,9,1356,714,42,2466,2466.0
459,27,7,7,701,540,22,1275,1275.0
460,27,10,4,656,275,20,1193,1193.0
461,27,5,2,1446,481,44,2630,2630.0
462,27,11,2,552,667,17,1004,1004.0
463,27,6,8,507,275,16,922,922.0
464,27,8,1,716,431,22,1302,1302.0
465,27,23,6,343,377,11,624,624.0
466,27,20,3,731,537,23,1330,1330.0
467,27,24,9,1237,610,38,2250,2250.0
468,27,28,4,552,474,17,1004,1004.0
469,28,24,7,716,213,22,1302,1302.0
470,28,26,7,760,546,24,1382,1382.0
471,28,19,8,1431,228,44,2602,2602.0
472,28,22,7,1088,537,33,1979,1979.0
473,28,5,3,1267,714,39,2304,2304.0
474,28,12,7,1476,571,45,2684,2684.0
475,28,17,5,1476,634,45,2684,2684.0
476,28,27,8,1014,424,31,1844,1844.0
477,28,14,2,388,311,12,706,706.0
478,28,13,8,1401,490,43,2548,2548.0
479,28,9,3,671,333,21,1220,1220.0
480,28,4,6,418,600,13,760,760.0
481,28,3,3,150,468,5,273,273.0
482,28,2,4,746,154,23,1357,1357.0
483,28,7,2,850,528,26,1546,1546.0
484,28,6,7,746,219,23,1357,1357.0
485,28,30,2,686,280,21,1248,1248.0
486,28,21,9,671,568,21,1220,1220.0
487,28,18,6,895,423,28,1628,1628.0
488,28,25,4,760,629,24,1382,1382.0
489,28,1,4,477,288,15,868,868.0
490,29,24,2,1282,434,39,2331,2331.0
491,29,21,4,805,223,25,1464,1464.0
492,29,7,5,492,239,15,895,895.0
493,29,8,8,731,705,23,1330,1330.0
494,29,10,9,731,311,23,1330,1330.0
495,29,27,3,954,229,29,1735,1735.0
496,29,19,6,611,383,19,1111,1111.0
497,29,28,7,969,267,30,1762,1762.0
498,29,15,3,924,549,28,1680,1680.0
499,29,11,8,194,150,6,353,353.0
500,29,9,8,1282,565,39,2331,2331.0
501,29,1,8,567,260,18,1031,1031.0
502,29,25,5,701,425,22,1275,1275.0
503,29,14,8,537,534,17,977,977.0
504,30,13,5,1148,395,35,2088,2088.0
505,30,20,7,1148,188,35,2088,2088.0
506,30,9,6,150,440,5,273,273.0
507,30,25,7,299,475,10,544,544.0
508,30,5,1,1133,241,35,2060,2060.0
509,30,24,2,1461,280,45,2657,2657.0
510,30,7,4,1461,176,45,2657,2657.0
511,30,19,3,820,642,25,1491,1491.0
512,30,27,2,1297,192,40,2359,2359.0
513,30,11,8,224,541,7,408,408.0
514,30,12,2,1416,187,43,2575,2575.0
515,30,28,8,895,324,28,1628,1628.0
516,30,1,2,179,338,6,326,326.0
517,30,23,7,954,187,29,1735,1735.0
518,30,21,4,1193,453,37,2170,2170.0
519,30,3,2,388,231,12,706,706.0
COMMODITIES,400
0,24,1,44,17,40,1018,2459.0
1,15,20,27,16,38,929,2300.0
2,10,26,31,13,35,774,2115.0
3,9,16,73,19,48,1138,2936.0
4,21,22,71,16,49,920,2986.0
5,18,11,46,15,41,882,2492.0
6,6,5,41,19,36,1088,2173.0
7,9,14,21,17,47,964,2854.0
8,30,4,64,14,37,808,2260.0
9,8,29,46,22,55,1263,3328.0
10,19,30,70,19,48,1095,2888.0
11,23,29,68,19,44,1081,2652.0
12,16,15,74,18,44,1063,2689.0
13,22,26,19,17,41,981,2477.0
14,14,6,18,21,51,1223,3119.0
15,25,7,64,18,38,1027,2295.0
16,18,17,31,15,46,890,2770.0
17,11,15,27,17,48,1005,2925.0
18,10,30,43,24,50,1438,3014.0
19,7,25,40,18,35,1065,2128.0
20,5,20,64,18,40,1043,2443.0
21,23,12,35,18,49,1028,2947.0
22,22,25,72,16,44,915,2653.0
23,22,8,30,20,47,1158,2863.0
24,8,4,53,16,40,901,2420.0
25,26,16,18,17,45,1002,2743.0
26,1,11,55,20,46,1197,2811.0
27,26,18,51,19,40,1113,2423.0
28,16,3,31,17,40,1011,2437.0
29,5,4,25,18,43,1025,2636.0
30,27,29,24,18,44,1040,2655.0
31,23,30,32,21,38,1223,2300.0
32,12,9,63,25,56,1474,3362.0
33,14,13,69,24,55,1390,3332.0
34,20,17,56,16,48,935,2883.0
35,29,19,67,13,39,765,2399.0
36,20,3,69,16,41,941,2480.0
37,26,2,56,15,53,894,3193.0
38,26,22,37,14,45,796,2727.0
39,5,22,53,14,43,826,2601.0
40,16,4,16,15,46,860,2776.0
41,3,30,69,18,47,1040,2841.0
42,6,30,48,16,46,953,2796.0
43,14,16,73,19,42,1110,2559.0
44,8,16,56,16,41,941,2507.0
45,15,28,24,18,39,1047,2366.0
46,2,23,62,16,45,927,2756.0
47,17,2,65,23,62,1332,3774.0
48,24,20,57,14,30,827,1822.0
49,25,13,60,15,28,848,1710.0
50,27,3,61,18,48,1075,2899.0
51,7,17,71,21,48,1240,2911.0
52,20,18,73,19,49,1082,2955.0
53,11,14,47,19,38,1103,2291.0
54,14,10,18,23,43,1334,2581.0
55,25,6,72,19,45,1091,2738.0
56,10,19,19,16,44,917,2699.0
57,22,15,34,14,46,840,2806.0
58,9,13,56,23,51,1335,3097.0
59,16,26,20,22,42,1288,2527.0
60,28,20,20,19,49,1095,2985.0
61,12,11,15,19,34,1093,2083.0
62,15,3,37,17,42,982,2576.0
63,12,17,41,12,38,703,2339.0
64,8,6,73,20,59,1199,3551.0
65,14,4,23,15,26,844,1588.0
66,20,19,69,20,39,1196,2374.0
67,24,22,35,14,45,816,2728.0
68,28,19,50,16,42,936,2558.0
69,5,25,28,18,39,1025,2345.0
70,20,10,57,16,37,929,2268.0
71,17,21,19,16,42,955,2541.0
72,21,3,32,12,43,695,2604.0
73,14,11,56,24,45,1388,2701.0
74,15,18,28,21,50,1227,3016.0
75,18,8,41,18,42,1038,2572.0
76,2,4,35,14,45,801,2730.0
77,17,29,56,15,45,892,2702.0
78,7,30,46,15,38,870,2295.0
79,15,9,26,19,44,1140,2644.0
80,22,27,67,18,44,1077,2675.0
81,27,16,32,15,27,847,1651.0
82,17,1,40,20,49,1168,2966.0
83,12,21,64,20,48,1156,2889.0
84,9,4,15,17,45,977,2707.0
85,21,8,24,16,50,931,3030.0
86,23,25,69,17,45,971,2729.0
87,22,21,15,19,40,1081,2423.0
88,18,4,53,15,45,882,2747.0
89,16,11,27,17,32,987,1974.0
90,2,11,16,24,49,1401,2956.0
91,26,30,37,19,51,1087,3113.0
92,12,16,32,18,45,1059,2741.0
93,25,18,51,19,44,1119,2645.0
94,26,23,24,18,46,1024,2781.0
95,19,14,69,15,49,876,2963.0
96,19,15,74,18,46,1024,2760.0
97,19,21,19,21,51,1218,3082.0
98,28,30,23,17,42,973,2532.0
99,22,30,72,18,37,1066,2278.0
100,13,3,39,20,52,1200,3163.0
101,28,17,45,14,38,812,2335.0
102,18,22,37,16,41,904,2513.0
103,24,14,56,14,39,790,2365.0
104,4,19,39,18,44,1072,2662.0
105,2,12,30,17,45,985,2737.0
106,17,25,18,22,46,1277,2764.0
107,26,21,35,20,50,1153,3039.0
108,29,24,54,21,44,1204,2665.0
109,26,24,17,18,44,1054,2652.0
110,21,1,35,18,46,1070,2797.0
111,15,25,19,24,56,1433,3370.0
112,1,30,70,17,39,998,2364.0
113,21,17,39,19,55,1095,3332.0
114,29,22,46,18,51,1072,3069.0
115,16,17,62,17,43,1005,2596.0
116,12,24,21,11,37,657,2266.0
117,4,13,20,19,48,1112,2916.0
118,5,18,49,14,46,781,2780.0
119,1,2,16,18,59,1074,3581.0
120,5,8,61,19,51,1121,3095.0
121,15,10,44,18,44,1046,2676.0
122,12,8,51,22,49,1265,2984.0
123,19,24,38,18,41,1077,2488.0
124,23,24,49,18,47,1046,2834.0
125,16,29,50,14,37,815,2273.0
126,3,26,50,16,41,942,2479.0
127,3,4,74,21,49,1227,2966.0
128,3,6,51,15,43,848,2621.0
129,4,24,52,18,46,1034,2785.0
130,19,7,20,19,42,1137,2521.0
131,29,20,57,21,40,1204,2418.0
132,26,14,25,18,48,1053,2880.0
133,3,27,56,23,36,1346,2173.0
134,13,25,53,19,40,1116,2414.0
135,22,14,30,18,47,1043,2865.0
136,13,20,44,11,41,660,2471.0
137,21,11,25,20,46,1199,2762.0
138,12,29,51,20,44,1152,2694.0
139,9,19,18,18,31,1073,1861.0
140,10,6,73,20,52,1145,3146.0
141,9,3,74,17,43,980,2591.0
142,5,17,29,21,48,1247,2927.0
143,30,25,22,16,32,949,1963.0
144,20,11,22,17,41,1002,2478.0
145,7,27,45,16,37,947,2272.0
146,28,27,70,20,38,1149,2281.0
147,27,25,25,16,28,936,1715.0
148,22,4,26,18,36,1053,2164.0
149,12,15,60,23,54,1336,3268.0
150,3,15,58,17,45,979,2746.0
151,22,2,54,13,41,737,2501.0
152,19,5,16,20,53,1145,3181.0
153,5,14,23,16,39,932,2382.0
154,30,21,35,16,48,916,2889.0
155,12,3,38,12,38,693,2283.0
156,26,9,37,17,40,984,2411.0
157,5,1,36,14,41,804,2494.0
158,16,21,17,22,55,1282,3328.0
159,8,1,33,19,32,1089,1959.0
160,2,20,55,19,50,1087,3036.0
161,20,15,62,16,46,934,2771.0
162,14,19,69,20,50,1187,3021.0
163,3,2,52,16,37,942,2228.0
164,22,11,69,18,43,1050,2602.0
165,30,14,20,20,52,1180,3140.0
166,3,16,22,22,44,1293,2654.0
167,9,17,48,18,40,1052,2423.0
168,25,30,17,18,34,1039,2052.0
169,27,22,42,21,42,1206,2544.0
170,16,12,30,16,38,939,2280.0
171,1,20,39,20,53,1180,3188.0
172,27,19,25,19,34,1137,2072.0
173,30,9,46,15,30,898,1839.0
174,6,11,29,17,38,987,2339.0
175,6,4,30,16,42,903,2556.0
176,22,28,65,16,37,953,2271.0
177,9,15,37,20,48,1185,2928.0
178,28,6,25,17,46,964,2792.0
179,15,4,72,19,48,1108,2908.0
180,14,2,35,18,51,1057,3077.0
181,19,3,61,22,48,1285,2936.0
182,16,28,71,24,49,1382,2977.0
183,21,9,25,12,52,708,3121.0
184,14,26,40,14,39,803,2364.0
185,18,9,50,21,55,1218,3348.0
186,15,14,32,11,42,643,2551.0
187,22,29,28,20,49,1169,2978.0
188,9,12,19,17,41,986,2490.0
189,10,15,47,20,40,1150,2411.0
190,22,3,36,11,31,617,1915.0
191,16,2,50,23,53,1324,3229.0
192,30,6,50,24,57,1432,3428.0
193,24,6,68,22,45,1271,2704.0
194,26,7,21,15,32,857,1960.0
195,12,5,69,20,40,1155,2458.0
196,26,17,36,22,37,1285,2256.0
197,22,1,66,15,41,864,2480.0
198,22,6,44,19,48,1113,2907.0
199,12,2,30,15,46,865,2773.0
200,2,15,33,20,42,1179,2525.0
201,23,9,19,19,43,1118,2628.0
202,16,1,31,15,47,877,2859.0
203,11,19,21,17,39,970,2342.0
204,22,9,41,14,37,835,2276.0
205,5,3,38,17,42,993,2536.0
206,19,18,73,12,33,671,2029.0
207,6,26,36,13,36,769,2211.0
208,10,2,20,17,45,992,2722.0
209,6,24,44,18,47,1027,2852.0
210,6,8,74,19,33,1096,2017.0
211,4,9,36,17,35,1004,2110.0
212,28,23,61,19,48,1137,2939.0
213,20,29,43,21,46,1216,2787.0
214,4,26,50,15,39,861,2376.0
215,21,25,20,17,54,1003,3270.0
216,12,1,28,15,48,897,2890.0
217,24,2,37,20,59,1197,3598.0
218,11,26,71,16,30,911,1816.0
219,16,18,38,18,47,1032,2869.0
220,23,4,28,21,32,1229,1952.0
221,16,10,55,20,37,1167,2225.0
222,14,5,30,25,40,1451,2430.0
223,12,18,72,16,48,916,2937.0
224,3,17,70,18,51,1069,3081.0
225,19,1,41,16,47,911,2859.0
226,16,30,69,17,47,1019,2877.0
227,9,11,21,13,30,752,1810.0
228,17,28,28,11,34,622,2086.0
229,10,18,36,15,32,882,1951.0
230,19,17,23,18,42,1065,2561.0
231,3,9,31,23,45,1332,2751.0
232,20,16,23,20,51,1192,3100.0
233,11,10,54,19,49,1140,2999.0
234,3,10,31,19,49,1093,2968.0
235,19,27,74,15,32,894,1954.0
236,19,22,36,21,33,1224,2010.0
237,2,5,29,18,54,1071,3252.0
238,11,27,18,17,41,978,2471.0
239,21,5,69,19,51,1097,3092.0
240,6,15,65,18,51,1062,3102.0
241,18,16,60,21,47,1256,2829.0
242,29,12,52,19,41,1096,2470.0
243,21,2,33,17,40,1019,2458.0
244,30,23,44,19,40,1124,2446.0
245,14,9,73,16,39,950,2361.0
246,1,3,48,19,54,1140,3267.0
247,2,24,62,20,49,1182,2980.0
248,29,1,34,22,47,1268,2820.0
249,28,26,50,19,46,1126,2777.0
250,29,14,42,12,38,713,2291.0
251,20,28,56,21,44,1223,2695.0
252,12,14,39,18,33,1057,1986.0
253,3,20,34,20,48,1199,2895.0
254,20,4,32,16,46,919,2776.0
255,25,26,65,16,42,956,2544.0
256,4,1,63,17,36,993,2199.0
257,21,20,40,17,49,964,2963.0
258,3,28,73,15,36,881,2190.0
259,28,5,37,21,51,1249,3116.0
260,28,4,34,17,36,972,2192.0
261,30,27,50,17,41,965,2479.0
262,6,27,29,16,39,926,2375.0
263,17,10,74,20,53,1191,3229.0
264,17,15,32,15,44,871,2647.0
265,6,18,40,17,42,1018,2546.0
266,27,5,20,20,48,1149,2889.0
267,27,18,17,13,42,776,2550.0
268,24,29,41,19,52,1131,3122.0
269,3,18,46,22,48,1279,2893.0
270,10,23,70,21,44,1257,2655.0
271,13,4,17,15,39,873,2363.0
272,9,8,54,20,51,1195,3110.0
273,10,24,20,19,40,1131,2404.0
274,5,24,56,22,45,1305,2729.0
275,8,25,28,16,42,957,2560.0
276,14,20,26,23,51,1330,3060.0
277,3,1,51,19,47,1113,2843.0
278,15,12,63,18,44,1047,2647.0
279,12,7,62,18,36,1024,2188.0
280,19,29,37,15,32,874,1961.0
281,25,11,40,18,39,1070,2352.0
282,16,20,16,20,43,1200,2635.0
283,25,15,70,19,34,1103,2048.0
284,22,16,71,17,46,982,2778.0
285,12,13,33,19,50,1107,3028.0
286,2,7,60,14,46,792,2777.0
287,10,9,70,20,46,1166,2782.0
288,6,16,41,16,39,931,2351.0
289,22,13,39,16,49,934,2982.0
290,18,30,46,17,43,972,2599.0
291,21,18,36,16,48,941,2917.0
292,11,17,37,14,37,809,2220.0
293,17,7,59,19,34,1134,2067.0
294,2,16,50,22,52,1302,3141.0
295,20,1,52,23,44,1356,2686.0
296,24,8,67,15,42,868,2535.0
297,26,27,57,15,46,899,2771.0
298,18,12,64,18,44,1025,2690.0
299,28,22,46,18,48,1024,2902.0
300,1,7,64,22,51,1289,3076.0
301,10,11,55,19,34,1102,2081.0
302,10,4,25,18,43,1041,2612.0
303,1,13,54,17,45,974,2751.0
304,2,17,74,23,52,1345,3162.0
305,3,25,30,22,43,1268,2626.0
306,10,3,43,16,38,936,2333.0
307,3,7,37,18,33,1058,2029.0
308,13,9,57,18,52,1039,3138.0
309,13,22,20,21,41,1229,2516.0
310,21,23,36,14,43,840,2613.0
311,9,7,53,15,42,887,2522.0
312,2,27,20,15,55,850,3343.0
313,18,14,68,15,49,863,2997.0
314,18,29,48,14,35,807,2102.0
315,16,6,27,20,55,1142,3336.0
316,3,13,58,16,43,901,2583.0
317,19,12,53,18,49,1059,2945.0
318,12,27,23,19,47,1104,2825.0
319,19,25,66,19,45,1083,2751.0
320,26,5,60,16,47,933,2823.0
321,10,22,26,16,31,905,1892.0
322,7,23,50,22,48,1319,2919.0
323,13,7,69,20,49,1155,2978.0
324,2,14,15,23,52,1367,3170.0
325,5,2,28,21,47,1239,2876.0
326,21,30,56,17,54,963,3279.0
327,3,19,49,19,42,1130,2533.0
328,6,21,44,17,47,1011,2834.0
329,2,9,36,18,41,1034,2477.0
330,20,14,36,14,47,835,2876.0
331,18,24,61,18,51,1080,3099.0
332,28,3,38,19,31,1093,1881.0
333,16,19,70,18,51,1078,3069.0
334,18,27,51,19,57,1139,3454.0
335,19,6,67,17,52,961,3144.0
336,28,7,47,17,37,988,2258.0
337,15,1,74,22,50,1309,3001.0
338,9,22,52,15,34,858,2075.0
339,15,11,33,18,43,1079,2615.0
340,29,17,61,12,39,719,2357.0
341,7,16,53,18,37,1050,2252.0
342,30,5,46,23,60,1332,3600.0
343,3,14,22,20,49,1146,2948.0
344,7,8,36,24,45,1422,2706.0
345,23,11,26,24,48,1431,2939.0
346,4,25,35,23,47,1330,2864.0
347,15,30,42,18,44,1051,2677.0
348,25,16,68,18,34,1072,2068.0
349,29,9,38,17,48,1013,2926.0
350,7,21,54,17,39,1013,2357.0
351,29,10,58,16,49,937,2950.0
352,1,16,15,16,36,957,2219.0
353,25,22,42,19,44,1089,2673.0
354,22,19,20,19,42,1096,2523.0
355,30,17,27,14,39,828,2367.0
356,26,6,72,17,40,1016,2405.0
357,22,12,22,16,44,959,2642.0
358,18,7,29,19,48,1121,2899.0
359,27,28,71,17,44,1018,2670.0
360,16,5,42,13,49,772,2975.0
361,25,10,30,19,39,1118,2392.0
362,13,23,60,24,49,1406,2950.0
363,5,23,20,14,38,836,2320.0
364,7,5,62,13,36,752,2197.0
365,30,3,23,18,38,1021,2320.0
366,15,19,65,23,48,1373,2919.0
367,19,28,30,18,47,1077,2878.0
368,7,18,68,18,46,1031,2784.0
369,27,6,25,19,41,1117,2462.0
370,19,11,22,18,39,1071,2377.0
371,9,21,40,19,51,1129,3074.0
372,3,11,33,21,38,1251,2333.0
373,7,2,35,20,50,1154,3036.0
374,20,6,20,20,49,1151,2963.0
375,14,22,44,21,44,1260,2649.0
376,9,24,65,20,47,1198,2877.0
377,6,25,32,22,51,1280,3083.0
378,26,3,55,17,41,971,2504.0
379,28,2,47,18,44,1044,2688.0
380,1,27,46,14,53,791,3238.0
381,20,23,27,19,44,1081,2678.0
382,24,17,25,17,45,973,2728.0
383,7,19,31,18,36,1046,2187.0
384,24,12,56,19,37,1090,2225.0
385,7,26,40,19,34,1109,2042.0
386,8,30,57,21,49,1246,2945.0
387,25,23,59,19,34,1105,2048.0
388,8,18,58,16,43,959,2586.0
389,27,14,22,24,59,1385,3549.0
390,18,15,71,20,49,1162,2976.0
391,6,28,46,15,38,848,2284.0
392,25,9,48,17,37,997,2223.0
393,29,3,68,19,40,1085,2443.0
394,27,10,36,21,43,1210,2621.0
395,24,23,59,16,43,945,2597.0
396,22,7,38,16,30,903,1825.0
397,15,17,24,22,39,1309,2397.0
398,3,22,21,18,45,1078,2736.0
399,6,9,68,16,39,958,2397.0
horizon=62
