NODES,30
1,1,-,-
2,2,-,-
3,3,-,-
4,4,-,-
5,5,-,-
6,6,-,-
7,7,-,-
8,8,-,-
9,9,-,-
10,10,-,-
11,11,-,-
12,12,-,-
13,13,-,-
14,14,-,-
15,15,-,-
16,16,-,-
17,17,-,-
18,18,-,-
19,19,-,-
20,20,-,-
21,21,-,-
22,22,-,-
23,23,-,-
24,24,-,-
25,25,-,-
26,26,-,-
27,27,-,-
28,28,-,-
29,29,-,-
30,30,-,-
ARCS,518
0,1,15,8,267,196,9,486,486.0
1,1,28,1,947,182,29,1722,1722.0
2,1,13,7,656,583,20,1193,1193.0
3,1,12,7,995,377,31,1810,1810.0
4,1,6,4,874,363,27,1590,1590.0
5,1,2,9,401,569,13,730,730.0
6,1,22,6,825,593,25,1500,1500.0
7,1,18,7,510,574,16,928,928.0
8,1,20,9,765,442,24,1391,1391.0
9,1,21,2,1080,554,33,1964,1964.0
10,1,16,7,146,256,5,266,266.0
11,1,7,4,668,482,21,1215,1215.0
12,1,14,6,158,136,5,288,288.0
13,1,24,4,862,273,27,1568,1568.0
14,1,3,6,631,396,20,1148,1148.0
15,1,26,2,534,289,17,971,971.0
16,1,4,6,304,508,10,553,553.0
17,2,9,8,401,243,13,730,730.0
18,2,16,5,546,475,17,993,993.0
19,2,12,4,971,376,30,1766,1766.0
20,2,5,7,1129,289,35,2053,2053.0
21,2,6,7,862,505,27,1568,1568.0
22,2,1,2,182,192,6,331,331.0
23,2,11,1,983,288,30,1788,1788.0
24,2,24,2,352,552,11,640,640.0
25,2,23,9,1020,331,31,1855,1855.0
26,2,27,4,716,478,22,1302,1302.0
27,2,10,6,340,530,11,619,619.0
28,2,29,2,1032,211,32,1877,1877.0
29,2,3,5,947,201,29,1722,1722.0
30,2,26,6,1104,488,34,2008,2008.0
31,2,20,4,498,172,16,906,906.0
32,2,17,3,656,264,20,1193,1193.0
33,2,15,3,1165,450,36,2119,2119.0
34,3,21,1,292,566,9,531,531.0
35,3,9,2,401,183,13,730,730.0
36,3,19,3,741,131,23,1348,1348.0
37,3,2,1,158,509,5,288,288.0
38,3,7,1,983,275,30,1788,1788.0
39,3,25,6,1044,286,32,1899,1899.0
40,3,12,4,680,310,21,1237,1237.0
41,3,10,9,983,310,30,1788,1788.0
42,3,20,4,801,580,25,1457,1457.0
43,3,30,4,801,293,25,1457,1457.0
44,3,4,5,413,209,13,751,751.0
45,3,18,6,850,201,26,1546,1546.0
46,3,26,6,668,170,21,1215,1215.0
47,3,22,3,534,430,17,971,971.0
48,3,28,6,389,264,12,708,708.0
49,3,11,5,389,389,12,708,708.0
50,3,16,2,219,134,7,399,399.0
51,4,24,8,1153,467,35,2097,2097.0
52,4,23,1,304,512,10,553,553.0
53,4,28,7,1141,328,35,2075,2075.0
54,4,27,5,522,170,16,950,950.0
55,4,9,5,607,498,19,1104,1104.0
56,4,26,2,728,574,23,1324,1324.0
57,4,13,4,1117,490,34,2031,2031.0
58,4,7,4,838,577,26,1524,1524.0
59,4,25,9,825,502,25,1500,1500.0
60,4,8,7,935,370,29,1700,1700.0
61,4,6,2,437,318,14,795,795.0
62,4,5,9,898,473,28,1633,1633.0
63,4,29,2,1044,557,32,1899,1899.0
64,4,30,5,741,298,23,1348,1348.0
65,4,2,2,474,155,15,862,862.0
66,5,19,3,959,265,30,1744,1744.0
67,5,15,4,340,391,11,619,619.0
68,5,24,6,559,466,17,1017,1017.0
69,5,9,3,850,280,26,1546,1546.0
70,5,14,1,1032,430,32,1877,1877.0
71,5,8,7,255,375,8,464,464.0
72,5,25,6,377,317,12,686,686.0
73,5,17,3,486,428,15,884,884.0
74,5,6,9,134,413,5,244,244.0
75,5,30,2,1007,312,31,1831,1831.0
76,5,21,1,1153,261,35,2097,2097.0
77,5,10,4,765,431,24,1391,1391.0
78,5,27,7,328,215,10,597,597.0
79,5,7,6,280,345,9,510,510.0
80,5,28,7,1056,363,32,1920,1920.0
81,5,29,9,728,574,23,1324,1324.0
82,5,11,1,789,239,24,1435,1435.0
83,6,13,4,862,456,27,1568,1568.0
84,6,25,6,522,474,16,950,950.0
85,6,27,1,874,524,27,1590,1590.0
86,6,3,7,983,276,30,1788,1788.0
87,6,17,5,1153,476,35,2097,2097.0
88,6,12,8,716,207,22,1302,1302.0
89,6,7,8,486,160,15,884,884.0
90,6,26,8,656,315,20,1193,1193.0
91,6,19,4,534,135,17,971,971.0
92,6,8,9,280,132,9,510,510.0
93,6,9,6,292,415,9,531,531.0
94,6,10,6,231,203,7,420,420.0
95,6,20,6,923,282,28,1679,1679.0
96,6,2,7,134,384,5,244,244.0
97,6,29,1,959,288,30,1744,1744.0
98,6,24,6,267,439,9,486,486.0
99,6,23,8,741,514,23,1348,1348.0
100,6,21,2,449,348,14,817,817.0
101,6,16,1,280,415,9,510,510.0
102,7,20,1,546,372,17,993,993.0
103,7,24,7,207,491,7,377,377.0
104,7,28,2,838,327,26,1524,1524.0
105,7,8,1,158,205,5,288,288.0
106,7,2,3,935,379,29,1700,1700.0
107,7,22,3,619,184,19,1126,1126.0
108,7,30,2,813,538,25,1479,1479.0
109,7,6,3,631,582,20,1148,1148.0
110,7,14,2,170,391,6,310,310.0
111,7,27,8,316,234,10,575,575.0
112,7,4,4,328,243,10,597,597.0
113,7,5,5,656,587,20,1193,1193.0
114,7,16,1,704,304,22,1280,1280.0
115,7,29,9,510,385,16,928,928.0
116,7,15,7,546,410,17,993,993.0
117,7,23,2,619,392,19,1126,1126.0
118,7,25,9,680,341,21,1237,1237.0
119,7,26,2,753,467,23,1370,1370.0
120,7,3,7,219,215,7,399,399.0
121,7,1,2,546,510,17,993,993.0
122,8,7,1,789,257,24,1435,1435.0
123,8,28,6,583,468,18,1060,1060.0
124,8,20,9,583,149,18,1060,1060.0
125,8,13,9,292,288,9,531,531.0
126,8,14,6,607,422,19,1104,1104.0
127,8,15,7,195,363,6,355,355.0
128,8,10,5,170,494,6,310,310.0
129,8,5,7,437,292,14,795,795.0
130,8,21,3,1153,406,35,2097,2097.0
131,8,30,9,182,488,6,331,331.0
132,8,27,7,292,580,9,531,531.0
133,8,17,1,619,136,19,1126,1126.0
134,8,22,9,413,262,13,751,751.0
135,8,4,8,474,279,15,862,862.0
136,8,9,8,534,351,17,971,971.0
137,8,18,9,631,419,20,1148,1148.0
138,8,6,8,377,231,12,686,686.0
139,8,3,3,704,497,22,1280,1280.0
140,8,16,7,267,303,9,486,486.0
141,8,29,6,971,280,30,1766,1766.0
142,9,11,1,838,574,26,1524,1524.0
143,9,7,3,559,355,17,1017,1017.0
144,9,3,2,886,442,27,1611,1611.0
145,9,18,4,959,265,30,1744,1744.0
146,9,14,6,813,488,25,1479,1479.0
147,9,10,5,1068,547,33,1942,1942.0
148,9,29,2,1165,140,36,2119,2119.0
149,9,22,6,777,545,24,1413,1413.0
150,9,1,5,389,359,12,708,708.0
151,10,5,7,583,414,18,1060,1060.0
152,10,14,6,486,347,15,884,884.0
153,10,21,9,1007,478,31,1831,1831.0
154,10,28,6,352,342,11,640,640.0
155,10,2,8,413,448,13,751,751.0
156,10,11,4,182,318,6,331,331.0
157,10,4,8,352,498,11,640,640.0
158,10,29,8,935,210,29,1700,1700.0
159,10,25,5,207,353,7,377,377.0
160,10,7,5,959,443,30,1744,1744.0
161,10,8,7,704,557,22,1280,1280.0
162,10,6,5,122,381,4,222,222.0
163,10,15,8,486,146,15,884,884.0
164,10,13,1,437,184,14,795,795.0
165,10,24,6,122,443,4,222,222.0
166,10,3,4,1117,551,34,2031,2031.0
167,10,30,9,546,330,17,993,993.0
168,11,3,1,559,472,17,1017,1017.0
169,11,6,3,122,463,4,222,222.0
170,11,7,3,1177,410,36,2140,2140.0
171,11,4,9,656,275,20,1193,1193.0
172,11,15,6,656,170,20,1193,1193.0
173,11,22,2,571,557,18,1039,1039.0
174,11,18,6,364,538,12,662,662.0
175,11,23,9,231,235,7,420,420.0
176,11,14,4,449,522,14,817,817.0
177,11,26,2,401,534,13,730,730.0
178,11,13,6,1117,215,34,2031,2031.0
179,11,10,3,231,508,7,420,420.0
180,11,29,1,765,464,24,1391,1391.0
181,11,1,9,474,413,15,862,862.0
182,11,12,1,959,226,30,1744,1744.0
183,12,20,4,825,419,25,1500,1500.0
184,12,22,7,728,196,23,1324,1324.0
185,12,7,4,656,366,20,1193,1193.0
186,12,13,3,389,197,12,708,708.0
187,12,28,9,850,373,26,1546,1546.0
188,12,23,9,765,433,24,1391,1391.0
189,12,25,3,146,135,5,266,266.0
190,12,10,7,462,576,14,840,840.0
191,12,4,4,413,377,13,751,751.0
192,12,5,2,656,331,20,1193,1193.0
193,12,26,2,813,132,25,1479,1479.0
194,12,15,5,1080,271,33,1964,1964.0
195,12,17,8,328,451,10,597,597.0
196,12,2,2,158,205,5,288,288.0
197,12,11,6,546,211,17,993,993.0
198,12,19,5,413,349,13,751,751.0
199,12,30,7,656,354,20,1193,1193.0
200,12,29,4,316,168,10,575,575.0
201,12,18,4,352,348,11,640,640.0
202,12,16,5,170,346,6,310,310.0
203,13,23,1,741,468,23,1348,1348.0
204,13,18,2,134,251,5,244,244.0
205,13,10,9,522,137,16,950,950.0
206,13,2,8,340,400,11,619,619.0
207,13,20,3,534,364,17,971,971.0
208,13,22,5,1129,124,35,2053,2053.0
209,13,6,9,777,400,24,1413,1413.0
210,13,17,9,243,470,8,442,442.0
211,13,21,9,643,257,20,1170,1170.0
212,13,1,4,462,462,14,840,840.0
213,13,4,2,838,285,26,1524,1524.0
214,13,16,7,158,188,5,288,288.0
215,13,27,2,182,508,6,331,331.0
216,13,25,7,134,246,5,244,244.0
217,13,3,6,1129,192,35,2053,2053.0
218,13,7,2,838,239,26,1524,1524.0
219,13,19,2,534,273,17,971,971.0
220,13,12,5,765,261,24,1391,1391.0
221,13,11,9,971,346,30,1766,1766.0
222,13,9,8,377,191,12,686,686.0
223,14,22,2,280,304,9,510,510.0
224,14,8,9,1104,569,34,2008,2008.0
225,14,5,7,462,588,14,840,840.0
226,14,23,1,122,552,4,222,222.0
227,14,1,2,437,458,14,795,795.0
228,14,24,5,1092,138,34,1986,1986.0
229,14,28,7,947,593,29,1722,1722.0
230,14,30,8,559,210,17,1017,1017.0
231,14,25,1,825,473,25,1500,1500.0
232,14,19,1,595,529,19,1082,1082.0
233,14,26,6,1044,180,32,1899,1899.0
234,14,13,6,498,233,16,906,906.0
235,14,9,4,207,234,7,377,377.0
236,14,4,6,546,415,17,993,993.0
237,15,7,8,534,478,17,971,971.0
238,15,22,5,510,426,16,928,928.0
239,15,21,6,983,548,30,1788,1788.0
240,15,1,7,328,468,10,597,597.0
241,15,6,1,1141,263,35,2075,2075.0
242,15,11,2,741,388,23,1348,1348.0
243,15,12,2,668,468,21,1215,1215.0
244,15,14,2,449,559,14,817,817.0
245,15,10,9,898,480,28,1633,1633.0
246,15,2,8,1032,147,32,1877,1877.0
247,15,24,4,643,404,20,1170,1170.0
248,15,19,6,449,443,14,817,817.0
249,15,3,1,1032,213,32,1877,1877.0
250,16,18,5,874,120,27,1590,1590.0
251,16,17,4,777,570,24,1413,1413.0
252,16,24,4,898,494,28,1633,1633.0
253,16,28,1,656,235,20,1193,1193.0
254,16,29,6,1153,375,35,2097,2097.0
255,16,21,5,255,261,8,464,464.0
256,16,23,8,801,582,25,1457,1457.0
257,16,9,8,1189,379,37,2162,2162.0
258,16,12,9,304,347,10,553,553.0
259,16,27,5,304,466,10,553,553.0
260,16,19,6,1153,384,35,2097,2097.0
261,16,10,8,583,474,18,1060,1060.0
262,16,15,9,255,203,8,464,464.0
263,16,6,9,583,331,18,1060,1060.0
264,16,5,5,122,520,4,222,222.0
265,16,7,4,995,454,31,1810,1810.0
266,16,8,2,631,234,20,1148,1148.0
267,16,26,8,462,499,14,840,840.0
268,16,14,4,995,297,31,1810,1810.0
269,17,9,7,631,553,20,1148,1148.0
270,17,22,2,971,377,30,1766,1766.0
271,17,24,1,340,207,11,619,619.0
272,17,29,3,328,130,10,597,597.0
273,17,21,5,1202,307,37,2186,2186.0
274,17,30,4,255,137,8,464,464.0
275,17,10,8,146,551,5,266,266.0
276,17,6,2,1032,421,32,1877,1877.0
277,17,2,3,716,148,22,1302,1302.0
278,17,1,1,716,565,22,1302,1302.0
279,17,27,6,207,528,7,377,377.0
280,17,5,1,364,527,12,662,662.0
281,17,25,7,935,438,29,1700,1700.0
282,17,16,6,462,199,14,840,840.0
283,17,13,8,643,268,20,1170,1170.0
284,18,2,5,243,360,8,442,442.0
285,18,22,8,437,120,14,795,795.0
286,18,1,7,134,464,5,244,244.0
287,18,9,9,777,357,24,1413,1413.0
288,18,30,1,886,371,27,1611,1611.0
289,18,21,8,474,367,15,862,862.0
290,18,16,9,1007,288,31,1831,1831.0
291,18,19,2,534,171,17,971,971.0
292,18,12,8,1104,293,34,2008,2008.0
293,18,24,5,534,150,17,971,971.0
294,18,6,7,1177,198,36,2140,2140.0
295,18,15,4,546,438,17,993,993.0
296,18,3,5,595,297,19,1082,1082.0
297,19,4,9,643,451,20,1170,1170.0
298,19,22,4,947,208,29,1722,1722.0
299,19,24,9,1032,164,32,1877,1877.0
300,19,9,2,825,126,25,1500,1500.0
301,19,14,5,389,456,12,708,708.0
302,19,3,2,838,241,26,1524,1524.0
303,19,28,3,850,245,26,1546,1546.0
304,19,10,2,255,565,8,464,464.0
305,19,8,9,825,512,25,1500,1500.0
306,19,29,4,1202,494,37,2186,2186.0
307,19,7,1,243,538,8,442,442.0
308,19,25,2,898,191,28,1633,1633.0
309,19,12,5,462,410,14,840,840.0
310,19,26,1,498,282,16,906,906.0
311,19,18,4,364,162,12,662,662.0
312,20,26,5,716,394,22,1302,1302.0
313,20,4,5,146,510,5,266,266.0
314,20,8,5,377,264,12,686,686.0
315,20,10,2,571,336,18,1039,1039.0
316,20,29,2,486,474,15,884,884.0
317,20,15,8,1104,316,34,2008,2008.0
318,20,21,4,1032,202,32,1877,1877.0
319,20,6,7,583,506,18,1060,1060.0
320,20,30,5,910,171,28,1655,1655.0
321,20,5,8,874,509,27,1590,1590.0
322,20,2,3,316,219,10,575,575.0
323,20,24,4,583,190,18,1060,1060.0
324,20,9,4,449,138,14,817,817.0
325,20,13,8,267,473,9,486,486.0
326,20,28,5,668,390,21,1215,1215.0
327,20,18,2,304,580,10,553,553.0
328,20,23,8,935,458,29,1700,1700.0
329,20,7,7,534,590,17,971,971.0
330,20,14,4,643,518,20,1170,1170.0
331,21,19,1,498,419,16,906,906.0
332,21,15,4,862,140,27,1568,1568.0
333,21,7,7,328,274,10,597,597.0
334,21,28,3,862,323,27,1568,1568.0
335,21,20,6,267,279,9,486,486.0
336,21,1,4,413,419,13,751,751.0
337,21,3,6,316,472,10,575,575.0
338,21,2,6,474,577,15,862,862.0
339,21,30,2,692,251,21,1259,1259.0
340,21,24,2,1007,388,31,1831,1831.0
341,21,25,7,777,166,24,1413,1413.0
342,21,10,7,947,442,29,1722,1722.0
343,21,18,4,413,526,13,751,751.0
344,21,26,5,777,234,24,1413,1413.0
345,22,26,4,692,199,21,1259,1259.0
346,22,15,7,753,343,23,1370,1370.0
347,22,19,1,546,324,17,993,993.0
348,22,30,9,1104,333,34,2008,2008.0
349,22,6,3,340,180,11,619,619.0
350,22,17,7,1177,371,36,2140,2140.0
351,22,18,5,522,558,16,950,950.0
352,22,3,3,595,588,19,1082,1082.0
353,22,11,2,377,391,12,686,686.0
354,22,28,4,134,343,5,244,244.0
355,22,25,8,898,325,28,1633,1633.0
356,22,1,9,231,440,7,420,420.0
357,22,29,1,1189,122,37,2162,2162.0
358,22,12,4,619,552,19,1126,1126.0
359,22,8,9,789,470,24,1435,1435.0
360,22,20,4,474,280,15,862,862.0
361,22,14,3,158,231,5,288,288.0
362,22,7,6,983,485,30,1788,1788.0
363,22,13,3,825,381,25,1500,1500.0
364,22,9,2,243,505,8,442,442.0
365,22,24,2,195,161,6,355,355.0
366,22,5,6,1020,510,31,1855,1855.0
367,23,28,4,959,553,30,1744,1744.0
368,23,13,5,425,358,13,773,773.0
369,23,14,6,389,328,12,708,708.0
370,23,3,8,1165,173,36,2119,2119.0
371,23,7,9,1056,542,32,1920,1920.0
372,23,10,5,886,304,27,1611,1611.0
373,23,5,6,704,522,22,1280,1280.0
374,23,17,9,825,384,25,1500,1500.0
375,23,27,9,389,545,12,708,708.0
376,23,25,3,801,282,25,1457,1457.0
377,23,4,7,1020,490,31,1855,1855.0
378,23,18,8,510,273,16,928,928.0
379,23,26,6,862,538,27,1568,1568.0
380,23,6,4,923,387,28,1679,1679.0
381,23,22,5,474,289,15,862,862.0
382,23,19,8,1104,231,34,2008,2008.0
383,23,20,4,134,451,5,244,244.0
384,23,24,9,1080,565,33,1964,1964.0
385,23,30,1,959,463,30,1744,1744.0
386,23,9,9,158,240,5,288,288.0
387,24,30,1,1141,324,35,2075,2075.0
388,24,3,7,1153,323,35,2097,2097.0
389,24,8,8,741,381,23,1348,1348.0
390,24,13,7,643,208,20,1170,1170.0
391,24,16,4,813,140,25,1479,1479.0
392,24,29,3,619,544,19,1126,1126.0
393,24,6,1,583,414,18,1060,1060.0
394,24,10,8,971,599,30,1766,1766.0
395,24,5,7,158,333,5,288,288.0
396,24,2,4,195,521,6,355,355.0
397,24,14,1,716,396,22,1302,1302.0
398,24,23,5,413,313,13,751,751.0
399,24,18,3,389,404,12,708,708.0
400,24,7,4,862,312,27,1568,1568.0
401,24,28,7,280,258,9,510,510.0
402,24,4,9,462,299,14,840,840.0
403,24,11,4,862,342,27,1568,1568.0
404,24,17,2,862,371,27,1568,1568.0
405,25,14,7,352,443,11,640,640.0
406,25,9,8,971,306,30,1766,1766.0
407,25,12,6,825,462,25,1500,1500.0
408,25,13,7,413,208,13,751,751.0
409,25,21,2,352,273,11,640,640.0
410,25,1,2,1032,577,32,1877,1877.0
411,25,5,7,607,319,19,1104,1104.0
412,25,22,3,1044,409,32,1899,1899.0
413,25,16,5,486,208,15,884,884.0
414,25,28,8,1153,217,35,2097,2097.0
415,25,19,3,231,408,7,420,420.0
416,25,8,5,947,138,29,1722,1722.0
417,25,26,1,898,588,28,1633,1633.0
418,25,29,2,1141,454,35,2075,2075.0
419,25,6,5,1141,340,35,2075,2075.0
420,25,3,7,1177,335,36,2140,2140.0
421,25,2,6,195,164,6,355,355.0
422,25,10,9,377,289,12,686,686.0
423,26,16,4,425,463,13,773,773.0
424,26,2,9,267,246,9,486,486.0
425,26,30,9,304,223,10,553,553.0
426,26,20,9,255,468,8,464,464.0
427,26,23,8,971,571,30,1766,1766.0
428,26,28,2,886,486,27,1611,1611.0
429,26,18,5,874,493,27,1590,1590.0
430,26,22,9,1165,161,36,2119,2119.0
431,26,13,9,753,476,23,1370,1370.0
432,26,29,7,462,468,14,840,840.0
433,26,9,4,692,183,21,1259,1259.0
434,26,17,9,1104,318,34,2008,2008.0
435,26,11,1,243,184,8,442,442.0
436,27,23,7,741,388,23,1348,1348.0
437,27,1,8,923,510,28,1679,1679.0
438,27,12,6,534,282,17,971,971.0
439,27,5,6,158,367,5,288,288.0
440,27,30,7,377,379,12,686,686.0
441,27,4,9,389,257,12,708,708.0
442,27,15,5,923,170,28,1679,1679.0
443,27,28,4,546,394,17,993,993.0
444,27,13,8,935,315,29,1700,1700.0
445,27,14,5,146,234,5,266,266.0
446,27,16,5,910,530,28,1655,1655.0
447,27,9,3,1056,577,32,1920,1920.0
448,27,11,3,207,185,7,377,377.0
449,27,2,5,474,587,15,862,862.0
450,27,17,1,947,226,29,1722,1722.0
451,27,19,3,643,533,20,1170,1170.0
452,27,29,3,813,473,25,1479,1479.0
453,27,3,7,158,309,5,288,288.0
454,27,21,6,995,347,31,1810,1810.0
455,27,7,6,413,413,13,751,751.0
456,27,20,9,716,358,22,1302,1302.0
457,27,22,5,510,214,16,928,928.0
458,28,23,1,292,256,9,531,531.0
459,28,19,8,1068,557,33,1942,1942.0
460,28,14,2,486,327,15,884,884.0
461,28,24,5,340,490,11,619,619.0
462,28,2,7,692,597,21,1259,1259.0
463,28,8,4,389,545,12,708,708.0
464,28,4,6,1165,205,36,2119,2119.0
465,28,16,9,328,281,10,597,597.0
466,28,26,3,704,294,22,1280,1280.0
467,28,1,8,219,585,7,399,399.0
468,28,21,4,449,331,14,817,817.0
469,28,9,3,243,538,8,442,442.0
470,28,15,4,959,208,30,1744,1744.0
471,28,6,2,486,354,15,884,884.0
472,28,12,5,462,245,14,840,840.0
473,28,13,2,886,551,27,1611,1611.0
474,28,25,7,1165,311,36,2119,2119.0
475,28,7,2,1177,400,36,2140,2140.0
476,29,21,4,1044,279,32,1899,1899.0
477,29,12,7,643,168,20,1170,1170.0
478,29,23,4,219,147,7,399,399.0
479,29,17,9,292,289,9,531,531.0
480,29,24,2,910,416,28,1655,1655.0
481,29,11,4,631,564,20,1148,1148.0
482,29,19,8,898,295,28,1633,1633.0
483,29,16,8,704,484,22,1280,1280.0
484,29,25,6,1153,396,35,2097,2097.0
485,29,26,9,134,475,5,244,244.0
486,29,5,4,571,428,18,1039,1039.0
487,29,28,7,1141,159,35,2075,2075.0
488,29,20,1,753,198,23,1370,1370.0
489,29,14,7,1020,185,31,1855,1855.0
490,29,27,6,631,292,20,1148,1148.0
491,29,6,7,559,182,17,1017,1017.0
492,29,8,8,1007,194,31,1831,1831.0
493,29,22,6,643,164,20,1170,1170.0
494,29,9,1,413,563,13,751,751.0
495,29,30,4,498,408,16,906,906.0
496,29,15,5,1092,502,34,1986,1986.0
497,30,21,8,364,584,12,662,662.0
498,30,15,6,838,401,26,1524,1524.0
499,30,13,8,995,307,31,1810,1810.0
500,30,27,1,680,403,21,1237,1237.0
501,30,1,5,401,392,13,730,730.0
502,30,4,4,1032,541,32,1877,1877.0
503,30,7,9,510,210,16,928,928.0
504,30,10,2,1007,437,31,1831,1831.0
505,30,9,5,1177,251,36,2140,2140.0
506,30,20,1,656,414,20,1193,1193.0
507,30,29,2,207,397,7,377,377.0
508,30,8,6,364,156,12,662,662.0
509,30,25,6,1202,360,37,2186,2186.0
510,30,26,6,1202,480,37,2186,2186.0
511,30,22,4,498,463,16,906,906.0
512,30,5,4,716,286,22,1302,1302.0
513,30,18,6,680,570,21,1237,1237.0
514,30,2,2,571,387,18,1039,1039.0
515,30,17,4,983,288,30,1788,1788.0
516,30,14,7,923,430,28,1679,1679.0
517,30,19,1,910,148,28,1655,1655.0
COMMODITIES,400
0,20,3,34,25,48,1491,2900.0
1,12,18,55,14,28,837,1739.0
2,25,29,64,14,46,803,2818.0
3,2,6,57,27,44,1584,2680.0
4,12,17,58,16,29,951,1793.0
5,18,11,72,15,40,848,2458.0
6,30,8,33,14,27,804,1654.0
7,19,5,15,17,36,1006,2192.0
8,6,23,33,17,39,999,2384.0
9,1,10,59,20,42,1161,2520.0
10,4,10,22,6,29,351,1789.0
11,12,25,49,20,26,1146,1603.0
12,9,7,39,24,43,1385,2587.0
13,28,15,72,20,38,1165,2295.0
14,13,11,50,23,39,1339,2340.0
15,27,10,36,21,37,1201,2276.0
16,20,27,58,23,40,1342,2428.0
17,4,29,19,20,51,1156,3069.0
18,20,25,74,17,33,991,1997.0
19,11,17,32,22,52,1266,3128.0
20,1,8,30,20,38,1174,2318.0
21,17,28,21,23,40,1325,2412.0
22,4,23,74,16,29,955,1741.0
23,16,28,66,16,39,953,2351.0
24,3,8,29,21,43,1225,2584.0
25,15,16,67,9,28,511,1695.0
26,1,3,59,13,34,746,2080.0
27,9,27,28,26,55,1504,3345.0
28,13,22,68,20,39,1162,2362.0
29,7,1,62,19,39,1088,2347.0
30,1,2,59,13,29,735,1743.0
31,9,29,54,24,60,1422,3606.0
32,11,5,36,17,35,982,2102.0
33,24,12,27,8,33,429,2018.0
34,21,5,17,27,49,1600,2984.0
35,13,25,43,18,25,1025,1506.0
36,15,13,43,18,49,1039,2950.0
37,5,19,54,11,32,619,1962.0
38,22,11,57,13,28,776,1688.0
39,19,12,31,23,40,1332,2420.0
40,29,19,43,8,37,440,2224.0
41,29,22,71,16,39,945,2356.0
42,2,14,48,26,39,1547,2360.0
43,17,5,27,25,39,1494,2384.0
44,15,25,39,16,44,952,2670.0
45,26,1,36,21,38,1256,2306.0
46,20,29,26,12,30,706,1827.0
47,21,25,55,14,37,806,2273.0
48,4,8,53,15,40,867,2430.0
49,21,8,19,27,45,1574,2709.0
50,12,7,24,21,41,1211,2480.0
51,7,10,69,22,34,1296,2080.0
52,30,21,72,22,38,1294,2304.0
53,26,28,64,18,47,1056,2862.0
54,16,9,17,10,30,597,1855.0
55,2,5,70,10,26,568,1596.0
56,27,7,46,17,32,965,1976.0
57,2,10,61,23,36,1335,2178.0
58,14,24,73,10,28,562,1730.0
59,11,1,19,17,33,1012,2000.0
60,3,19,26,17,43,995,2599.0
61,27,9,72,17,32,1000,1943.0
62,15,28,23,18,41,1071,2489.0
63,26,18,58,16,38,943,2298.0
64,27,23,37,15,25,851,1534.0
65,6,7,46,21,38,1218,2284.0
66,30,12,40,19,47,1084,2877.0
67,12,9,36,14,35,833,2110.0
68,13,14,34,14,27,819,1673.0
69,16,4,26,16,39,949,2355.0
70,19,30,51,10,31,595,1906.0
71,5,4,28,14,35,815,2129.0
72,26,23,45,12,30,702,1838.0
73,16,2,70,10,25,559,1550.0
74,24,16,52,28,47,1621,2847.0
75,19,9,53,18,38,1051,2294.0
76,17,2,45,8,24,427,1463.0
77,6,15,26,16,33,906,2003.0
78,22,20,19,13,29,727,1756.0
79,5,17,29,17,35,995,2122.0
80,16,26,31,17,34,977,2050.0
81,4,12,46,12,45,671,2734.0
82,8,28,45,21,40,1245,2453.0
83,18,1,53,16,23,939,1389.0
84,2,9,36,16,31,940,1885.0
85,30,1,39,23,39,1358,2361.0
86,2,26,26,18,44,1057,2655.0
87,10,19,19,16,33,955,2032.0
88,29,8,53,21,44,1221,2672.0
89,3,20,38,18,38,1038,2327.0
90,1,16,68,18,26,1071,1598.0
91,1,26,22,19,37,1110,2227.0
92,4,2,20,16,34,952,2077.0
93,23,10,63,12,37,709,2263.0
94,28,10,55,24,43,1433,2638.0
95,3,6,30,14,31,836,1890.0
96,11,18,68,24,39,1414,2390.0
97,11,23,50,20,31,1187,1882.0
98,3,26,40,19,43,1120,2610.0
99,6,11,65,15,31,858,1905.0
100,16,10,63,13,30,743,1854.0
101,26,6,16,7,21,381,1283.0
102,8,23,28,16,36,914,2165.0
103,28,1,66,20,30,1159,1808.0
104,23,24,53,7,30,373,1847.0
105,7,13,34,16,34,946,2040.0
106,3,30,51,14,41,795,2495.0
107,2,22,46,13,34,724,2050.0
108,17,4,43,14,32,800,1972.0
109,11,6,19,27,34,1618,2086.0
110,27,21,49,14,31,810,1911.0
111,1,20,15,16,32,913,1940.0
112,2,16,27,26,40,1553,2410.0
113,2,7,52,16,41,906,2492.0
114,12,21,42,16,32,956,1933.0
115,10,1,53,14,30,801,1814.0
116,2,20,24,20,38,1156,2322.0
117,23,18,37,19,35,1095,2131.0
118,15,18,61,16,44,926,2640.0
119,4,20,43,20,37,1144,2273.0
120,27,13,27,21,43,1222,2600.0
121,9,10,58,12,42,695,2572.0
122,30,15,48,16,36,902,2171.0
123,21,1,29,14,30,820,1810.0
124,13,9,62,18,33,1041,1998.0
125,26,9,16,22,45,1263,2734.0
126,5,12,34,19,44,1092,2658.0
127,9,22,73,13,40,764,2428.0
128,20,22,47,16,41,907,2500.0
129,14,23,30,24,31,1417,1878.0
130,25,11,50,11,31,620,1890.0
131,19,17,49,22,49,1319,2977.0
132,28,29,33,12,39,719,2373.0
133,2,19,26,11,38,626,2300.0
134,17,24,51,22,34,1314,2040.0
135,25,30,42,9,38,535,2303.0
136,28,16,39,9,23,530,1412.0
137,29,15,74,17,44,981,2681.0
138,28,13,53,9,33,517,1996.0
139,25,22,63,20,43,1192,2581.0
140,4,19,41,17,50,1002,3037.0
141,5,2,44,17,28,984,1698.0
142,30,10,43,12,32,695,1924.0
143,8,16,54,24,34,1425,2098.0
144,3,18,57,17,41,985,2503.0
145,21,3,73,13,26,742,1589.0
146,3,28,69,13,26,723,1587.0
147,26,24,47,13,34,732,2077.0
148,8,15,60,20,31,1170,1867.0
149,1,15,59,17,28,971,1685.0
150,23,21,46,20,48,1157,2921.0
151,30,7,50,13,32,758,1923.0
152,25,8,55,15,37,871,2228.0
153,5,13,38,19,38,1111,2333.0
154,5,23,25,14,34,814,2046.0
155,22,7,59,12,34,692,2098.0
156,14,25,48,15,37,869,2251.0
157,21,20,46,10,20,559,1230.0
158,11,20,64,14,29,839,1747.0
159,9,4,53,21,44,1227,2688.0
160,3,2,57,18,26,1062,1605.0
161,14,6,67,29,49,1702,2961.0
162,9,8,61,2,27,94,1656.0
163,21,19,25,29,47,1732,2844.0
164,21,9,30,9,33,493,2032.0
165,1,5,40,14,25,815,1532.0
166,1,7,52,17,35,975,2124.0
167,23,7,18,13,36,735,2212.0
168,9,12,53,15,43,846,2616.0
169,26,11,40,15,26,894,1595.0
170,13,10,18,16,32,949,1923.0
171,5,20,63,21,45,1225,2746.0
172,17,25,47,13,26,745,1574.0
173,18,6,28,7,26,382,1587.0
174,3,27,51,11,31,635,1898.0
175,12,29,23,13,26,739,1606.0
176,15,14,64,15,32,864,1954.0
177,20,13,26,23,34,1369,2074.0
178,2,4,74,12,30,685,1846.0
179,8,21,48,18,36,1055,2204.0
180,26,2,29,20,31,1155,1898.0
181,24,7,21,7,24,373,1448.0
182,23,4,46,16,28,911,1684.0
183,14,11,26,5,27,254,1644.0
184,25,10,44,13,27,767,1667.0
185,25,16,42,16,34,957,2068.0
186,13,21,51,16,32,913,1949.0
187,23,19,17,21,47,1253,2840.0
188,12,23,61,18,36,1058,2208.0
189,26,21,43,20,43,1193,2623.0
190,19,7,19,10,22,563,1344.0
191,5,7,15,14,26,826,1605.0
192,6,16,58,16,27,928,1621.0
193,30,19,16,18,48,1080,2908.0
194,2,28,31,12,35,685,2121.0
195,21,14,35,10,28,600,1714.0
196,19,4,21,25,47,1493,2834.0
197,15,19,65,11,28,650,1719.0
198,30,24,32,18,43,1068,2611.0
199,7,28,61,28,45,1634,2705.0
200,27,19,31,22,46,1295,2763.0
201,20,14,63,21,41,1204,2493.0
202,16,15,73,17,27,969,1664.0
203,17,7,33,14,35,806,2125.0
204,27,30,51,15,29,854,1788.0
205,16,22,41,16,41,934,2495.0
206,25,12,46,20,43,1174,2627.0
207,18,2,35,8,18,461,1133.0
208,25,14,48,17,30,965,1807.0
209,13,7,18,19,39,1093,2385.0
210,20,2,49,6,21,360,1286.0
211,20,26,24,13,34,757,2069.0
212,10,8,69,20,34,1149,2086.0
213,17,10,65,11,18,652,1132.0
214,11,2,54,6,18,336,1084.0
215,1,22,49,17,33,989,2001.0
216,14,2,23,15,36,894,2162.0
217,16,14,23,27,44,1613,2693.0
218,17,29,72,21,33,1222,2034.0
219,4,17,21,12,43,668,2581.0
220,3,24,67,22,40,1295,2418.0
221,9,13,32,13,45,721,2743.0
222,30,13,42,20,45,1196,2711.0
223,15,20,67,18,44,1027,2674.0
224,12,24,72,14,33,797,2024.0
225,11,29,26,26,52,1540,3135.0
226,17,9,19,25,45,1453,2715.0
227,18,16,24,14,26,800,1601.0
228,14,18,22,17,38,963,2294.0
229,9,18,20,15,45,863,2749.0
230,6,25,45,14,31,783,1872.0
231,7,5,41,18,32,1030,1927.0
232,14,12,46,13,42,746,2570.0
233,1,27,62,24,39,1383,2360.0
234,20,4,40,23,31,1328,1864.0
235,21,29,52,25,51,1496,3088.0
236,19,18,35,17,31,1001,1865.0
237,23,30,18,27,52,1580,3158.0
238,6,14,68,16,33,920,2004.0
239,16,12,63,21,32,1214,1970.0
240,30,3,60,14,38,796,2284.0
241,19,6,53,20,35,1183,2139.0
242,12,1,17,16,29,917,1763.0
243,20,15,67,22,42,1289,2546.0
244,19,2,36,8,26,450,1582.0
245,15,7,47,22,42,1303,2529.0
246,25,5,29,19,41,1109,2512.0
247,30,14,73,19,40,1139,2407.0
248,3,25,28,6,30,348,1825.0
249,11,9,17,9,23,531,1393.0
250,25,6,22,20,38,1189,2326.0
251,19,16,33,10,33,580,1986.0
252,25,28,51,16,42,936,2558.0
253,17,22,39,19,42,1081,2521.0
254,25,26,38,13,39,747,2382.0
255,9,21,52,18,46,1054,2793.0
256,5,27,42,12,26,675,1591.0
257,1,18,17,24,44,1410,2654.0
258,18,9,16,16,35,949,2117.0
259,22,26,35,11,34,623,2076.0
260,25,24,56,12,32,714,1936.0
261,11,26,50,17,32,1006,1921.0
262,5,22,39,14,37,814,2231.0
263,21,22,16,6,32,329,1932.0
264,9,19,56,22,59,1309,3577.0
265,16,17,48,18,40,1071,2443.0
266,18,7,61,17,41,981,2491.0
267,10,25,49,7,15,397,937.0
268,10,28,24,18,31,1050,1907.0
269,14,22,37,20,32,1175,1957.0
270,22,27,52,2,27,116,1659.0
271,22,25,67,24,50,1411,3017.0
272,5,21,55,13,34,739,2083.0
273,6,26,40,18,40,1026,2419.0
274,1,12,72,14,32,825,1927.0
275,18,12,37,19,41,1128,2470.0
276,8,5,30,24,39,1409,2373.0
277,16,11,59,11,29,609,1774.0
278,30,6,52,18,41,1043,2510.0
279,2,13,36,21,48,1244,2920.0
280,3,17,30,23,51,1349,3095.0
281,3,23,47,14,38,828,2305.0
282,30,4,27,17,41,965,2489.0
283,4,28,72,23,54,1329,3287.0
284,1,6,56,18,33,1056,2001.0
285,1,29,50,13,40,729,2448.0
286,19,14,32,11,26,607,1580.0
287,11,3,58,18,38,1080,2288.0
288,26,14,50,29,50,1701,3057.0
289,21,18,65,14,29,783,1785.0
290,24,23,62,22,38,1313,2329.0
291,30,11,33,25,46,1443,2784.0
292,18,4,56,12,28,699,1712.0
293,13,12,34,20,37,1171,2252.0
294,10,7,40,17,39,1015,2370.0
295,17,15,56,15,37,873,2272.0
296,22,8,23,14,32,836,1978.0
297,4,30,24,19,45,1140,2749.0
298,25,17,55,20,43,1196,2604.0
299,29,14,15,8,29,448,1748.0
300,1,28,50,7,27,379,1634.0
301,4,25,58,13,40,776,2448.0
302,21,16,39,12,32,706,1952.0
303,29,1,71,27,47,1584,2867.0
304,20,10,62,11,31,633,1866.0
305,6,12,59,12,33,720,2006.0
306,2,11,48,9,28,498,1702.0
307,26,12,36,24,49,1430,2970.0
308,27,25,55,15,34,873,2085.0
309,16,20,21,17,36,994,2173.0
310,25,21,44,24,36,1381,2201.0
311,15,9,71,23,44,1351,2696.0
312,12,26,66,17,33,964,2027.0
313,8,2,29,19,34,1100,2085.0
314,24,26,48,16,42,938,2571.0
315,15,2,52,21,47,1223,2844.0
316,20,9,62,21,38,1228,2328.0
317,22,6,31,10,23,568,1434.0
318,8,14,19,20,36,1146,2208.0
319,26,30,26,20,33,1190,2033.0
320,30,5,22,19,41,1099,2501.0
321,26,15,37,18,42,1048,2525.0
322,8,22,36,14,29,792,1785.0
323,25,27,63,20,40,1172,2444.0
324,2,12,58,19,42,1105,2549.0
325,26,13,30,15,34,889,2080.0
326,15,23,42,25,46,1473,2783.0
327,7,30,64,24,38,1418,2306.0
328,26,19,61,21,51,1211,3073.0
329,7,15,49,20,34,1196,2052.0
330,22,5,35,18,33,1064,1986.0
331,12,2,35,21,29,1210,1767.0
332,29,21,60,7,35,376,2111.0
333,28,3,58,20,45,1153,2724.0
334,2,29,49,21,53,1225,3213.0
335,23,8,74,16,34,908,2081.0
336,29,10,41,16,33,939,2006.0
337,7,3,23,23,32,1345,1961.0
338,14,20,49,12,23,711,1417.0
339,1,23,67,9,22,526,1337.0
340,17,23,46,22,39,1304,2378.0
341,13,23,31,19,36,1116,2217.0
342,18,10,53,15,37,899,2249.0
343,29,7,36,14,44,781,2645.0
344,22,4,38,20,39,1157,2340.0
345,7,21,62,14,32,787,1953.0
346,18,23,55,12,26,694,1619.0
347,4,6,65,10,26,575,1595.0
348,16,13,63,25,50,1451,3003.0
349,18,28,41,15,36,895,2182.0
350,11,8,74,15,31,896,1888.0
351,3,11,17,23,38,1344,2303.0
352,27,15,43,14,32,811,1979.0
353,9,1,53,23,40,1364,2418.0
354,6,4,68,10,31,578,1909.0
355,23,22,70,11,28,639,1730.0
356,15,5,63,16,37,912,2255.0
357,27,24,61,16,36,908,2185.0
358,16,1,73,16,37,913,2254.0
359,27,28,67,16,35,901,2144.0
360,9,23,25,19,43,1120,2589.0
361,4,15,35,21,51,1203,3101.0
362,23,3,48,16,37,951,2237.0
363,20,18,18,19,32,1113,1927.0
364,23,6,62,9,33,515,2035.0
365,30,9,17,10,32,564,1940.0
366,17,27,40,24,33,1401,2021.0
367,7,11,56,11,29,632,1784.0
368,8,30,71,13,21,746,1315.0
369,21,26,60,24,51,1390,3091.0
370,22,24,64,19,29,1140,1745.0
371,18,26,70,12,36,698,2185.0
372,25,1,20,19,34,1111,2057.0
373,20,23,70,15,32,885,1952.0
374,12,20,59,16,40,953,2402.0
375,10,26,35,15,35,841,2147.0
376,30,26,16,17,29,993,1799.0
377,4,18,44,14,39,785,2342.0
378,4,13,33,10,34,579,2073.0
379,8,27,54,14,26,800,1584.0
380,11,27,71,22,43,1277,2639.0
381,13,8,22,12,31,692,1908.0
382,26,8,40,14,36,811,2181.0
383,17,13,74,20,41,1181,2464.0
384,29,24,58,19,38,1094,2335.0
385,17,26,48,23,41,1339,2476.0
386,7,4,56,11,24,606,1488.0
387,5,9,71,15,30,864,1844.0
388,15,30,16,18,46,1078,2805.0
389,28,30,63,20,40,1197,2451.0
390,1,14,31,20,27,1155,1642.0
391,24,2,67,4,13,224,818.0
392,17,8,71,28,48,1646,2932.0
393,16,7,65,17,34,1018,2082.0
394,16,18,33,19,42,1114,2543.0
395,27,11,74,16,26,959,1585.0
396,26,22,16,13,40,730,2436.0
397,16,25,47,20,37,1173,2244.0
398,28,12,65,10,27,573,1620.0
399,10,24,18,21,27,1254,1657.0
horizon=60
