NODES,30
1,1,-,-
2,2,-,-
3,3,-,-
4,4,-,-
5,5,-,-
6,6,-,-
7,7,-,-
8,8,-,-
9,9,-,-
10,10,-,-
11,11,-,-
12,12,-,-
13,13,-,-
14,14,-,-
15,15,-,-
16,16,-,-
17,17,-,-
18,18,-,-
19,19,-,-
20,20,-,-
21,21,-,-
22,22,-,-
23,23,-,-
24,24,-,-
25,25,-,-
26,26,-,-
27,27,-,-
28,28,-,-
29,29,-,-
30,30,-,-
ARCS,518
0,1,15,8,267,196,9,486,486.0
1,1,28,1,947,182,29,1722,1722.0
2,1,13,7,656,583,20,1193,1193.0
3,1,12,7,995,377,31,1810,1810.0
4,1,6,4,874,363,27,1590,1590.0
5,1,2,9,401,569,13,730,730.0
6,1,22,6,825,593,25,1500,1500.0
7,1,18,7,510,574,16,928,928.0
8,1,20,9,765,442,24,1391,1391.0
9,1,21,2,1080,554,33,1964,1964.0
10,1,16,7,146,256,5,266,266.0
11,1,7,4,668,482,21,1215,1215.0
12,1,14,6,158,136,5,288,288.0
13,1,24,4,862,273,27,1568,1568.0
14,1,3,6,631,396,20,1148,1148.0
15,1,26,2,534,289,17,971,971.0
16,1,4,6,304,508,10,553,553.0
17,2,9,8,401,243,13,730,730.0
18,2,16,5,546,475,17,993,993.0
19,2,12,4,971,376,30,1766,1766.0
20,2,5,7,1129,289,35,2053,2053.0
21,2,6,7,862,505,27,1568,1568.0
22,2,1,2,182,192,6,331,331.0
23,2,11,1,983,288,30,1788,1788.0
24,2,24,2,352,552,11,640,640.0
25,2,23,9,1020,331,31,1855,1855.0
26,2,27,4,716,478,22,1302,1302.0
27,2,10,6,340,530,11,619,619.0
28,2,29,2,1032,211,32,1877,1877.0
29,2,3,5,947,201,29,1722,1722.0
30,2,26,6,1104,488,34,2008,2008.0
31,2,20,4,498,172,16,906,906.0
32,2,17,3,656,264,20,1193,1193.0
33,2,15,3,1165,450,36,2119,2119.0
34,3,21,1,292,566,9,531,531.0
35,3,9,2,401,183,13,730,730.0
36,3,19,3,741,131,23,1348,1348.0
37,3,2,1,158,509,5,288,288.0
38,3,7,1,983,275,30,1788,1788.0
39,3,25,6,1044,286,32,1899,1899.0
40,3,12,4,680,310,21,1237,1237.0
41,3,10,9,983,310,30,1788,1788.0
42,3,20,4,801,580,25,1457,1457.0
43,3,30,4,801,293,25,1457,1457.0
44,3,4,5,413,209,13,751,751.0
45,3,18,6,850,201,26,1546,1546.0
46,3,26,6,668,170,21,1215,1215.0
47,3,22,3,534,430,17,971,971.0
48,3,28,6,389,264,12,708,708.0
49,3,11,5,389,389,12,708,708.0
50,3,16,2,219,134,7,399,399.0
51,4,24,8,1153,467,35,2097,2097.0
52,4,23,1,304,512,10,553,553.0
53,4,28,7,1141,328,35,2075,2075.0
54,4,27,5,522,170,16,950,950.0
55,4,9,5,607,498,19,1104,1104.0
56,4,26,2,728,574,23,1324,1324.0
57,4,13,4,1117,490,34,2031,2031.0
58,4,7,4,838,577,26,1524,1524.0
59,4,25,9,825,502,25,1500,1500.0
60,4,8,7,935,370,29,1700,1700.0
61,4,6,2,437,318,14,795,795.0
62,4,5,9,898,473,28,1633,1633.0
63,4,29,2,1044,557,32,1899,1899.0
64,4,30,5,741,298,23,1348,1348.0
65,4,2,2,474,155,15,862,862.0
66,5,19,3,959,265,30,1744,1744.0
67,5,15,4,340,391,11,619,619.0
68,5,24,6,559,466,17,1017,1017.0
69,5,9,3,850,280,26,1546,1546.0
70,5,14,1,1032,430,32,1877,1877.0
71,5,8,7,255,375,8,464,464.0
72,5,25,6,377,317,12,686,686.0
73,5,17,3,486,428,15,884,884.0
74,5,6,9,134,413,5,244,244.0
75,5,30,2,1007,312,31,1831,1831.0
76,5,21,1,1153,261,35,2097,2097.0
77,5,10,4,765,431,24,1391,1391.0
78,5,27,7,328,215,10,597,597.0
79,5,7,6,280,345,9,510,510.0
80,5,28,7,1056,363,32,1920,1920.0
81,5,29,9,728,574,23,1324,1324.0
82,5,11,1,789,239,24,1435,1435.0
83,6,13,4,862,456,27,1568,1568.0
84,6,25,6,522,474,16,950,950.0
85,6,27,1,874,524,27,1590,1590.0
86,6,3,7,983,276,30,1788,1788.0
87,6,17,5,1153,476,35,2097,2097.0
88,6,12,8,716,207,22,1302,1302.0
89,6,7,8,486,160,15,884,884.0
90,6,26,8,656,315,20,1193,1193.0
91,6,19,4,534,135,17,971,971.0
92,6,8,9,280,132,9,510,510.0
93,6,9,6,292,415,9,531,531.0
94,6,10,6,231,203,7,420,420.0
95,6,20,6,923,282,28,1679,1679.0
96,6,2,7,134,384,5,244,244.0
97,6,29,1,959,288,30,1744,1744.0
98,6,24,6,267,439,9,486,486.0
99,6,23,8,741,514,23,1348,1348.0
100,6,21,2,449,348,14,817,817.0
101,6,16,1,280,415,9,510,510.0
102,7,20,1,546,372,17,993,993.0
103,7,24,7,207,491,7,377,377.0
104,7,28,2,838,327,26,1524,1524.0
105,7,8,1,158,205,5,288,288.0
106,7,2,3,935,379,29,1700,1700.0
107,7,22,3,619,184,19,1126,1126.0
108,7,30,2,813,538,25,1479,1479.0
109,7,6,3,631,582,20,1148,1148.0
110,7,14,2,170,391,6,310,310.0
111,7,27,8,316,234,10,575,575.0
112,7,4,4,328,243,10,597,597.0
113,7,5,5,656,587,20,1193,1193.0
114,7,16,1,704,304,22,1280,1280.0
115,7,29,9,510,385,16,928,928.0
116,7,15,7,546,410,17,993,993.0
117,7,23,2,619,392,19,1126,1126.0
118,7,25,9,680,341,21,1237,1237.0
119,7,26,2,753,467,23,1370,1370.0
120,7,3,7,219,215,7,399,399.0
121,7,1,2,546,510,17,993,993.0
122,8,7,1,789,257,24,1435,1435.0
123,8,28,6,583,468,18,1060,1060.0
124,8,20,9,583,149,18,1060,1060.0
125,8,13,9,292,288,9,531,531.0
126,8,14,6,607,422,19,1104,1104.0
127,8,15,7,195,363,6,355,355.0
128,8,10,5,170,494,6,310,310.0
129,8,5,7,437,292,14,795,795.0
130,8,21,3,1153,406,35,2097,2097.0
131,8,30,9,182,488,6,331,331.0
132,8,27,7,292,580,9,531,531.0
133,8,17,1,619,136,19,1126,1126.0
134,8,22,9,413,262,13,751,751.0
135,8,4,8,474,279,15,862,862.0
136,8,9,8,534,351,17,971,971.0
137,8,18,9,631,419,20,1148,1148.0
138,8,6,8,377,231,12,686,686.0
139,8,3,3,704,497,22,1280,1280.0
140,8,16,7,267,303,9,486,486.0
141,8,29,6,971,280,30,1766,1766.0
142,9,11,1,838,574,26,1524,1524.0
143,9,7,3,559,355,17,1017,1017.0
144,9,3,2,886,442,27,1611,1611.0
145,9,18,4,959,265,30,1744,1744.0
146,9,14,6,813,488,25,1479,1479.0
147,9,10,5,1068,547,33,1942,1942.0
148,9,29,2,1165,140,36,2119,2119.0
149,9,22,6,777,545,24,1413,1413.0
150,9,1,5,389,359,12,708,708.0
151,10,5,7,583,414,18,1060,1060.0
152,10,14,6,486,347,15,884,884.0
153,10,21,9,1007,478,31,1831,1831.0
154,10,28,6,352,342,11,640,640.0
155,10,2,8,413,448,13,751,751.0
156,10,11,4,182,318,6,331,331.0
157,10,4,8,352,498,11,640,640.0
158,10,29,8,935,210,29,1700,1700.0
159,10,25,5,207,353,7,377,377.0
160,10,7,5,959,443,30,1744,1744.0
161,10,8,7,704,557,22,1280,1280.0
162,10,6,5,122,381,4,222,222.0
163,10,15,8,486,146,15,884,884.0
164,10,13,1,437,184,14,795,795.0
165,10,24,6,122,443,4,222,222.0
166,10,3,4,1117,551,34,2031,2031.0
167,10,30,9,546,330,17,993,993.0
168,11,3,1,559,472,17,1017,1017.0
169,11,6,3,122,463,4,222,222.0
170,11,7,3,1177,410,36,2140,2140.0
171,11,4,9,656,275,20,1193,1193.0
172,11,15,6,656,170,20,1193,1193.0
173,11,22,2,571,557,18,1039,1039.0
174,11,18,6,364,538,12,662,662.0
175,11,23,9,231,235,7,420,420.0
176,11,14,4,449,522,14,817,817.0
177,11,26,2,401,534,13,730,730.0
178,11,13,6,1117,215,34,2031,2031.0
179,11,10,3,231,508,7,420,420.0
180,11,29,1,765,464,24,1391,1391.0
181,11,1,9,474,413,15,862,862.0
182,11,12,1,959,226,30,1744,1744.0
183,12,20,4,825,419,25,1500,1500.0
184,12,22,7,728,196,23,1324,1324.0
185,12,7,4,656,366,20,1193,1193.0
186,12,13,3,389,197,12,708,708.0
187,12,28,9,850,373,26,1546,1546.0
188,12,23,9,765,433,24,1391,1391.0
189,12,25,3,146,135,5,266,266.0
190,12,10,7,462,576,14,840,840.0
191,12,4,4,413,377,13,751,751.0
192,12,5,2,656,331,20,1193,1193.0
193,12,26,2,813,132,25,1479,1479.0
194,12,15,5,1080,271,33,1964,1964.0
195,12,17,8,328,451,10,597,597.0
196,12,2,2,158,205,5,288,288.0
197,12,11,6,546,211,17,993,993.0
198,12,19,5,413,349,13,751,751.0
199,12,30,7,656,354,20,1193,1193.0
200,12,29,4,316,168,10,575,575.0
201,12,18,4,352,348,11,640,640.0
202,12,16,5,170,346,6,310,310.0
203,13,23,1,741,468,23,1348,1348.0
204,13,18,2,134,251,5,244,244.0
205,13,10,9,522,137,16,950,950.0
206,13,2,8,340,400,11,619,619.0
207,13,20,3,534,364,17,971,971.0
208,13,22,5,1129,124,35,2053,2053.0
209,13,6,9,777,400,24,1413,1413.0
210,13,17,9,243,470,8,442,442.0
211,13,21,9,643,257,20,1170,1170.0
212,13,1,4,462,462,14,840,840.0
213,13,4,2,838,285,26,1524,1524.0
214,13,16,7,158,188,5,288,288.0
215,13,27,2,182,508,6,331,331.0
216,13,25,7,134,246,5,244,244.0
217,13,3,6,1129,192,35,2053,2053.0
218,13,7,2,838,239,26,1524,1524.0
219,13,19,2,534,273,17,971,971.0
220,13,12,5,765,261,24,1391,1391.0
221,13,11,9,971,346,30,1766,1766.0
222,13,9,8,377,191,12,686,686.0
223,14,22,2,280,304,9,510,510.0
224,14,8,9,1104,569,34,2008,2008.0
225,14,5,7,462,588,14,840,840.0
226,14,23,1,122,552,4,222,222.0
227,14,1,2,437,458,14,795,795.0
228,14,24,5,1092,138,34,1986,1986.0
229,14,28,7,947,593,29,1722,1722.0
230,14,30,8,559,210,17,1017,1017.0
231,14,25,1,825,473,25,1500,1500.0
232,14,19,1,595,529,19,1082,1082.0
233,14,26,6,1044,180,32,1899,1899.0
234,14,13,6,498,233,16,906,906.0
235,14,9,4,207,234,7,377,377.0
236,14,4,6,546,415,17,993,993.0
237,15,7,8,534,478,17,971,971.0
238,15,22,5,510,426,16,928,928.0
239,15,21,6,983,548,30,1788,1788.0
240,15,1,7,328,468,10,597,597.0
241,15,6,1,1141,263,35,2075,2075.0
242,15,11,2,741,388,23,1348,1348.0
243,15,12,2,668,468,21,1215,1215.0
244,15,14,2,449,559,14,817,817.0
245,15,10,9,898,480,28,1633,1633.0
246,15,2,8,1032,147,32,1877,1877.0
247,15,24,4,643,404,20,1170,1170.0
248,15,19,6,449,443,14,817,817.0
249,15,3,1,1032,213,32,1877,1877.0
250,16,18,5,874,120,27,1590,1590.0
251,16,17,4,777,570,24,1413,1413.0
252,16,24,4,898,494,28,1633,1633.0
253,16,28,1,656,235,20,1193,1193.0
254,16,29,6,1153,375,35,2097,2097.0
255,16,21,5,255,261,8,464,464.0
256,16,23,8,801,582,25,1457,1457.0
257,16,9,8,1189,379,37,2162,2162.0
258,16,12,9,304,347,10,553,553.0
259,16,27,5,304,466,10,553,553.0
260,16,19,6,1153,384,35,2097,2097.0
261,16,10,8,583,474,18,1060,1060.0
262,16,15,9,255,203,8,464,464.0
263,16,6,9,583,331,18,1060,1060.0
264,16,5,5,122,520,4,222,222.0
265,16,7,4,995,454,31,1810,1810.0
266,16,8,2,631,234,20,1148,1148.0
267,16,26,8,462,499,14,840,840.0
268,16,14,4,995,297,31,1810,1810.0
269,17,9,7,631,553,20,1148,1148.0
270,17,22,2,971,377,30,1766,1766.0
271,17,24,1,340,207,11,619,619.0
272,17,29,3,328,130,10,597,597.0
273,17,21,5,1202,307,37,2186,2186.0
274,17,30,4,255,137,8,464,464.0
275,17,10,8,146,551,5,266,266.0
276,17,6,2,1032,421,32,1877,1877.0
277,17,2,3,716,148,22,1302,1302.0
278,17,1,1,716,565,22,1302,1302.0
279,17,27,6,207,528,7,377,377.0
280,17,5,1,364,527,12,662,662.0
281,17,25,7,935,438,29,1700,1700.0
282,17,16,6,462,199,14,840,840.0
283,17,13,8,643,268,20,1170,1170.0
284,18,2,5,243,360,8,442,442.0
285,18,22,8,437,120,14,795,795.0
286,18,1,7,134,464,5,244,244.0
287,18,9,9,777,357,24,1413,1413.0
288,18,30,1,886,371,27,1611,1611.0
289,18,21,8,474,367,15,862,862.0
290,18,16,9,1007,288,31,1831,1831.0
291,18,19,2,534,171,17,971,971.0
292,18,12,8,1104,293,34,2008,2008.0
293,18,24,5,534,150,17,971,971.0
294,18,6,7,1177,198,36,2140,2140.0
295,18,15,4,546,438,17,993,993.0
296,18,3,5,595,297,19,1082,1082.0
297,19,4,9,643,451,20,1170,1170.0
298,19,22,4,947,208,29,1722,1722.0
299,19,24,9,1032,164,32,1877,1877.0
300,19,9,2,825,126,25,1500,1500.0
301,19,14,5,389,456,12,708,708.0
302,19,3,2,838,241,26,1524,1524.0
303,19,28,3,850,245,26,1546,1546.0
304,19,10,2,255,565,8,464,464.0
305,19,8,9,825,512,25,1500,1500.0
306,19,29,4,1202,494,37,2186,2186.0
307,19,7,1,243,538,8,442,442.0
308,19,25,2,898,191,28,1633,1633.0
309,19,12,5,462,410,14,840,840.0
310,19,26,1,498,282,16,906,906.0
311,19,18,4,364,162,12,662,662.0
312,20,26,5,716,394,22,1302,1302.0
313,20,4,5,146,510,5,266,266.0
314,20,8,5,377,264,12,686,686.0
315,20,10,2,571,336,18,1039,1039.0
316,20,29,2,486,474,15,884,884.0
317,20,15,8,1104,316,34,2008,2008.0
318,20,21,4,1032,202,32,1877,1877.0
319,20,6,7,583,506,18,1060,1060.0
320,20,30,5,910,171,28,1655,1655.0
321,20,5,8,874,509,27,1590,1590.0
322,20,2,3,316,219,10,575,575.0
323,20,24,4,583,190,18,1060,1060.0
324,20,9,4,449,138,14,817,817.0
325,20,13,8,267,473,9,486,486.0
326,20,28,5,668,390,21,1215,1215.0
327,20,18,2,304,580,10,553,553.0
328,20,23,8,935,458,29,1700,1700.0
329,20,7,7,534,590,17,971,971.0
330,20,14,4,643,518,20,1170,1170.0
331,21,19,1,498,419,16,906,906.0
332,21,15,4,862,140,27,1568,1568.0
333,21,7,7,328,274,10,597,597.0
334,21,28,3,862,323,27,1568,1568.0
335,21,20,6,267,279,9,486,486.0
336,21,1,4,413,419,13,751,751.0
337,21,3,6,316,472,10,575,575.0
338,21,2,6,474,577,15,862,862.0
339,21,30,2,692,251,21,1259,1259.0
340,21,24,2,1007,388,31,1831,1831.0
341,21,25,7,777,166,24,1413,1413.0
342,21,10,7,947,442,29,1722,1722.0
343,21,18,4,413,526,13,751,751.0
344,21,26,5,777,234,24,1413,1413.0
345,22,26,4,692,199,21,1259,1259.0
346,22,15,7,753,343,23,1370,1370.0
347,22,19,1,546,324,17,993,993.0
348,22,30,9,1104,333,34,2008,2008.0
349,22,6,3,340,180,11,619,619.0
350,22,17,7,1177,371,36,2140,2140.0
351,22,18,5,522,558,16,950,950.0
352,22,3,3,595,588,19,1082,1082.0
353,22,11,2,377,391,12,686,686.0
354,22,28,4,134,343,5,244,244.0
355,22,25,8,898,325,28,1633,1633.0
356,22,1,9,231,440,7,420,420.0
357,22,29,1,1189,122,37,2162,2162.0
358,22,12,4,619,552,19,1126,1126.0
359,22,8,9,789,470,24,1435,1435.0
360,22,20,4,474,280,15,862,862.0
361,22,14,3,158,231,5,288,288.0
362,22,7,6,983,485,30,1788,1788.0
363,22,13,3,825,381,25,1500,1500.0
364,22,9,2,243,505,8,442,442.0
365,22,24,2,195,161,6,355,355.0
366,22,5,6,1020,510,31,1855,1855.0
367,23,28,4,959,553,30,1744,1744.0
368,23,13,5,425,358,13,773,773.0
369,23,14,6,389,328,12,708,708.0
370,23,3,8,1165,173,36,2119,2119.0
371,23,7,9,1056,542,32,1920,1920.0
372,23,10,5,886,304,27,1611,1611.0
373,23,5,6,704,522,22,1280,1280.0
374,23,17,9,825,384,25,1500,1500.0
375,23,27,9,389,545,12,708,708.0
376,23,25,3,801,282,25,1457,1457.0
377,23,4,7,1020,490,31,1855,1855.0
378,23,18,8,510,273,16,928,928.0
379,23,26,6,862,538,27,1568,1568.0
380,23,6,4,923,387,28,1679,1679.0
381,23,22,5,474,289,15,862,862.0
382,23,19,8,1104,231,34,2008,2008.0
383,23,20,4,134,451,5,244,244.0
384,23,24,9,1080,565,33,1964,1964.0
385,23,30,1,959,463,30,1744,1744.0
386,23,9,9,158,240,5,288,288.0
387,24,30,1,1141,324,35,2075,2075.0
388,24,3,7,1153,323,35,2097,2097.0
389,24,8,8,741,381,23,1348,1348.0
390,24,13,7,643,208,20,1170,1170.0
391,24,16,4,813,140,25,1479,1479.0
392,24,29,3,619,544,19,1126,1126.0
393,24,6,1,583,414,18,1060,1060.0
394,24,10,8,971,599,30,1766,1766.0
395,24,5,7,158,333,5,288,288.0
396,24,2,4,195,521,6,355,355.0
397,24,14,1,716,396,22,1302,1302.0
398,24,23,5,413,313,13,751,751.0
399,24,18,3,389,404,12,708,708.0
400,24,7,4,862,312,27,1568,1568.0
401,24,28,7,280,258,9,510,510.0
402,24,4,9,462,299,14,840,840.0
403,24,11,4,862,342,27,1568,1568.0
404,24,17,2,862,371,27,1568,1568.0
405,25,14,7,352,443,11,640,640.0
406,25,9,8,971,306,30,1766,1766.0
407,25,12,6,825,462,25,1500,1500.0
408,25,13,7,413,208,13,751,751.0
409,25,21,2,352,273,11,640,640.0
410,25,1,2,1032,577,32,1877,1877.0
411,25,5,7,607,319,19,1104,1104.0
412,25,22,3,1044,409,32,1899,1899.0
413,25,16,5,486,208,15,884,884.0
414,25,28,8,1153,217,35,2097,2097.0
415,25,19,3,231,408,7,420,420.0
416,25,8,5,947,138,29,1722,1722.0
417,25,26,1,898,588,28,1633,1633.0
418,25,29,2,1141,454,35,2075,2075.0
419,25,6,5,1141,340,35,2075,2075.0
420,25,3,7,1177,335,36,2140,2140.0
421,25,2,6,195,164,6,355,355.0
422,25,10,9,377,289,12,686,686.0
423,26,16,4,425,463,13,773,773.0
424,26,2,9,267,246,9,486,486.0
425,26,30,9,304,223,10,553,553.0
426,26,20,9,255,468,8,464,464.0
427,26,23,8,971,571,30,1766,1766.0
428,26,28,2,886,486,27,1611,1611.0
429,26,18,5,874,493,27,1590,1590.0
430,26,22,9,1165,161,36,2119,2119.0
431,26,13,9,753,476,23,1370,1370.0
432,26,29,7,462,468,14,840,840.0
433,26,9,4,692,183,21,1259,1259.0
434,26,17,9,1104,318,34,2008,2008.0
435,26,11,1,243,184,8,442,442.0
436,27,23,7,741,388,23,1348,1348.0
437,27,1,8,923,510,28,1679,1679.0
438,27,12,6,534,282,17,971,971.0
439,27,5,6,158,367,5,288,288.0
440,27,30,7,377,379,12,686,686.0
441,27,4,9,389,257,12,708,708.0
442,27,15,5,923,170,28,1679,1679.0
443,27,28,4,546,394,17,993,993.0
444,27,13,8,935,315,29,1700,1700.0
445,27,14,5,146,234,5,266,266.0
446,27,16,5,910,530,28,1655,1655.0
447,27,9,3,1056,577,32,1920,1920.0
448,27,11,3,207,185,7,377,377.0
449,27,2,5,474,587,15,862,862.0
450,27,17,1,947,226,29,1722,1722.0
451,27,19,3,643,533,20,1170,1170.0
452,27,29,3,813,473,25,1479,1479.0
453,27,3,7,158,309,5,288,288.0
454,27,21,6,995,347,31,1810,1810.0
455,27,7,6,413,413,13,751,751.0
456,27,20,9,716,358,22,1302,1302.0
457,27,22,5,510,214,16,928,928.0
458,28,23,1,292,256,9,531,531.0
459,28,19,8,1068,557,33,1942,1942.0
460,28,14,2,486,327,15,884,884.0
461,28,24,5,340,490,11,619,619.0
462,28,2,7,692,597,21,1259,1259.0
463,28,8,4,389,545,12,708,708.0
464,28,4,6,1165,205,36,2119,2119.0
465,28,16,9,328,281,10,597,597.0
466,28,26,3,704,294,22,1280,1280.0
467,28,1,8,219,585,7,399,399.0
468,28,21,4,449,331,14,817,817.0
469,28,9,3,243,538,8,442,442.0
470,28,15,4,959,208,30,1744,1744.0
471,28,6,2,486,354,15,884,884.0
472,28,12,5,462,245,14,840,840.0
473,28,13,2,886,551,27,1611,1611.0
474,28,25,7,1165,311,36,2119,2119.0
475,28,7,2,1177,400,36,2140,2140.0
476,29,21,4,1044,279,32,1899,1899.0
477,29,12,7,643,168,20,1170,1170.0
478,29,23,4,219,147,7,399,399.0
479,29,17,9,292,289,9,531,531.0
480,29,24,2,910,416,28,1655,1655.0
481,29,11,4,631,564,20,1148,1148.0
482,29,19,8,898,295,28,1633,1633.0
483,29,16,8,704,484,22,1280,1280.0
484,29,25,6,1153,396,35,2097,2097.0
485,29,26,9,134,475,5,244,244.0
486,29,5,4,571,428,18,1039,1039.0
487,29,28,7,1141,159,35,2075,2075.0
488,29,20,1,753,198,23,1370,1370.0
489,29,14,7,1020,185,31,1855,1855.0
490,29,27,6,631,292,20,1148,1148.0
491,29,6,7,559,182,17,1017,1017.0
492,29,8,8,1007,194,31,1831,1831.0
493,29,22,6,643,164,20,1170,1170.0
494,29,9,1,413,563,13,751,751.0
495,29,30,4,498,408,16,906,906.0
496,29,15,5,1092,502,34,1986,1986.0
497,30,21,8,364,584,12,662,662.0
498,30,15,6,838,401,26,1524,1524.0
499,30,13,8,995,307,31,1810,1810.0
500,30,27,1,680,403,21,1237,1237.0
501,30,1,5,401,392,13,730,730.0
502,30,4,4,1032,541,32,1877,1877.0
503,30,7,9,510,210,16,928,928.0
504,30,10,2,1007,437,31,1831,1831.0
505,30,9,5,1177,251,36,2140,2140.0
506,30,20,1,656,414,20,1193,1193.0
507,30,29,2,207,397,7,377,377.0
508,30,8,6,364,156,12,662,662.0
509,30,25,6,1202,360,37,2186,2186.0
510,30,26,6,1202,480,37,2186,2186.0
511,30,22,4,498,463,16,906,906.0
512,30,5,4,716,286,22,1302,1302.0
513,30,18,6,680,570,21,1237,1237.0
514,30,2,2,571,387,18,1039,1039.0
515,30,17,4,983,288,30,1788,1788.0
516,30,14,7,923,430,28,1679,1679.0
517,30,19,1,910,148,28,1655,1655.0
COMMODITIES,400
0,20,3,34,18,43,1053,2606.0
1,12,18,55,20,39,1143,2376.0
2,25,29,64,26,63,1535,3831.0
3,2,6,57,12,33,707,1986.0
4,12,17,58,13,30,770,1823.0
5,18,11,72,19,50,1125,3034.0
6,30,8,33,16,33,901,2017.0
7,19,5,15,13,36,777,2183.0
8,6,23,33,7,34,400,2058.0
9,1,10,59,12,39,687,2363.0
10,4,10,22,15,40,879,2455.0
11,12,25,49,7,18,371,1136.0
12,9,7,39,27,51,1567,3082.0
13,28,15,72,13,35,748,2117.0
14,13,11,50,25,46,1448,2765.0
15,27,10,36,15,33,842,2038.0
16,20,27,58,20,41,1176,2475.0
17,4,29,19,15,50,845,3032.0
18,20,25,74,11,27,608,1679.0
19,11,17,32,16,51,917,3082.0
20,1,8,30,12,34,671,2042.0
21,17,28,21,24,45,1402,2724.0
22,4,23,74,17,33,979,1985.0
23,16,28,66,18,46,1078,2770.0
24,3,8,29,9,34,506,2081.0
25,15,16,67,9,32,527,1928.0
26,1,3,59,21,46,1221,2802.0
27,9,27,28,14,48,820,2939.0
28,13,22,68,11,33,651,2007.0
29,7,1,62,13,37,774,2237.0
30,1,2,59,26,46,1554,2816.0
31,9,29,54,8,46,465,2804.0
32,11,5,36,16,39,950,2373.0
33,24,12,27,16,46,930,2788.0
34,21,5,17,14,43,816,2596.0
35,13,25,43,21,33,1221,1988.0
36,15,13,43,11,47,635,2869.0
37,5,19,54,19,42,1114,2576.0
38,22,11,57,31,50,1852,3043.0
39,19,12,31,13,34,745,2076.0
40,29,19,43,13,48,770,2887.0
41,29,22,71,18,45,1077,2758.0
42,2,14,48,19,37,1123,2239.0
43,17,5,27,17,36,1017,2160.0
44,15,25,39,25,57,1465,3448.0
45,26,1,36,14,34,804,2084.0
46,20,29,26,16,38,948,2307.0
47,21,25,55,13,40,727,2452.0
48,4,8,53,20,46,1155,2762.0
49,21,8,19,17,38,984,2287.0
50,12,7,24,19,43,1088,2614.0
51,7,10,69,12,28,686,1724.0
52,30,21,72,15,34,873,2044.0
53,26,28,64,7,37,398,2221.0
54,16,9,17,9,31,501,1877.0
55,2,5,70,16,36,923,2201.0
56,27,7,46,15,35,847,2103.0
57,2,10,61,15,32,846,1979.0
58,14,24,73,10,32,562,1939.0
59,11,1,19,11,34,651,2064.0
60,3,19,26,12,43,709,2608.0
61,27,9,72,14,32,784,1939.0
62,15,28,23,21,50,1230,3027.0
63,26,18,58,17,39,963,2398.0
64,27,23,37,27,45,1582,2712.0
65,6,7,46,22,43,1279,2596.0
66,30,12,40,14,46,785,2778.0
67,12,9,36,15,39,884,2352.0
68,13,14,34,15,31,890,1914.0
69,16,4,26,22,49,1285,2951.0
70,19,30,51,24,50,1409,3039.0
71,5,4,28,12,38,666,2289.0
72,26,23,45,16,37,938,2254.0
73,16,2,70,22,42,1273,2525.0
74,24,16,52,18,43,1035,2595.0
75,19,9,53,8,33,467,1988.0
76,17,2,45,21,38,1255,2338.0
77,6,15,26,18,40,1076,2415.0
78,22,20,19,15,34,898,2097.0
79,5,17,29,21,42,1203,2569.0
80,16,26,31,12,34,672,2065.0
81,4,12,46,9,47,536,2846.0
82,8,28,45,19,43,1139,2604.0
83,18,1,53,18,32,1049,1958.0
84,2,9,36,19,39,1103,2356.0
85,30,1,39,12,29,668,1762.0
86,2,26,26,25,54,1451,3270.0
87,10,19,19,14,33,795,2033.0
88,29,8,53,21,50,1231,3022.0
89,3,20,38,11,34,605,2090.0
90,1,16,68,9,20,518,1242.0
91,1,26,22,17,38,964,2329.0
92,4,2,20,23,44,1368,2660.0
93,23,10,63,16,44,945,2657.0
94,28,10,55,20,46,1197,2814.0
95,3,6,30,10,32,581,1927.0
96,11,18,68,22,39,1286,2399.0
97,11,23,50,21,34,1210,2072.0
98,3,26,40,21,47,1233,2839.0
99,6,11,65,21,42,1240,2567.0
100,16,10,63,17,41,1011,2510.0
101,26,6,16,12,29,665,1767.0
102,8,23,28,14,38,816,2287.0
103,28,1,66,19,34,1092,2042.0
104,23,24,53,15,42,845,2560.0
105,7,13,34,19,39,1089,2379.0
106,3,30,51,15,42,857,2568.0
107,2,22,46,11,37,652,2236.0
108,17,4,43,11,34,660,2083.0
109,11,6,19,24,34,1412,2054.0
110,27,21,49,20,43,1147,2609.0
111,1,20,15,17,37,986,2278.0
112,2,16,27,11,28,606,1721.0
113,2,7,52,9,39,496,2354.0
114,12,21,42,10,30,558,1827.0
115,10,1,53,22,42,1264,2558.0
116,2,20,24,12,34,705,2064.0
117,23,18,37,11,33,654,2027.0
118,15,18,61,13,45,756,2737.0
119,4,20,43,16,37,948,2233.0
120,27,13,27,19,47,1091,2821.0
121,9,10,58,2,36,88,2213.0
122,30,15,48,10,34,550,2085.0
123,21,1,29,19,39,1081,2353.0
124,13,9,62,14,34,784,2071.0
125,26,9,16,18,42,1058,2564.0
126,5,12,34,25,54,1483,3276.0
127,9,22,73,22,50,1271,3031.0
128,20,22,47,21,49,1242,2997.0
129,14,23,30,9,20,531,1243.0
130,25,11,50,15,39,848,2386.0
131,19,17,49,21,51,1231,3068.0
132,28,29,33,18,48,1032,2907.0
133,2,19,26,10,39,548,2340.0
134,17,24,51,14,31,840,1893.0
135,25,30,42,13,46,779,2807.0
136,28,16,39,20,36,1143,2196.0
137,29,15,74,18,51,1030,3086.0
138,28,13,53,15,45,872,2754.0
139,25,22,63,12,39,718,2357.0
140,4,19,41,24,61,1406,3667.0
141,5,2,44,19,31,1087,1872.0
142,30,10,43,15,38,857,2325.0
143,8,16,54,7,23,394,1395.0
144,3,18,57,22,49,1279,2993.0
145,21,3,73,25,43,1491,2593.0
146,3,28,69,14,33,786,2000.0
147,26,24,47,14,38,819,2332.0
148,8,15,60,13,27,746,1628.0
149,1,15,59,12,28,695,1689.0
150,23,21,46,18,52,1069,3124.0
151,30,7,50,27,48,1565,2923.0
152,25,8,55,16,43,935,2591.0
153,5,13,38,20,44,1152,2670.0
154,5,23,25,22,45,1277,2736.0
155,22,7,59,21,49,1259,2948.0
156,14,25,48,24,52,1431,3128.0
157,21,20,46,17,32,971,1974.0
158,11,20,64,16,34,948,2075.0
159,9,4,53,20,50,1187,3027.0
160,3,2,57,19,30,1124,1855.0
161,14,6,67,28,53,1646,3211.0
162,9,8,61,19,50,1140,3038.0
163,21,19,25,18,41,1027,2491.0
164,21,9,30,21,47,1252,2837.0
165,1,5,40,21,37,1228,2274.0
166,1,7,52,21,43,1230,2612.0
167,23,7,18,17,45,961,2723.0
168,9,12,53,24,58,1402,3522.0
169,26,11,40,18,32,1023,1954.0
170,13,10,18,20,38,1141,2329.0
171,5,20,63,27,58,1613,3499.0
172,17,25,47,15,34,856,2097.0
173,18,6,28,24,47,1433,2879.0
174,3,27,51,21,44,1259,2684.0
175,12,29,23,27,43,1576,2590.0
176,15,14,64,22,43,1301,2590.0
177,20,13,26,13,26,760,1585.0
178,2,4,74,14,33,787,2037.0
179,8,21,48,17,40,995,2410.0
180,26,2,29,18,35,1029,2128.0
181,24,7,21,25,46,1463,2781.0
182,23,4,46,14,27,808,1673.0
183,14,11,26,14,42,837,2536.0
184,25,10,44,24,41,1408,2512.0
185,25,16,42,20,39,1143,2387.0
186,13,21,51,30,51,1790,3071.0
187,23,19,17,16,48,959,2937.0
188,12,23,61,11,36,621,2168.0
189,26,21,43,13,40,740,2417.0
190,19,7,19,8,23,446,1382.0
191,5,7,15,26,43,1550,2639.0
192,6,16,58,20,35,1188,2159.0
193,30,19,16,17,52,994,3145.0
194,2,28,31,17,45,1006,2745.0
195,21,14,35,21,41,1215,2504.0
196,19,4,21,19,46,1120,2779.0
197,15,19,65,15,38,881,2321.0
198,30,24,32,9,37,522,2265.0
199,7,28,61,12,35,688,2128.0
200,27,19,31,26,50,1548,3048.0
201,20,14,63,22,46,1318,2782.0
202,16,15,73,14,31,835,1862.0
203,17,7,33,20,48,1188,2919.0
204,27,30,51,4,22,235,1367.0
205,16,22,41,14,44,790,2697.0
206,25,12,46,20,49,1193,2985.0
207,18,2,35,28,43,1653,2601.0
208,25,14,48,16,34,943,2090.0
209,13,7,18,19,43,1116,2633.0
210,20,2,49,20,38,1183,2281.0
211,20,26,24,24,50,1397,3051.0
212,10,8,69,14,34,806,2051.0
213,17,10,65,22,31,1297,1876.0
214,11,2,54,19,35,1086,2133.0
215,1,22,49,15,36,882,2211.0
216,14,2,23,13,37,764,2269.0
217,16,14,23,18,36,1025,2189.0
218,17,29,72,17,35,976,2137.0
219,4,17,21,22,57,1291,3457.0
220,3,24,67,20,41,1149,2511.0
221,9,13,32,11,47,619,2856.0
222,30,13,42,19,49,1109,2954.0
223,15,20,67,24,51,1417,3071.0
224,12,24,72,22,44,1312,2658.0
225,11,29,26,11,42,637,2537.0
226,17,9,19,9,32,507,1955.0
227,18,16,24,8,25,452,1547.0
228,14,18,22,20,44,1172,2681.0
229,9,18,20,15,50,855,3007.0
230,6,25,45,29,50,1721,3033.0
231,7,5,41,18,37,1036,2221.0
232,14,12,46,20,55,1170,3312.0
233,1,27,62,29,49,1737,2992.0
234,20,4,40,3,15,165,909.0
235,21,29,52,19,49,1084,2954.0
236,19,18,35,18,38,1027,2293.0
237,23,30,18,6,33,317,2000.0
238,6,14,68,18,40,1041,2459.0
239,16,12,63,12,29,679,1776.0
240,30,3,60,12,40,672,2457.0
241,19,6,53,19,37,1098,2259.0
242,12,1,17,18,36,1056,2204.0
243,20,15,67,10,37,584,2262.0
244,19,2,36,9,33,540,2004.0
245,15,7,47,24,45,1427,2752.0
246,25,5,29,18,41,1075,2509.0
247,30,14,73,20,42,1168,2531.0
248,3,25,28,12,41,706,2505.0
249,11,9,17,19,37,1102,2264.0
250,25,6,22,12,33,661,2021.0
251,19,16,33,10,37,543,2252.0
252,25,28,51,23,52,1330,3154.0
253,17,22,39,24,52,1423,3155.0
254,25,26,38,18,48,1059,2889.0
255,9,21,52,13,45,759,2716.0
256,5,27,42,14,31,795,1908.0
257,1,18,17,21,43,1238,2580.0
258,18,9,16,16,38,922,2310.0
259,22,26,35,10,40,550,2409.0
260,25,24,56,20,46,1199,2818.0
261,11,26,50,13,32,778,1972.0
262,5,22,39,27,56,1603,3387.0
263,21,22,16,15,45,845,2727.0
264,9,19,56,9,48,499,2895.0
265,16,17,48,22,49,1310,2991.0
266,18,7,61,14,40,797,2434.0
267,10,25,49,11,24,654,1488.0
268,10,28,24,14,30,814,1836.0
269,14,22,37,21,35,1215,2114.0
270,22,27,52,13,40,748,2433.0
271,22,25,67,13,42,726,2571.0
272,5,21,55,23,49,1375,2991.0
273,6,26,40,11,40,658,2446.0
274,1,12,72,14,37,830,2252.0
275,18,12,37,22,49,1316,2945.0
276,8,5,30,14,34,810,2083.0
277,16,11,59,16,39,911,2367.0
278,30,6,52,22,47,1305,2872.0
279,2,13,36,17,47,1018,2824.0
280,3,17,30,21,53,1222,3229.0
281,3,23,47,9,35,535,2123.0
282,30,4,27,9,36,495,2216.0
283,4,28,72,15,51,887,3071.0
284,1,6,56,17,37,964,2256.0
285,1,29,50,19,49,1127,2967.0
286,19,14,32,13,34,721,2074.0
287,11,3,58,8,33,474,2007.0
288,26,14,50,21,49,1226,2950.0
289,21,18,65,15,34,874,2049.0
290,24,23,62,23,43,1330,2616.0
291,30,11,33,19,44,1124,2697.0
292,18,4,56,28,49,1637,2971.0
293,13,12,34,20,42,1176,2540.0
294,10,7,40,17,40,961,2457.0
295,17,15,56,17,44,964,2642.0
296,22,8,23,18,41,1042,2489.0
297,4,30,24,24,52,1422,3165.0
298,25,17,55,22,49,1290,2995.0
299,29,14,15,12,36,712,2185.0
300,1,28,50,12,38,711,2289.0
301,4,25,58,24,55,1438,3352.0
302,21,16,39,13,36,744,2208.0
303,29,1,71,11,34,617,2098.0
304,20,10,62,20,43,1152,2606.0
305,6,12,59,19,45,1108,2738.0
306,2,11,48,20,45,1172,2711.0
307,26,12,36,19,48,1093,2936.0
308,27,25,55,22,46,1307,2776.0
309,16,20,21,21,43,1210,2589.0
310,25,21,44,16,35,902,2131.0
311,15,9,71,12,40,697,2426.0
312,12,26,66,20,42,1151,2568.0
313,8,2,29,7,27,380,1672.0
314,24,26,48,30,59,1751,3589.0
315,15,2,52,16,46,950,2792.0
316,20,9,62,12,33,700,2036.0
317,22,6,31,20,35,1190,2159.0
318,8,14,19,25,45,1445,2759.0
319,26,30,26,22,38,1301,2313.0
320,30,5,22,13,40,736,2420.0
321,26,15,37,19,47,1140,2828.0
322,8,22,36,15,34,866,2098.0
323,25,27,63,19,43,1131,2589.0
324,2,12,58,22,47,1278,2872.0
325,26,13,30,17,40,968,2454.0
326,15,23,42,14,38,824,2300.0
327,7,30,64,18,37,1076,2230.0
328,26,19,61,16,49,917,2949.0
329,7,15,49,17,37,1015,2248.0
330,22,5,35,17,34,968,2080.0
331,12,2,35,22,34,1313,2092.0
332,29,21,60,10,42,584,2541.0
333,28,3,58,25,55,1492,3355.0
334,2,29,49,9,45,487,2720.0
335,23,8,74,15,38,897,2306.0
336,29,10,41,7,28,387,1728.0
337,7,3,23,19,31,1094,1871.0
338,14,20,49,25,40,1496,2405.0
339,1,23,67,22,39,1287,2359.0
340,17,23,46,14,36,821,2199.0
341,13,23,31,26,48,1502,2892.0
342,18,10,53,19,45,1112,2714.0
343,29,7,36,22,57,1278,3429.0
344,22,4,38,16,41,928,2478.0
345,7,21,62,14,37,829,2239.0
346,18,23,55,15,34,882,2072.0
347,4,6,65,21,43,1258,2632.0
348,16,13,63,14,39,784,2353.0
349,18,28,41,20,45,1176,2718.0
350,11,8,74,7,26,406,1584.0
351,3,11,17,12,32,689,1928.0
352,27,15,43,9,30,483,1844.0
353,9,1,53,9,32,540,1930.0
354,6,4,68,18,42,1023,2579.0
355,23,22,70,13,33,742,2013.0
356,15,5,63,20,45,1171,2703.0
357,27,24,61,16,39,952,2387.0
358,16,1,73,17,42,981,2557.0
359,27,28,67,21,43,1221,2609.0
360,9,23,25,7,36,403,2163.0
361,4,15,35,16,50,934,3026.0
362,23,3,48,20,43,1155,2624.0
363,20,18,18,24,39,1395,2347.0
364,23,6,62,19,46,1084,2803.0
365,30,9,17,19,45,1118,2721.0
366,17,27,40,14,27,819,1677.0
367,7,11,56,19,44,1133,2672.0
368,8,30,71,13,26,751,1601.0
369,21,26,60,9,40,527,2419.0
370,22,24,64,5,17,264,1020.0
371,18,26,70,21,49,1224,2950.0
372,25,1,20,20,36,1156,2215.0
373,20,23,70,16,38,956,2299.0
374,12,20,59,17,44,980,2665.0
375,10,26,35,23,50,1350,3050.0
376,30,26,16,11,28,628,1738.0
377,4,18,44,23,51,1327,3075.0
378,4,13,33,13,41,774,2480.0
379,8,27,54,16,31,931,1868.0
380,11,27,71,20,46,1161,2770.0
381,13,8,22,25,46,1449,2769.0
382,26,8,40,15,43,882,2631.0
383,17,13,74,13,37,736,2232.0
384,29,24,58,12,36,716,2165.0
385,17,26,48,13,38,772,2314.0
386,7,4,56,20,34,1145,2076.0
387,5,9,71,9,29,508,1767.0
388,15,30,16,13,49,766,2983.0
389,28,30,63,18,41,1030,2478.0
390,1,14,31,18,30,1057,1802.0
391,24,2,67,17,30,1003,1836.0
392,17,8,71,24,50,1408,3006.0
393,16,7,65,5,25,284,1510.0
394,16,18,33,28,55,1626,3354.0
395,27,11,74,18,28,1030,1718.0
396,26,22,16,22,53,1281,3227.0
397,16,25,47,19,39,1102,2354.0
398,28,12,65,16,38,912,2309.0
399,10,24,18,18,30,1064,1851.0
horizon=63
