NODES,30
1,1,-,-
2,2,-,-
3,3,-,-
4,4,-,-
5,5,-,-
6,6,-,-
7,7,-,-
8,8,-,-
9,9,-,-
10,10,-,-
11,11,-,-
12,12,-,-
13,13,-,-
14,14,-,-
15,15,-,-
16,16,-,-
17,17,-,-
18,18,-,-
19,19,-,-
20,20,-,-
21,21,-,-
22,22,-,-
23,23,-,-
24,24,-,-
25,25,-,-
26,26,-,-
27,27,-,-
28,28,-,-
29,29,-,-
30,30,-,-
ARCS,685
0,1,18,5,418,214,13,760,760.0
1,1,16,5,485,623,15,882,882.0
2,1,28,1,515,431,16,937,937.0
3,1,12,5,351,555,11,639,639.0
4,1,7,7,358,578,11,651,651.0
5,1,29,4,209,450,7,380,380.0
6,1,30,8,478,299,15,870,870.0
7,1,21,2,150,244,5,273,273.0
8,1,20,3,299,417,10,544,544.0
9,1,5,1,344,160,11,626,626.0
10,1,24,1,299,539,10,544,544.0
11,1,9,9,179,297,6,326,326.0
12,1,4,6,157,163,5,286,286.0
13,1,6,7,552,532,17,1004,1004.0
14,1,23,2,440,584,14,800,800.0
15,1,2,7,150,701,5,273,273.0
16,1,8,7,344,720,11,626,626.0
17,1,27,1,440,691,14,800,800.0
18,1,26,2,105,318,4,191,191.0
19,2,19,4,120,528,4,219,219.0
20,2,1,2,120,521,4,219,219.0
21,2,27,9,97,155,3,177,177.0
22,2,7,3,739,705,23,1344,1344.0
23,2,28,2,224,277,7,408,408.0
24,2,11,9,254,646,8,462,462.0
25,2,9,8,537,483,17,977,977.0
26,2,20,6,165,652,5,300,300.0
27,2,21,8,381,483,12,693,693.0
28,2,8,6,344,261,11,626,626.0
29,2,16,4,455,361,14,828,828.0
30,2,4,4,97,661,3,177,177.0
31,2,14,8,314,194,10,571,571.0
32,2,22,2,426,532,13,775,775.0
33,2,15,6,142,692,5,259,259.0
34,2,5,5,739,684,23,1344,1344.0
35,2,25,4,112,452,4,204,204.0
36,2,17,3,187,682,6,340,340.0
37,2,24,7,433,489,14,788,788.0
38,2,26,2,724,637,22,1317,1317.0
39,2,6,2,314,528,10,571,571.0
40,3,16,7,619,519,19,1126,1126.0
41,3,10,6,224,635,7,408,408.0
42,3,9,4,388,538,12,706,706.0
43,3,29,6,448,287,14,815,815.0
44,3,12,2,388,469,12,706,706.0
45,3,11,7,165,280,5,300,300.0
46,3,18,7,440,404,14,800,800.0
47,3,4,3,679,191,21,1235,1235.0
48,3,27,3,560,659,17,1019,1019.0
49,3,21,5,545,573,17,991,991.0
50,3,14,2,597,578,19,1086,1086.0
51,3,25,1,411,705,13,748,748.0
52,3,8,9,351,162,11,639,639.0
53,3,24,2,224,668,7,408,408.0
54,3,19,8,634,537,20,1153,1153.0
55,3,17,4,351,496,11,639,639.0
56,3,1,3,321,665,10,584,584.0
57,3,7,6,716,182,22,1302,1302.0
58,3,28,2,127,284,4,231,231.0
59,3,6,9,75,539,3,137,137.0
60,3,15,2,90,645,3,164,164.0
61,3,5,4,187,297,6,340,340.0
62,3,2,6,709,237,22,1290,1290.0
63,3,26,3,448,287,14,815,815.0
64,3,13,2,105,315,4,191,191.0
65,3,23,7,463,678,15,842,842.0
66,3,30,2,619,472,19,1126,1126.0
67,3,22,5,455,365,14,828,828.0
68,4,29,2,187,600,6,340,340.0
69,4,13,2,314,463,10,571,571.0
70,4,27,2,358,421,11,651,651.0
71,4,2,2,612,280,19,1113,1113.0
72,4,14,1,552,467,17,1004,1004.0
73,4,15,1,276,279,9,502,502.0
74,4,1,8,642,614,20,1168,1168.0
75,4,12,8,262,182,8,477,477.0
76,4,16,2,590,715,18,1073,1073.0
77,4,19,3,724,343,22,1317,1317.0
78,4,24,1,262,509,8,477,477.0
79,4,28,2,396,179,12,720,720.0
80,4,20,7,232,479,8,422,422.0
81,4,25,1,426,591,13,775,775.0
82,4,11,6,523,208,16,951,951.0
83,4,3,6,105,338,4,191,191.0
84,4,7,6,150,447,5,273,273.0
85,4,8,8,597,645,19,1086,1086.0
86,4,5,8,314,704,10,571,571.0
87,4,26,4,157,313,5,286,286.0
88,4,18,7,612,457,19,1113,1113.0
89,4,23,3,590,640,18,1073,1073.0
90,4,30,8,75,509,3,137,137.0
91,4,22,4,344,717,11,626,626.0
92,4,9,8,150,576,5,273,273.0
93,4,17,4,590,534,18,1073,1073.0
94,5,21,5,329,601,10,599,599.0
95,5,8,4,664,349,21,1208,1208.0
96,5,24,1,358,596,11,651,651.0
97,5,14,5,75,332,3,137,137.0
98,5,15,1,179,359,6,326,326.0
99,5,3,6,649,332,20,1180,1180.0
100,5,1,6,344,576,11,626,626.0
101,5,25,2,455,300,14,828,828.0
102,5,20,9,127,459,4,231,231.0
103,5,30,3,373,550,12,679,679.0
104,5,16,4,619,320,19,1126,1126.0
105,5,7,4,165,407,5,300,300.0
106,5,22,2,657,577,20,1195,1195.0
107,5,6,4,649,678,20,1180,1180.0
108,5,18,9,262,355,8,477,477.0
109,5,2,4,500,240,16,910,910.0
110,5,10,8,75,524,3,137,137.0
111,5,9,6,612,332,19,1113,1113.0
112,5,13,3,83,478,3,151,151.0
113,5,17,2,388,560,12,706,706.0
114,5,23,4,403,351,13,733,733.0
115,5,26,4,627,208,19,1140,1140.0
116,6,12,9,83,418,3,151,151.0
117,6,9,2,731,341,23,1330,1330.0
118,6,3,6,403,601,13,733,733.0
119,6,18,8,657,315,20,1195,1195.0
120,6,1,3,291,578,9,530,530.0
121,6,21,2,217,447,7,395,395.0
122,6,8,1,440,459,14,800,800.0
123,6,15,8,381,610,12,693,693.0
124,6,28,8,597,290,19,1086,1086.0
125,6,27,9,426,372,13,775,775.0
126,6,4,5,75,632,3,137,137.0
127,6,19,7,336,184,11,611,611.0
128,6,13,2,440,283,14,800,800.0
129,6,16,2,83,708,3,151,151.0
130,6,10,8,388,263,12,706,706.0
131,6,30,2,731,717,23,1330,1330.0
132,6,11,2,694,149,22,1262,1262.0
133,6,5,9,694,348,22,1262,1262.0
134,6,29,7,440,610,14,800,800.0
135,6,22,9,120,508,4,219,219.0
136,6,2,9,276,571,9,502,502.0
137,6,17,8,739,443,23,1344,1344.0
138,6,25,5,269,312,9,490,490.0
139,6,14,7,284,163,9,517,517.0
140,6,7,1,314,286,10,571,571.0
141,6,26,5,120,698,4,219,219.0
142,7,16,7,672,539,21,1222,1222.0
143,7,22,6,381,251,12,693,693.0
144,7,14,6,716,478,22,1302,1302.0
145,7,11,2,634,312,20,1153,1153.0
146,7,30,2,373,394,12,679,679.0
147,7,24,5,157,306,5,286,286.0
148,7,17,2,291,495,9,530,530.0
149,7,1,7,634,331,20,1153,1153.0
150,7,21,3,426,274,13,775,775.0
151,7,4,8,634,378,20,1153,1153.0
152,7,29,3,142,620,5,259,259.0
153,7,15,5,552,175,17,1004,1004.0
154,7,2,8,470,345,15,855,855.0
155,7,25,8,344,490,11,626,626.0
156,7,9,5,291,542,9,530,530.0
157,7,8,8,209,616,7,380,380.0
158,7,23,7,194,274,6,353,353.0
159,7,19,8,373,309,12,679,679.0
160,7,28,3,657,653,20,1195,1195.0
161,7,6,2,426,580,13,775,775.0
162,7,12,1,165,705,5,300,300.0
163,7,13,8,381,147,12,693,693.0
164,8,22,3,634,460,20,1153,1153.0
165,8,1,3,135,441,5,246,246.0
166,8,28,6,344,503,11,626,626.0
167,8,21,7,485,368,15,882,882.0
168,8,12,6,142,362,5,259,259.0
169,8,4,1,560,184,17,1019,1019.0
170,8,15,1,321,407,10,584,584.0
171,8,10,1,388,184,12,706,706.0
172,8,5,6,590,421,18,1073,1073.0
173,8,2,6,239,394,8,435,435.0
174,8,16,6,179,147,6,326,326.0
175,8,19,6,731,315,23,1330,1330.0
176,8,7,6,262,310,8,477,477.0
177,8,3,4,679,153,21,1235,1235.0
178,8,14,6,314,362,10,571,571.0
179,8,13,5,590,639,18,1073,1073.0
180,8,6,1,97,692,3,177,177.0
181,8,26,1,329,423,10,599,599.0
182,8,11,2,209,284,7,380,380.0
183,8,23,2,716,267,22,1302,1302.0
184,8,30,7,165,293,5,300,300.0
185,8,29,4,731,431,23,1330,1330.0
186,9,2,9,470,594,15,855,855.0
187,9,4,5,157,351,5,286,286.0
188,9,25,3,545,581,17,991,991.0
189,9,23,6,508,707,16,924,924.0
190,9,15,8,344,454,11,626,626.0
191,9,12,7,545,256,17,991,991.0
192,9,8,4,530,263,17,964,964.0
193,9,16,1,590,454,18,1073,1073.0
194,9,24,3,276,501,9,502,502.0
195,9,22,1,358,380,11,651,651.0
196,9,14,7,634,146,20,1153,1153.0
197,9,29,8,440,225,14,800,800.0
198,9,17,9,605,221,19,1100,1100.0
199,9,27,1,97,147,3,177,177.0
200,9,19,8,478,655,15,870,870.0
201,9,21,7,239,479,8,435,435.0
202,9,1,2,224,493,7,408,408.0
203,9,13,8,239,480,8,435,435.0
204,9,10,3,537,460,17,977,977.0
205,9,28,3,105,441,4,191,191.0
206,9,20,5,560,299,17,1019,1019.0
207,9,11,7,560,341,17,1019,1019.0
208,9,3,2,232,274,8,422,422.0
209,10,22,1,358,207,11,651,651.0
210,10,30,3,187,359,6,340,340.0
211,10,28,8,142,316,5,259,259.0
212,10,19,5,403,377,13,733,733.0
213,10,18,9,276,502,9,502,502.0
214,10,12,4,552,309,17,1004,1004.0
215,10,4,6,262,681,8,477,477.0
216,10,13,6,179,248,6,326,326.0
217,10,17,3,358,296,11,651,651.0
218,10,15,8,537,678,17,977,977.0
219,10,5,9,112,645,4,204,204.0
220,10,9,3,627,459,19,1140,1140.0
221,10,8,2,649,675,20,1180,1180.0
222,10,26,5,440,247,14,800,800.0
223,10,16,2,455,385,14,828,828.0
224,10,1,7,448,424,14,815,815.0
225,10,27,1,537,705,17,977,977.0
226,10,14,9,373,712,12,679,679.0
227,11,28,6,426,173,13,775,775.0
228,11,24,4,739,368,23,1344,1344.0
229,11,29,7,597,429,19,1086,1086.0
230,11,25,6,224,459,7,408,408.0
231,11,21,8,75,476,3,137,137.0
232,11,18,2,508,539,16,924,924.0
233,11,14,1,739,195,23,1344,1344.0
234,11,8,7,75,349,3,137,137.0
235,11,22,2,351,492,11,639,639.0
236,11,3,9,619,172,19,1126,1126.0
237,11,10,8,388,668,12,706,706.0
238,11,4,2,157,607,5,286,286.0
239,11,9,6,105,666,4,191,191.0
240,11,13,5,716,368,22,1302,1302.0
241,11,20,5,403,194,13,733,733.0
242,11,12,7,537,576,17,977,977.0
243,11,5,6,523,626,16,951,951.0
244,11,15,7,358,538,11,651,651.0
245,11,23,4,262,518,8,477,477.0
246,11,7,9,470,421,15,855,855.0
247,11,17,5,642,695,20,1168,1168.0
248,11,26,6,224,325,7,408,408.0
249,11,1,3,455,459,14,828,828.0
250,11,6,2,120,583,4,219,219.0
251,11,2,9,165,616,5,300,300.0
252,11,16,9,373,218,12,679,679.0
253,11,30,6,381,443,12,693,693.0
254,12,8,5,426,531,13,775,775.0
255,12,15,2,194,185,6,353,353.0
256,12,28,5,530,622,17,964,964.0
257,12,29,2,358,323,11,651,651.0
258,12,21,2,657,678,20,1195,1195.0
259,12,17,7,179,485,6,326,326.0
260,12,23,5,276,620,9,502,502.0
261,12,3,4,135,593,5,246,246.0
262,12,9,3,254,155,8,462,462.0
263,12,4,9,403,666,13,733,733.0
264,12,2,2,433,626,14,788,788.0
265,12,26,5,165,612,5,300,300.0
266,12,18,8,537,612,17,977,977.0
267,12,1,9,448,247,14,815,815.0
268,12,16,7,291,188,9,530,530.0
269,12,14,7,411,290,13,748,748.0
270,12,24,2,194,225,6,353,353.0
271,12,5,7,224,712,7,408,408.0
272,12,7,5,165,545,5,300,300.0
273,12,27,2,314,418,10,571,571.0
274,12,30,6,679,237,21,1235,1235.0
275,12,6,2,358,273,11,651,651.0
276,12,11,7,209,400,7,380,380.0
277,12,25,5,194,635,6,353,353.0
278,12,22,2,351,565,11,639,639.0
279,12,10,2,433,354,14,788,788.0
280,12,19,8,105,310,4,191,191.0
281,12,20,2,381,649,12,693,693.0
282,12,13,2,590,257,18,1073,1073.0
283,13,12,1,284,398,9,517,517.0
284,13,24,1,209,567,7,380,380.0
285,13,16,8,448,478,14,815,815.0
286,13,18,6,500,463,16,910,910.0
287,13,14,8,485,496,15,882,882.0
288,13,23,3,702,211,22,1277,1277.0
289,13,6,2,142,185,5,259,259.0
290,13,22,6,179,424,6,326,326.0
291,13,28,6,694,450,22,1262,1262.0
292,13,20,5,90,625,3,164,164.0
293,13,4,9,75,440,3,137,137.0
294,13,8,8,500,578,16,910,910.0
295,13,10,7,567,293,18,1031,1031.0
296,13,2,7,433,485,14,788,788.0
297,13,27,1,269,410,9,490,490.0
298,13,15,6,388,146,12,706,706.0
299,13,11,7,575,221,18,1046,1046.0
300,13,1,2,493,495,15,897,897.0
301,13,3,7,463,552,15,842,842.0
302,13,25,8,135,217,5,246,246.0
303,13,29,6,262,356,8,477,477.0
304,13,9,2,440,211,14,800,800.0
305,13,26,7,478,699,15,870,870.0
306,13,7,2,724,391,22,1317,1317.0
307,13,19,7,702,348,22,1277,1277.0
308,13,5,5,575,374,18,1046,1046.0
309,13,30,7,411,456,13,748,748.0
310,13,17,4,657,182,20,1195,1195.0
311,14,29,7,336,675,11,611,611.0
312,14,30,7,485,273,15,882,882.0
313,14,11,2,291,626,9,530,530.0
314,14,6,8,284,452,9,517,517.0
315,14,9,8,284,234,9,517,517.0
316,14,16,3,150,457,5,273,273.0
317,14,3,5,284,512,9,517,517.0
318,14,19,7,105,160,4,191,191.0
319,14,25,3,284,290,9,517,517.0
320,14,22,6,716,488,22,1302,1302.0
321,14,20,5,440,512,14,800,800.0
322,14,15,7,299,300,10,544,544.0
323,14,8,6,642,535,20,1168,1168.0
324,14,26,5,724,355,22,1317,1317.0
325,14,2,2,426,254,13,775,775.0
326,14,27,8,485,617,15,882,882.0
327,14,7,9,664,426,21,1208,1208.0
328,14,28,9,329,545,10,599,599.0
329,14,17,2,537,182,17,977,977.0
330,14,5,5,366,490,12,666,666.0
331,14,18,5,202,270,7,368,368.0
332,14,10,9,448,335,14,815,815.0
333,14,4,6,75,258,3,137,137.0
334,14,1,7,642,186,20,1168,1168.0
335,14,23,3,187,488,6,340,340.0
336,14,21,2,75,594,3,137,137.0
337,14,24,9,426,264,13,775,775.0
338,15,25,4,269,283,9,490,490.0
339,15,27,9,217,303,7,395,395.0
340,15,13,1,672,405,21,1222,1222.0
341,15,11,1,716,629,22,1302,1302.0
342,15,26,8,634,377,20,1153,1153.0
343,15,3,9,90,505,3,164,164.0
344,15,24,2,388,267,12,706,706.0
345,15,29,9,112,561,4,204,204.0
346,15,19,1,694,447,22,1262,1262.0
347,15,12,9,634,411,20,1153,1153.0
348,15,18,6,299,398,10,544,544.0
349,15,8,6,209,212,7,380,380.0
350,15,14,4,329,460,10,599,599.0
351,15,21,5,142,333,5,259,259.0
352,15,7,7,433,332,14,788,788.0
353,15,2,1,560,196,17,1019,1019.0
354,15,16,4,247,329,8,450,450.0
355,15,4,3,254,708,8,462,462.0
356,15,22,5,314,457,10,571,571.0
357,15,17,5,142,714,5,259,259.0
358,15,20,6,672,476,21,1222,1222.0
359,15,9,2,232,653,8,422,422.0
360,15,28,2,388,571,12,706,706.0
361,15,6,7,396,669,12,720,720.0
362,15,23,4,709,443,22,1290,1290.0
363,15,5,7,537,441,17,977,977.0
364,15,1,5,351,574,11,639,639.0
365,16,24,8,687,548,21,1250,1250.0
366,16,25,5,605,248,19,1100,1100.0
367,16,27,7,411,273,13,748,748.0
368,16,23,5,418,580,13,760,760.0
369,16,1,1,590,686,18,1073,1073.0
370,16,30,6,344,479,11,626,626.0
371,16,2,6,455,472,14,828,828.0
372,16,28,8,105,201,4,191,191.0
373,16,9,9,634,591,20,1153,1153.0
374,16,21,7,463,224,15,842,842.0
375,16,3,9,358,326,11,651,651.0
376,16,14,1,545,338,17,991,991.0
377,16,10,6,515,162,16,937,937.0
378,16,7,6,239,168,8,435,435.0
379,16,18,9,687,457,21,1250,1250.0
380,16,12,2,344,541,11,626,626.0
381,16,8,7,172,361,6,313,313.0
382,16,22,9,433,384,14,788,788.0
383,16,29,5,344,614,11,626,626.0
384,16,20,7,709,609,22,1290,1290.0
385,16,6,8,366,312,12,666,666.0
386,17,19,3,314,636,10,571,571.0
387,17,30,5,455,614,14,828,828.0
388,17,13,8,381,155,12,693,693.0
389,17,11,9,351,228,11,639,639.0
390,17,22,5,97,486,3,177,177.0
391,17,1,2,448,410,14,815,815.0
392,17,23,2,224,476,7,408,408.0
393,17,4,9,75,372,3,137,137.0
394,17,27,4,627,443,19,1140,1140.0
395,17,9,8,545,522,17,991,991.0
396,17,5,1,276,646,9,502,502.0
397,17,26,6,440,508,14,800,800.0
398,17,10,8,470,503,15,855,855.0
399,17,29,6,418,568,13,760,760.0
400,17,20,6,291,331,9,530,530.0
401,17,14,3,418,199,13,760,760.0
402,17,7,9,217,341,7,395,395.0
403,17,25,2,664,152,21,1208,1208.0
404,17,16,2,597,392,19,1086,1086.0
405,17,21,6,426,544,13,775,775.0
406,17,15,4,508,188,16,924,924.0
407,18,24,9,351,604,11,639,639.0
408,18,21,3,329,248,10,599,599.0
409,18,11,2,291,194,9,530,530.0
410,18,12,6,530,184,17,964,964.0
411,18,22,4,411,616,13,748,748.0
412,18,30,8,545,401,17,991,991.0
413,18,17,2,291,479,9,530,530.0
414,18,16,1,426,251,13,775,775.0
415,18,1,1,552,191,17,1004,1004.0
416,18,9,8,716,688,22,1302,1302.0
417,18,14,5,120,528,4,219,219.0
418,18,5,4,702,299,22,1277,1277.0
419,18,7,6,306,149,10,557,557.0
420,18,8,6,463,658,15,842,842.0
421,18,29,2,530,514,17,964,964.0
422,18,28,2,373,260,12,679,679.0
423,18,15,3,590,329,18,1073,1073.0
424,18,10,6,523,235,16,951,951.0
425,18,13,4,463,622,15,842,842.0
426,18,25,7,157,472,5,286,286.0
427,18,23,8,202,333,7,368,368.0
428,18,20,6,321,375,10,584,584.0
429,18,2,1,90,258,3,164,164.0
430,18,27,1,463,646,15,842,842.0
431,18,3,5,478,411,15,870,870.0
432,19,18,3,202,165,7,368,368.0
433,19,29,2,247,609,8,450,450.0
434,19,23,4,284,395,9,517,517.0
435,19,4,7,336,479,11,611,611.0
436,19,5,6,239,436,8,435,435.0
437,19,21,6,269,485,9,490,490.0
438,19,9,6,657,365,20,1195,1195.0
439,19,25,8,440,532,14,800,800.0
440,19,11,3,269,215,9,490,490.0
441,19,24,4,448,369,14,815,815.0
442,19,17,3,440,622,14,800,800.0
443,19,20,4,455,276,14,828,828.0
444,19,7,3,672,718,21,1222,1222.0
445,19,8,9,179,434,6,326,326.0
446,19,27,8,649,509,20,1180,1180.0
447,20,30,4,97,509,3,177,177.0
448,20,22,8,373,260,12,679,679.0
449,20,2,4,582,276,18,1059,1059.0
450,20,16,4,224,369,7,408,408.0
451,20,13,7,433,202,14,788,788.0
452,20,15,1,597,552,19,1086,1086.0
453,20,29,1,209,718,7,380,380.0
454,20,10,6,232,385,8,422,422.0
455,20,21,6,657,508,20,1195,1195.0
456,20,14,4,634,674,20,1153,1153.0
457,20,17,1,649,675,20,1180,1180.0
458,20,24,1,276,614,9,502,502.0
459,20,11,6,672,240,21,1222,1222.0
460,20,8,1,515,257,16,937,937.0
461,20,12,7,396,563,12,720,720.0
462,20,1,1,321,430,10,584,584.0
463,20,28,8,217,509,7,395,395.0
464,20,25,8,679,475,21,1235,1235.0
465,20,19,1,314,362,10,571,571.0
466,20,5,9,426,184,13,775,775.0
467,20,23,2,291,254,9,530,530.0
468,20,9,2,194,646,6,353,353.0
469,20,26,4,299,328,10,544,544.0
470,20,6,2,687,221,21,1250,1250.0
471,20,18,3,381,702,12,693,693.0
472,20,3,2,739,447,23,1344,1344.0
473,21,6,7,545,632,17,991,991.0
474,21,24,7,411,359,13,748,748.0
475,21,25,9,575,519,18,1046,1046.0
476,21,1,7,515,666,16,937,937.0
477,21,3,2,493,583,15,897,897.0
478,21,5,1,329,705,10,599,599.0
479,21,7,5,179,388,6,326,326.0
480,21,28,1,575,320,18,1046,1046.0
481,21,20,1,515,561,16,937,937.0
482,21,4,1,694,702,22,1262,1262.0
483,21,27,7,478,563,15,870,870.0
484,21,18,1,657,414,20,1195,1195.0
485,21,8,2,403,431,13,733,733.0
486,21,19,2,515,430,16,937,937.0
487,21,2,5,463,283,15,842,842.0
488,21,12,3,508,196,16,924,924.0
489,21,16,8,612,198,19,1113,1113.0
490,21,11,1,403,535,13,733,733.0
491,21,10,6,344,466,11,626,626.0
492,21,17,3,716,315,22,1302,1302.0
493,21,15,7,679,483,21,1235,1235.0
494,21,9,7,254,580,8,462,462.0
495,21,13,3,500,172,16,910,910.0
496,21,22,6,209,338,7,380,380.0
497,22,2,9,403,613,13,733,733.0
498,22,3,4,269,336,9,490,490.0
499,22,24,3,239,290,8,435,435.0
500,22,21,3,269,674,9,490,490.0
501,22,6,7,194,555,6,353,353.0
502,22,5,2,619,247,19,1126,1126.0
503,22,10,5,269,247,9,490,490.0
504,22,11,4,433,225,14,788,788.0
505,22,13,5,239,505,8,435,435.0
506,22,29,6,702,287,22,1277,1277.0
507,22,1,3,90,475,3,164,164.0
508,22,18,3,478,408,15,870,870.0
509,22,7,7,679,672,21,1235,1235.0
510,22,27,2,358,555,11,651,651.0
511,22,28,7,269,313,9,490,490.0
512,22,26,4,478,630,15,870,870.0
513,22,23,5,142,323,5,259,259.0
514,22,4,8,187,339,6,340,340.0
515,22,9,7,306,258,10,557,557.0
516,23,30,8,224,384,7,408,408.0
517,23,5,1,664,418,21,1208,1208.0
518,23,9,5,657,173,20,1195,1195.0
519,23,19,6,440,707,14,800,800.0
520,23,15,7,321,147,10,584,584.0
521,23,6,9,649,534,20,1180,1180.0
522,23,2,2,500,629,16,910,910.0
523,23,27,2,142,470,5,259,259.0
524,23,24,3,157,194,5,286,286.0
525,23,25,9,702,228,22,1277,1277.0
526,23,8,4,284,643,9,517,517.0
527,23,20,9,560,296,17,1019,1019.0
528,23,18,8,657,328,20,1195,1195.0
529,23,10,1,314,388,10,571,571.0
530,23,28,1,478,707,15,870,870.0
531,23,11,6,314,524,10,571,571.0
532,23,12,9,403,335,13,733,733.0
533,23,14,6,381,322,12,693,693.0
534,23,16,7,530,626,17,964,964.0
535,23,21,3,105,715,4,191,191.0
536,24,9,8,523,489,16,951,951.0
537,24,13,5,329,593,10,599,599.0
538,24,6,9,560,492,17,1019,1019.0
539,24,11,7,575,668,18,1046,1046.0
540,24,21,2,575,178,18,1046,1046.0
541,24,1,7,172,439,6,313,313.0
542,24,10,2,90,663,3,164,164.0
543,24,12,2,411,235,13,748,748.0
544,24,8,8,605,387,19,1100,1100.0
545,24,29,5,232,637,8,422,422.0
546,24,20,5,239,173,8,435,435.0
547,24,14,8,135,552,5,246,246.0
548,24,16,7,254,516,8,462,462.0
549,24,15,7,284,437,9,517,517.0
550,24,5,1,187,460,6,340,340.0
551,24,18,8,351,499,11,639,639.0
552,24,27,4,649,568,20,1180,1180.0
553,24,17,2,679,493,21,1235,1235.0
554,24,26,4,239,712,8,435,435.0
555,25,23,2,262,672,8,477,477.0
556,25,20,6,433,604,14,788,788.0
557,25,2,8,440,345,14,800,800.0
558,25,28,8,344,671,11,626,626.0
559,25,6,8,739,534,23,1344,1344.0
560,25,8,3,418,640,13,760,760.0
561,25,29,7,105,699,4,191,191.0
562,25,3,1,478,166,15,870,870.0
563,25,22,2,232,429,8,422,422.0
564,25,26,1,314,158,10,571,571.0
565,25,24,6,388,470,12,706,706.0
566,25,18,6,545,205,17,991,991.0
567,25,1,6,381,531,12,693,693.0
568,25,5,3,702,371,22,1277,1277.0
569,25,14,4,515,351,16,937,937.0
570,25,11,7,396,544,12,720,720.0
571,25,19,9,470,358,15,855,855.0
572,25,7,9,433,233,14,788,788.0
573,25,27,6,649,260,20,1180,1180.0
574,25,9,9,284,449,9,517,517.0
575,25,30,6,194,296,6,353,353.0
576,25,4,5,314,508,10,571,571.0
577,25,13,8,239,447,8,435,435.0
578,25,21,4,202,233,7,368,368.0
579,25,17,8,664,171,21,1208,1208.0
580,25,10,4,157,689,5,286,286.0
581,26,11,3,329,150,10,599,599.0
582,26,27,4,597,707,19,1086,1086.0
583,26,6,2,575,509,18,1046,1046.0
584,26,23,1,709,430,22,1290,1290.0
585,26,22,5,373,521,12,679,679.0
586,26,9,8,515,263,16,937,937.0
587,26,2,7,209,303,7,380,380.0
588,26,29,3,381,263,12,693,693.0
589,26,15,4,314,238,10,571,571.0
590,26,17,8,224,558,7,408,408.0
591,26,10,3,545,577,17,991,991.0
592,26,21,2,687,597,21,1250,1250.0
593,26,13,9,239,699,8,435,435.0
594,26,24,1,150,527,5,273,273.0
595,26,5,7,724,228,22,1317,1317.0
596,26,12,7,470,720,15,855,855.0
597,26,28,9,373,323,12,679,679.0
598,26,8,4,179,147,6,326,326.0
599,26,16,8,731,577,23,1330,1330.0
600,26,14,2,552,593,17,1004,1004.0
601,26,18,1,381,506,12,693,693.0
602,26,20,8,254,604,8,462,462.0
603,26,3,9,172,411,6,313,313.0
604,26,1,1,276,515,9,502,502.0
605,27,16,2,239,636,8,435,435.0
606,27,23,4,411,424,13,748,748.0
607,27,21,4,455,704,14,828,828.0
608,27,18,5,403,661,13,733,733.0
609,27,19,2,702,527,22,1277,1277.0
610,27,25,3,306,506,10,557,557.0
611,27,28,1,97,630,3,177,177.0
612,27,10,6,537,672,17,977,977.0
613,27,29,6,90,463,3,164,164.0
614,27,5,1,329,162,10,599,599.0
615,27,3,5,731,652,23,1330,1330.0
616,27,4,8,642,440,20,1168,1168.0
617,27,11,6,97,176,3,177,177.0
618,27,26,6,299,414,10,544,544.0
619,27,20,2,418,417,13,760,760.0
620,27,9,3,165,325,5,300,300.0
621,27,14,7,411,567,13,748,748.0
622,27,7,9,724,648,22,1317,1317.0
623,27,17,9,366,452,12,666,666.0
624,27,15,8,336,576,11,611,611.0
625,28,14,4,165,315,5,300,300.0
626,28,23,9,731,695,23,1330,1330.0
627,28,30,3,687,516,21,1250,1250.0
628,28,13,8,470,385,15,855,855.0
629,28,27,4,664,333,21,1208,1208.0
630,28,6,1,179,195,6,326,326.0
631,28,24,1,575,454,18,1046,1046.0
632,28,16,5,254,539,8,462,462.0
633,28,4,3,433,411,14,788,788.0
634,28,7,6,485,322,15,882,882.0
635,28,9,8,426,228,13,775,775.0
636,28,2,6,508,688,16,924,924.0
637,28,10,6,396,563,12,720,720.0
638,28,18,7,344,319,11,626,626.0
639,28,5,8,202,392,7,368,368.0
640,28,1,1,716,387,22,1302,1302.0
641,28,22,5,366,717,12,666,666.0
642,28,8,4,194,665,6,353,353.0
643,28,21,2,388,486,12,706,706.0
644,28,20,7,426,560,13,775,775.0
645,28,17,1,90,152,3,164,164.0
646,28,3,3,582,534,18,1059,1059.0
647,28,11,3,209,323,7,380,380.0
648,28,12,6,597,307,19,1086,1086.0
649,28,19,5,83,356,3,151,151.0
650,29,30,4,455,251,14,828,828.0
651,29,18,5,575,465,18,1046,1046.0
652,29,26,5,493,152,15,897,897.0
653,29,12,8,329,394,10,599,599.0
654,29,23,3,403,349,13,733,733.0
655,29,11,1,523,204,16,951,951.0
656,29,1,9,254,172,8,462,462.0
657,29,28,2,262,292,8,477,477.0
658,29,22,3,619,175,19,1126,1126.0
659,29,27,3,478,472,15,870,870.0
660,29,21,4,336,444,11,611,611.0
661,29,20,2,165,405,5,300,300.0
662,29,9,1,276,486,9,502,502.0
663,29,6,6,455,329,14,828,828.0
664,29,4,1,530,646,17,964,964.0
665,29,5,6,530,441,17,964,964.0
666,29,15,8,217,488,7,395,395.0
667,30,11,6,75,512,3,137,137.0
668,30,12,6,344,224,11,626,626.0
669,30,5,4,135,672,5,246,246.0
670,30,14,8,463,479,15,842,842.0
671,30,8,3,418,274,13,760,760.0
672,30,7,9,545,581,17,991,991.0
673,30,9,6,411,649,13,748,748.0
674,30,21,1,366,176,12,666,666.0
675,30,28,3,463,365,15,842,842.0
676,30,17,5,642,473,20,1168,1168.0
677,30,26,9,672,339,21,1222,1222.0
678,30,16,3,83,294,3,151,151.0
679,30,10,7,276,365,9,502,502.0
680,30,15,7,500,147,16,910,910.0
681,30,29,5,306,649,10,557,557.0
682,30,27,2,329,714,10,599,599.0
683,30,6,4,105,503,4,191,191.0
684,30,19,1,366,712,12,666,666.0
COMMODITIES,400
0,22,23,48,9,17,540,1071.0
1,9,15,28,9,22,529,1321.0
2,25,19,70,9,24,522,1462.0
3,1,16,51,9,22,495,1373.0
4,15,7,25,7,20,419,1204.0
5,26,3,52,9,17,510,1065.0
6,6,3,74,9,19,517,1155.0
7,22,10,18,8,20,436,1210.0
8,14,10,49,8,21,424,1309.0
9,29,20,35,9,17,506,1037.0
10,1,4,63,8,16,438,989.0
11,6,21,34,10,20,569,1207.0
12,15,22,20,9,19,513,1148.0
13,15,8,54,9,17,495,1077.0
14,15,12,38,9,20,540,1215.0
15,27,9,54,8,16,464,985.0
16,28,9,22,9,22,512,1375.0
17,28,14,74,8,17,467,1072.0
18,12,15,22,9,18,499,1102.0
19,9,14,26,9,22,535,1337.0
20,20,13,24,9,21,492,1315.0
21,18,1,61,8,20,472,1200.0
22,24,21,17,9,16,489,1016.0
23,23,13,46,9,26,491,1589.0
24,3,1,39,10,22,557,1344.0
25,3,28,59,9,16,537,1008.0
26,29,17,16,10,24,587,1470.0
27,22,21,62,8,19,433,1194.0
28,12,25,44,9,18,503,1093.0
29,20,8,25,10,20,565,1216.0
30,15,5,70,9,21,520,1260.0
31,5,19,52,9,16,485,1013.0
32,1,28,15,9,21,521,1283.0
33,29,4,16,11,25,609,1559.0
34,24,18,44,8,21,433,1266.0
35,30,27,47,10,21,541,1315.0
36,15,17,43,8,14,425,879.0
37,7,10,59,8,19,465,1170.0
38,3,14,67,9,21,521,1299.0
39,25,17,19,11,26,617,1575.0
40,30,23,27,8,22,470,1352.0
41,16,9,52,9,27,521,1661.0
42,22,18,61,8,26,456,1586.0
43,11,4,62,8,17,461,1047.0
44,20,2,47,8,22,479,1343.0
45,30,29,41,9,22,498,1361.0
46,26,19,20,6,20,354,1220.0
47,7,13,59,8,23,478,1395.0
48,27,6,48,9,19,534,1164.0
49,27,3,30,8,21,476,1317.0
50,10,7,47,11,23,631,1436.0
51,23,17,64,8,22,472,1348.0
52,24,7,15,8,23,469,1398.0
53,10,15,48,9,22,481,1329.0
54,20,21,20,9,20,488,1236.0
55,22,5,19,8,23,431,1401.0
56,8,19,42,9,20,503,1227.0
57,15,28,30,10,20,557,1200.0
58,5,1,33,9,22,501,1346.0
59,19,21,53,10,21,559,1294.0
60,17,19,68,9,22,507,1376.0
61,20,1,22,8,21,456,1291.0
62,15,29,22,9,15,498,936.0
63,2,9,45,9,20,539,1235.0
64,29,15,44,9,20,485,1215.0
65,26,23,47,10,27,585,1626.0
66,7,22,63,8,22,443,1363.0
67,25,11,29,8,18,450,1129.0
68,2,13,59,9,22,535,1363.0
69,21,26,17,9,25,492,1513.0
70,2,18,72,10,24,594,1449.0
71,18,8,45,9,22,524,1366.0
72,18,9,18,9,22,530,1379.0
73,14,20,61,8,20,433,1246.0
74,12,4,51,11,22,640,1361.0
75,1,8,41,9,21,504,1273.0
76,27,14,22,9,19,482,1144.0
77,16,12,74,7,21,416,1286.0
78,9,7,41,10,23,580,1401.0
79,12,30,40,10,24,560,1447.0
80,7,15,63,11,24,634,1497.0
81,8,4,39,10,18,558,1080.0
82,12,14,71,9,21,525,1293.0
83,29,21,29,9,23,510,1409.0
84,19,27,72,10,26,586,1561.0
85,17,28,15,7,21,418,1309.0
86,13,19,25,9,22,505,1326.0
87,21,8,45,10,25,575,1546.0
88,7,4,27,10,25,580,1505.0
89,3,10,52,9,20,527,1222.0
90,29,14,46,10,28,599,1716.0
91,12,17,45,9,17,520,1023.0
92,21,5,69,9,22,519,1330.0
93,29,13,72,10,25,566,1548.0
94,17,24,21,10,23,541,1384.0
95,20,29,63,9,18,481,1099.0
96,16,26,40,9,23,488,1433.0
97,14,12,15,7,21,420,1282.0
98,16,19,24,9,18,513,1101.0
99,2,5,19,9,22,534,1352.0
100,6,11,46,11,21,626,1300.0
101,10,19,27,9,19,502,1144.0
102,16,30,39,8,21,469,1293.0
103,15,21,49,10,17,550,1067.0
104,5,17,62,9,22,532,1346.0
105,18,25,20,9,17,499,1022.0
106,22,6,63,9,18,536,1129.0
107,5,22,53,8,19,426,1153.0
108,3,9,48,7,19,409,1199.0
109,24,25,16,9,24,528,1485.0
110,14,6,48,8,18,435,1130.0
111,23,28,70,10,19,568,1192.0
112,26,15,50,8,19,444,1173.0
113,14,27,41,9,22,533,1375.0
114,8,3,35,10,20,557,1248.0
115,16,4,41,11,22,618,1327.0
116,12,6,66,10,20,559,1212.0
117,3,6,27,8,14,479,866.0
118,21,29,51,10,23,543,1430.0
119,6,20,44,10,23,572,1398.0
120,25,28,20,8,21,478,1301.0
121,1,13,18,11,25,649,1532.0
122,9,20,48,9,23,524,1396.0
123,11,5,69,9,24,519,1453.0
124,26,10,39,10,21,565,1314.0
125,2,15,46,8,15,432,927.0
126,27,22,25,8,19,452,1161.0
127,6,4,65,10,16,571,976.0
128,8,27,18,10,22,551,1348.0
129,16,27,34,8,25,467,1509.0
130,22,24,20,9,20,533,1203.0
131,8,22,32,10,20,566,1248.0
132,7,5,45,9,23,501,1383.0
133,11,26,65,8,18,427,1083.0
134,7,12,56,8,17,480,1034.0
135,6,1,29,10,21,565,1289.0
136,17,2,49,8,22,436,1345.0
137,22,11,66,8,22,473,1346.0
138,12,5,45,9,19,501,1173.0
139,14,28,57,9,21,526,1270.0
140,21,18,48,10,30,553,1828.0
141,28,15,60,9,23,521,1432.0
142,15,24,33,9,20,508,1224.0
143,7,17,57,8,20,453,1209.0
144,14,19,34,9,15,524,936.0
145,8,16,74,8,17,473,1055.0
146,21,14,65,10,26,593,1583.0
147,27,2,57,8,19,454,1147.0
148,7,16,32,9,24,517,1471.0
149,20,6,50,10,20,590,1230.0
150,4,1,28,7,22,415,1332.0
151,3,25,29,9,21,519,1270.0
152,22,2,38,8,18,438,1091.0
153,7,29,25,10,17,557,1037.0
154,15,20,59,9,20,510,1215.0
155,4,9,25,10,19,586,1147.0
156,20,28,57,9,19,490,1161.0
157,6,29,29,10,21,547,1269.0
158,15,23,27,9,22,498,1359.0
159,28,18,18,10,22,553,1354.0
160,23,22,37,7,20,378,1218.0
161,7,30,40,9,23,528,1418.0
162,26,25,40,9,22,496,1371.0
163,29,27,70,9,24,514,1451.0
164,14,3,52,8,16,459,1015.0
165,17,9,52,9,20,527,1230.0
166,15,2,23,9,23,483,1404.0
167,29,30,45,10,21,590,1269.0
168,4,24,55,9,20,505,1234.0
169,25,3,73,9,26,527,1566.0
170,27,5,48,9,22,511,1357.0
171,11,8,69,8,13,455,825.0
172,14,11,42,9,19,500,1164.0
173,20,26,19,9,22,518,1360.0
174,30,4,32,9,16,501,1002.0
175,13,5,22,9,20,501,1240.0
176,17,6,71,8,19,440,1173.0
177,2,19,74,7,14,398,860.0
178,1,11,55,9,22,526,1363.0
179,16,5,74,6,18,339,1123.0
180,1,30,47,10,20,563,1208.0
181,21,3,53,10,29,584,1782.0
182,11,30,36,9,19,493,1177.0
183,7,20,66,11,24,601,1469.0
184,3,8,65,8,19,422,1142.0
185,8,21,67,9,20,532,1246.0
186,9,26,52,9,21,493,1296.0
187,18,5,60,10,26,581,1599.0
188,16,21,25,9,24,519,1479.0
189,19,7,66,9,24,487,1466.0
190,29,23,56,8,22,445,1360.0
191,5,8,57,9,23,487,1428.0
192,27,18,54,8,25,470,1542.0
193,26,30,31,7,21,403,1265.0
194,14,29,23,9,21,497,1270.0
195,25,2,49,8,25,437,1512.0
196,19,13,61,8,21,479,1275.0
197,10,23,53,8,22,444,1371.0
198,9,17,44,11,21,639,1270.0
199,6,2,45,10,21,565,1305.0
200,27,19,25,9,18,527,1098.0
201,28,20,54,9,22,493,1330.0
202,11,7,17,9,21,495,1271.0
203,10,6,36,10,24,571,1478.0
204,11,28,62,9,19,514,1152.0
205,6,17,22,7,20,412,1204.0
206,8,11,55,10,19,570,1185.0
207,27,12,70,8,20,477,1216.0
208,13,4,60,8,14,448,855.0
209,22,8,62,9,23,522,1385.0
210,1,3,47,7,19,392,1153.0
211,6,22,17,10,16,541,961.0
212,11,16,23,8,18,461,1088.0
213,30,28,60,9,18,486,1118.0
214,7,9,16,9,22,516,1332.0
215,15,30,28,8,19,436,1181.0
216,14,15,19,8,18,428,1113.0
217,6,27,73,10,23,564,1382.0
218,15,3,17,9,15,514,955.0
219,9,2,15,8,22,433,1340.0
220,14,24,19,10,24,549,1472.0
221,6,5,50,10,22,587,1343.0
222,3,21,53,9,21,498,1284.0
223,23,10,16,8,18,433,1095.0
224,17,3,72,8,17,444,1049.0
225,12,26,66,9,17,494,1053.0
226,12,11,68,8,17,469,1057.0
227,15,16,32,9,19,507,1143.0
228,6,14,44,9,20,492,1248.0
229,27,25,37,8,21,470,1265.0
230,10,9,65,7,22,417,1334.0
231,2,24,18,9,23,512,1408.0
232,23,3,62,7,24,385,1449.0
233,2,28,49,8,18,467,1130.0
234,26,24,63,9,17,504,1030.0
235,29,1,31,10,22,597,1331.0
236,18,12,59,8,25,441,1506.0
237,5,21,56,11,19,608,1149.0
238,28,7,38,10,23,555,1409.0
239,6,12,34,9,15,486,940.0
240,5,13,59,8,15,464,916.0
241,5,11,43,8,20,436,1217.0
242,27,23,42,9,23,536,1434.0
243,17,4,37,8,12,451,762.0
244,20,27,29,8,19,447,1178.0
245,4,11,23,9,18,521,1096.0
246,11,13,43,8,21,479,1291.0
247,13,26,47,8,20,470,1211.0
248,24,28,20,9,19,505,1179.0
249,9,3,49,9,20,521,1204.0
250,8,15,18,10,22,552,1351.0
251,20,5,71,9,19,516,1171.0
252,5,14,60,8,14,463,844.0
253,5,10,52,10,15,582,958.0
254,22,25,37,9,22,492,1377.0
255,7,27,50,9,22,502,1354.0
256,27,11,72,7,15,415,913.0
257,9,6,57,10,22,543,1325.0
258,7,3,17,9,20,499,1237.0
259,17,10,29,8,22,458,1368.0
260,14,1,38,9,23,511,1387.0
261,15,6,20,9,18,537,1090.0
262,18,26,63,9,21,481,1285.0
263,4,13,36,9,20,499,1211.0
264,23,6,67,8,21,478,1278.0
265,10,21,39,10,21,559,1261.0
266,8,5,71,8,20,460,1202.0
267,21,13,64,10,26,554,1604.0
268,7,1,62,10,22,560,1323.0
269,19,12,30,10,22,549,1373.0
270,1,21,57,8,17,475,1077.0
271,16,11,54,7,19,388,1174.0
272,25,30,38,10,20,573,1227.0
273,7,23,24,7,17,373,1036.0
274,20,30,62,10,17,576,1026.0
275,9,13,71,9,19,511,1148.0
276,13,23,53,10,22,575,1358.0
277,10,3,56,9,24,490,1472.0
278,23,19,34,8,22,440,1334.0
279,9,10,50,9,24,531,1448.0
280,13,3,19,10,18,545,1086.0
281,25,23,46,10,22,571,1333.0
282,11,22,68,10,21,567,1310.0
283,17,14,30,9,22,492,1373.0
284,3,30,31,8,19,469,1145.0
285,13,9,67,8,18,471,1107.0
286,12,2,31,10,25,558,1555.0
287,22,29,44,8,21,479,1311.0
288,22,30,19,9,20,494,1242.0
289,12,21,38,9,21,519,1300.0
290,15,25,46,9,19,498,1180.0
291,16,17,15,10,18,573,1127.0
292,2,6,49,9,21,529,1276.0
293,29,28,42,9,19,500,1174.0
294,28,24,50,9,25,502,1549.0
295,11,19,52,9,21,489,1292.0
296,5,3,44,9,20,533,1222.0
297,2,26,21,9,19,533,1173.0
298,30,9,58,9,17,499,1072.0
299,5,20,17,9,16,495,993.0
300,26,21,35,8,23,476,1432.0
301,13,12,29,8,19,479,1169.0
302,9,5,55,11,23,625,1409.0
303,24,14,25,9,17,498,1034.0
304,22,9,29,11,22,620,1326.0
305,16,22,71,9,20,483,1245.0
306,2,7,56,10,21,553,1314.0
307,11,1,23,9,17,512,1027.0
308,14,9,28,10,19,545,1192.0
309,26,12,36,8,21,454,1274.0
310,29,6,32,10,25,564,1512.0
311,10,25,29,8,22,477,1359.0
312,4,14,47,7,19,409,1184.0
313,5,15,60,9,17,492,1054.0
314,4,6,48,9,17,498,1071.0
315,13,25,47,9,16,511,1010.0
316,5,26,37,9,23,525,1417.0
317,18,15,22,9,20,520,1207.0
318,22,3,28,10,21,567,1294.0
319,26,17,24,8,18,465,1096.0
320,28,10,56,8,20,432,1210.0
321,10,22,64,10,24,594,1485.0
322,6,23,37,8,20,457,1213.0
323,14,13,72,9,21,500,1299.0
324,15,13,39,8,17,443,1042.0
325,26,18,17,10,25,560,1530.0
326,21,20,37,8,24,426,1480.0
327,30,5,69,7,15,406,906.0
328,21,30,30,9,25,482,1523.0
329,28,5,68,9,17,522,1041.0
330,26,16,65,10,23,547,1416.0
331,10,30,25,9,18,493,1101.0
332,8,23,66,9,23,499,1388.0
333,4,18,49,7,24,401,1471.0
334,20,16,56,10,19,595,1179.0
335,16,2,17,9,25,518,1551.0
336,13,16,36,9,20,509,1211.0
337,27,20,24,7,19,415,1142.0
338,23,8,39,10,23,567,1400.0
339,4,19,62,8,21,440,1304.0
340,18,20,26,8,18,442,1127.0
341,25,26,72,10,22,580,1357.0
342,9,27,65,9,14,509,898.0
343,12,8,52,8,20,452,1210.0
344,8,28,52,11,24,637,1452.0
345,17,7,36,9,19,488,1149.0
346,24,22,27,9,24,510,1454.0
347,16,25,48,9,29,537,1774.0
348,8,14,63,10,24,574,1485.0
349,28,19,18,9,14,483,852.0
350,22,27,26,9,22,526,1326.0
351,7,18,31,9,25,514,1522.0
352,24,5,73,10,18,555,1093.0
353,4,26,16,8,16,471,978.0
354,30,7,68,10,21,542,1319.0
355,3,19,44,8,17,449,1069.0
356,23,29,34,10,20,588,1249.0
357,11,18,43,8,26,454,1603.0
358,25,7,32,9,25,510,1543.0
359,16,13,23,10,25,562,1555.0
360,27,1,28,8,21,440,1263.0
361,28,1,42,9,20,538,1259.0
362,20,17,18,10,23,552,1395.0
363,20,4,41,7,18,361,1120.0
364,5,27,20,9,24,510,1462.0
365,16,6,43,8,20,438,1243.0
366,5,28,20,10,20,586,1226.0
367,18,28,59,9,20,534,1244.0
368,29,3,26,8,19,441,1165.0
369,14,17,42,9,21,518,1310.0
370,10,17,57,9,20,511,1203.0
371,19,20,39,10,24,552,1448.0
372,18,30,45,8,20,435,1207.0
373,15,19,69,10,23,566,1416.0
374,16,7,27,9,19,492,1158.0
375,11,27,55,9,19,492,1143.0
376,15,11,60,7,19,397,1154.0
377,7,2,23,9,26,530,1600.0
378,24,11,35,9,23,529,1387.0
379,11,25,18,9,19,485,1164.0
380,27,8,72,9,17,496,1030.0
381,17,21,65,9,22,519,1329.0
382,19,1,15,11,23,601,1392.0
383,26,27,41,8,20,443,1226.0
384,9,23,28,8,24,450,1478.0
385,5,24,74,10,22,550,1342.0
386,22,20,47,10,24,592,1441.0
387,11,20,53,8,22,475,1321.0
388,7,21,15,10,22,548,1365.0
389,27,29,73,8,12,427,755.0
390,18,27,36,9,18,532,1109.0
391,3,7,24,8,22,453,1325.0
392,29,8,19,9,23,491,1421.0
393,27,16,71,9,20,522,1240.0
394,5,23,43,8,20,480,1223.0
395,13,29,35,9,21,503,1269.0
396,10,16,47,9,21,501,1286.0
397,9,28,31,10,18,600,1126.0
398,2,20,60,9,16,528,995.0
399,20,10,59,10,20,543,1224.0
horizon=30
