NODES,30
1,1,-,-
2,2,-,-
3,3,-,-
4,4,-,-
5,5,-,-
6,6,-,-
7,7,-,-
8,8,-,-
9,9,-,-
10,10,-,-
11,11,-,-
12,12,-,-
13,13,-,-
14,14,-,-
15,15,-,-
16,16,-,-
17,17,-,-
18,18,-,-
19,19,-,-
20,20,-,-
21,21,-,-
22,22,-,-
23,23,-,-
24,24,-,-
25,25,-,-
26,26,-,-
27,27,-,-
28,28,-,-
29,29,-,-
30,30,-,-
ARCS,679
0,1,13,3,744,665,23,1353,1353.0
1,1,19,7,1279,172,39,2326,2326.0
2,1,20,6,1427,224,44,2595,2595.0
3,1,3,1,996,246,31,1811,1811.0
4,1,7,7,848,583,26,1542,1542.0
5,1,6,6,937,187,29,1704,1704.0
6,1,11,8,773,489,24,1406,1406.0
7,1,14,8,1427,621,44,2595,2595.0
8,1,10,9,1100,665,34,2000,2000.0
9,1,9,4,402,486,13,731,731.0
10,1,22,6,863,689,27,1570,1570.0
11,1,18,8,1234,649,38,2244,2244.0
12,1,29,7,1442,552,44,2622,2622.0
13,1,2,2,268,719,9,488,488.0
14,1,8,1,833,743,26,1515,1515.0
15,2,19,2,402,337,13,731,731.0
16,2,1,9,1190,728,37,2164,2164.0
17,2,29,2,565,275,18,1028,1028.0
18,2,12,5,283,562,9,515,515.0
19,2,11,9,967,737,30,1759,1759.0
20,2,9,5,1309,492,40,2380,2380.0
21,2,17,1,699,683,22,1271,1271.0
22,2,26,7,357,720,11,650,650.0
23,2,21,6,1472,525,45,2677,2677.0
24,2,22,3,580,564,18,1055,1055.0
25,2,18,1,1427,525,44,2595,2595.0
26,2,8,4,164,576,5,299,299.0
27,2,16,9,952,306,29,1731,1731.0
28,2,5,6,1249,586,38,2271,2271.0
29,2,15,6,328,236,10,597,597.0
30,2,27,1,729,451,23,1326,1326.0
31,2,10,3,1323,309,41,2406,2406.0
32,2,24,7,536,300,17,975,975.0
33,2,4,2,1071,150,33,1948,1948.0
34,2,23,1,253,249,8,460,460.0
35,2,28,6,803,276,25,1460,1460.0
36,2,14,5,1309,167,40,2380,2380.0
37,2,25,4,833,604,26,1515,1515.0
38,2,3,7,1427,352,44,2595,2595.0
39,2,20,4,1219,366,37,2217,2217.0
40,2,13,6,1041,649,32,1893,1893.0
41,3,5,9,149,473,5,271,271.0
42,3,7,9,1130,470,35,2055,2055.0
43,3,29,7,1071,409,33,1948,1948.0
44,3,8,6,580,430,18,1055,1055.0
45,3,6,3,179,375,6,326,326.0
46,3,24,1,982,161,30,1786,1786.0
47,3,23,5,328,519,10,597,597.0
48,3,30,2,238,354,8,433,433.0
49,3,9,5,610,313,19,1110,1110.0
50,3,22,2,967,191,30,1759,1759.0
51,3,1,6,1353,424,41,2460,2460.0
52,3,25,7,1353,533,41,2460,2460.0
53,3,28,1,476,181,15,866,866.0
54,4,29,5,1011,428,31,1839,1839.0
55,4,17,7,550,719,17,1000,1000.0
56,4,22,2,1234,232,38,2244,2244.0
57,4,11,6,922,202,28,1677,1677.0
58,4,1,5,1071,732,33,1948,1948.0
59,4,26,5,149,445,5,271,271.0
60,4,18,5,1219,182,37,2217,2217.0
61,4,19,9,937,355,29,1704,1704.0
62,4,5,7,491,418,15,893,893.0
63,4,7,8,1368,540,42,2488,2488.0
64,4,6,3,952,603,29,1731,1731.0
65,4,27,1,684,480,21,1244,1244.0
66,4,21,1,1160,668,36,2110,2110.0
67,4,8,1,1368,495,42,2488,2488.0
68,4,23,7,1041,243,32,1893,1893.0
69,4,30,2,655,570,20,1191,1191.0
70,5,9,5,1472,615,45,2677,2677.0
71,5,29,6,773,723,24,1406,1406.0
72,5,28,8,521,473,16,948,948.0
73,5,12,9,1279,293,39,2326,2326.0
74,5,10,8,253,515,8,460,460.0
75,5,1,3,714,597,22,1299,1299.0
76,5,7,1,1086,384,33,1975,1975.0
77,5,23,2,446,311,14,811,811.0
78,5,11,4,1457,248,45,2650,2650.0
79,5,21,2,432,705,14,786,786.0
80,5,30,5,877,717,27,1595,1595.0
81,5,3,5,610,509,19,1110,1110.0
82,5,17,6,1353,208,41,2460,2460.0
83,5,6,6,164,735,5,299,299.0
84,5,2,1,372,543,12,677,677.0
85,5,16,2,907,679,28,1650,1650.0
86,5,25,5,1175,519,36,2137,2137.0
87,5,26,1,759,477,23,1380,1380.0
88,5,19,4,996,205,31,1811,1811.0
89,5,18,5,759,443,23,1380,1380.0
90,5,14,5,342,655,11,622,622.0
91,5,20,8,372,492,12,677,677.0
92,5,27,8,1071,242,33,1948,1948.0
93,5,24,4,1279,196,39,2326,2326.0
94,5,8,8,1442,737,44,2622,2622.0
95,6,7,5,1056,638,32,1920,1920.0
96,6,14,1,759,407,23,1380,1380.0
97,6,10,2,1234,606,38,2244,2244.0
98,6,23,2,922,625,28,1677,1677.0
99,6,17,8,818,597,25,1488,1488.0
100,6,11,2,699,591,22,1271,1271.0
101,6,3,8,1383,704,42,2515,2515.0
102,6,28,2,669,394,21,1217,1217.0
103,6,13,8,877,623,27,1595,1595.0
104,6,30,9,967,492,30,1759,1759.0
105,6,21,8,982,226,30,1786,1786.0
106,6,5,2,1294,470,40,2353,2353.0
107,6,26,4,669,389,21,1217,1217.0
108,6,8,2,922,191,28,1677,1677.0
109,6,12,7,1457,434,45,2650,2650.0
110,6,24,1,1249,278,38,2271,2271.0
111,6,4,6,1160,418,36,2110,2110.0
112,6,29,8,1427,719,44,2595,2595.0
113,6,20,2,1309,398,40,2380,2380.0
114,6,15,9,238,610,8,433,433.0
115,6,18,5,744,480,23,1353,1353.0
116,7,24,5,506,421,16,920,920.0
117,7,18,9,610,640,19,1110,1110.0
118,7,27,3,759,728,23,1380,1380.0
119,7,9,5,833,635,26,1515,1515.0
120,7,28,3,164,470,5,299,299.0
121,7,26,2,1041,673,32,1893,1893.0
122,7,10,3,848,682,26,1542,1542.0
123,7,19,3,476,641,15,866,866.0
124,7,22,2,1309,662,40,2380,2380.0
125,7,15,6,446,492,14,811,811.0
126,7,17,9,536,315,17,975,975.0
127,7,30,4,714,571,22,1299,1299.0
128,7,20,4,402,331,13,731,731.0
129,7,3,4,342,588,11,622,622.0
130,7,29,8,432,343,14,786,786.0
131,7,12,4,506,713,16,920,920.0
132,7,13,3,1026,367,32,1866,1866.0
133,7,4,9,536,674,17,975,975.0
134,7,8,8,848,607,26,1542,1542.0
135,7,25,9,1398,378,43,2542,2542.0
136,7,21,1,283,325,9,515,515.0
137,7,23,9,640,150,20,1164,1164.0
138,7,1,3,209,339,7,380,380.0
139,7,14,7,610,330,19,1110,1110.0
140,7,5,5,298,585,10,542,542.0
141,7,6,7,684,325,21,1244,1244.0
142,8,5,3,1145,252,35,2082,2082.0
143,8,25,9,773,674,24,1406,1406.0
144,8,9,9,1086,376,33,1975,1975.0
145,8,29,4,1086,397,33,1975,1975.0
146,8,30,5,1442,150,44,2622,2622.0
147,8,23,6,892,437,28,1622,1622.0
148,8,13,3,877,625,27,1595,1595.0
149,8,4,5,1383,427,42,2515,2515.0
150,8,12,5,1086,392,33,1975,1975.0
151,8,16,9,640,446,20,1164,1164.0
152,8,1,4,432,668,14,786,786.0
153,8,18,1,877,735,27,1595,1595.0
154,8,3,5,209,333,7,380,380.0
155,8,7,5,149,249,5,271,271.0
156,8,20,8,328,387,10,597,597.0
157,8,6,1,1160,579,36,2110,2110.0
158,8,17,6,1353,468,41,2460,2460.0
159,8,2,8,1026,299,32,1866,1866.0
160,8,26,7,892,586,28,1622,1622.0
161,8,24,6,268,583,9,488,488.0
162,8,11,6,1026,570,32,1866,1866.0
163,8,15,3,313,577,10,570,570.0
164,8,21,7,536,613,17,975,975.0
165,8,14,2,1323,269,41,2406,2406.0
166,9,25,1,863,232,27,1570,1570.0
167,9,18,5,1160,324,36,2110,2110.0
168,9,16,7,595,461,19,1082,1082.0
169,9,15,9,179,370,6,326,326.0
170,9,10,9,209,470,7,380,380.0
171,9,3,9,1011,351,31,1839,1839.0
172,9,29,2,313,237,10,570,570.0
173,9,1,6,699,550,22,1271,1271.0
174,9,14,9,1413,439,43,2570,2570.0
175,9,23,3,595,266,19,1082,1082.0
176,9,13,1,283,564,9,515,515.0
177,9,27,8,194,534,6,353,353.0
178,9,5,1,238,455,8,433,433.0
179,9,7,2,729,381,23,1326,1326.0
180,9,11,2,1457,232,45,2650,2650.0
181,9,28,1,149,343,5,271,271.0
182,9,20,1,1249,591,38,2271,2271.0
183,9,19,3,1145,658,35,2082,2082.0
184,9,30,1,1011,553,31,1839,1839.0
185,9,2,2,982,254,30,1786,1786.0
186,9,6,5,952,430,29,1731,1731.0
187,9,4,6,1249,275,38,2271,2271.0
188,9,26,2,967,245,30,1759,1759.0
189,9,22,6,818,692,25,1488,1488.0
190,9,24,5,1041,659,32,1893,1893.0
191,9,21,6,149,424,5,271,271.0
192,10,23,1,1427,254,44,2595,2595.0
193,10,6,3,1041,217,32,1893,1893.0
194,10,5,2,1279,367,39,2326,2326.0
195,10,16,8,149,385,5,271,271.0
196,10,1,8,1204,561,37,2190,2190.0
197,10,26,5,952,486,29,1731,1731.0
198,10,9,7,342,685,11,622,622.0
199,10,20,3,877,154,27,1595,1595.0
200,10,14,5,655,518,20,1191,1191.0
201,10,22,7,313,156,10,570,570.0
202,10,12,5,788,424,24,1433,1433.0
203,10,15,4,238,623,8,433,433.0
204,10,8,3,1309,562,40,2380,2380.0
205,10,19,7,714,300,22,1299,1299.0
206,10,25,2,1457,616,45,2650,2650.0
207,10,29,6,1190,212,37,2164,2164.0
208,10,13,5,1427,190,44,2595,2595.0
209,10,7,7,238,643,8,433,433.0
210,10,30,6,1457,200,45,2650,2650.0
211,10,28,3,788,547,24,1433,1433.0
212,10,4,1,565,536,18,1028,1028.0
213,10,11,7,863,691,27,1570,1570.0
214,10,18,2,1011,550,31,1839,1839.0
215,10,21,7,877,357,27,1595,1595.0
216,11,10,5,610,667,19,1110,1110.0
217,11,13,8,625,498,19,1137,1137.0
218,11,22,3,714,488,22,1299,1299.0
219,11,9,6,387,336,12,704,704.0
220,11,1,7,298,272,10,542,542.0
221,11,3,8,996,480,31,1811,1811.0
222,11,16,6,1100,184,34,2000,2000.0
223,11,6,3,1145,203,35,2082,2082.0
224,11,4,1,491,701,15,893,893.0
225,11,7,4,892,214,28,1622,1622.0
226,11,5,4,595,494,19,1082,1082.0
227,11,30,2,863,273,27,1570,1570.0
228,11,25,6,595,485,19,1082,1082.0
229,11,21,8,1309,190,40,2380,2380.0
230,11,29,3,1309,495,40,2380,2380.0
231,11,23,9,655,638,20,1191,1191.0
232,11,14,4,714,327,22,1299,1299.0
233,11,12,5,550,430,17,1000,1000.0
234,11,8,2,1219,650,37,2217,2217.0
235,11,20,8,313,388,10,570,570.0
236,11,15,4,669,328,21,1217,1217.0
237,11,19,4,848,655,26,1542,1542.0
238,11,24,6,1115,613,34,2028,2028.0
239,11,2,3,1204,300,37,2190,2190.0
240,12,1,4,892,345,28,1622,1622.0
241,12,16,7,298,534,10,542,542.0
242,12,9,7,1368,191,42,2488,2488.0
243,12,19,3,699,239,22,1271,1271.0
244,12,29,8,209,488,7,380,380.0
245,12,18,5,432,381,14,786,786.0
246,12,25,5,1338,242,41,2433,2433.0
247,12,21,1,1145,339,35,2082,2082.0
248,12,23,1,1056,574,32,1920,1920.0
249,12,11,4,253,582,8,460,460.0
250,12,28,8,194,476,6,353,353.0
251,12,4,9,461,673,14,839,839.0
252,12,20,4,610,458,19,1110,1110.0
253,12,14,9,1041,483,32,1893,1893.0
254,13,5,1,1011,582,31,1839,1839.0
255,13,30,9,268,366,9,488,488.0
256,13,25,9,1249,178,38,2271,2271.0
257,13,19,5,476,215,15,866,866.0
258,13,10,1,402,455,13,731,731.0
259,13,14,5,803,302,25,1460,1460.0
260,13,3,9,432,293,14,786,786.0
261,13,15,3,1368,237,42,2488,2488.0
262,13,24,3,1294,501,40,2353,2353.0
263,13,20,3,1249,182,38,2271,2271.0
264,13,11,1,1219,579,37,2217,2217.0
265,13,7,3,1234,521,38,2244,2244.0
266,13,28,9,729,643,23,1326,1326.0
267,13,17,9,699,218,22,1271,1271.0
268,13,27,7,521,621,16,948,948.0
269,13,6,7,1398,372,43,2542,2542.0
270,13,16,2,1204,156,37,2190,2190.0
271,13,2,6,268,460,9,488,488.0
272,13,4,8,595,370,19,1082,1082.0
273,13,9,6,833,652,26,1515,1515.0
274,13,12,1,640,217,20,1164,1164.0
275,13,22,5,625,479,19,1137,1137.0
276,13,23,4,283,556,9,515,515.0
277,14,6,4,1175,705,36,2137,2137.0
278,14,13,1,848,550,26,1542,1542.0
279,14,28,9,580,594,18,1055,1055.0
280,14,9,3,446,607,14,811,811.0
281,14,3,9,1011,188,31,1839,1839.0
282,14,20,1,565,397,18,1028,1028.0
283,14,15,5,1056,495,32,1920,1920.0
284,14,11,8,922,436,28,1677,1677.0
285,14,12,1,714,470,22,1299,1299.0
286,14,16,9,1338,226,41,2433,2433.0
287,14,29,5,1056,676,32,1920,1920.0
288,14,25,3,640,428,20,1164,1164.0
289,14,23,7,1264,597,39,2299,2299.0
290,14,19,5,1309,646,40,2380,2380.0
291,14,1,7,996,352,31,1811,1811.0
292,14,4,8,1383,379,42,2515,2515.0
293,14,22,6,506,705,16,920,920.0
294,14,24,7,848,415,26,1542,1542.0
295,14,8,6,595,193,19,1082,1082.0
296,14,10,7,788,190,24,1433,1433.0
297,14,21,8,1011,701,31,1839,1839.0
298,14,30,8,580,370,18,1055,1055.0
299,15,11,1,669,322,21,1217,1217.0
300,15,8,6,1234,424,38,2244,2244.0
301,15,12,8,922,528,28,1677,1677.0
302,15,27,4,1413,240,43,2570,2570.0
303,15,7,5,446,153,14,811,811.0
304,15,2,9,1368,325,42,2488,2488.0
305,15,9,8,1190,366,37,2164,2164.0
306,15,4,5,1115,379,34,2028,2028.0
307,15,13,1,372,303,12,677,677.0
308,15,16,4,1130,275,35,2055,2055.0
309,15,20,3,655,257,20,1191,1191.0
310,15,19,8,387,743,12,704,704.0
311,15,29,9,387,242,12,704,704.0
312,15,25,8,1115,744,34,2028,2028.0
313,15,21,6,328,387,10,597,597.0
314,15,23,6,387,306,12,704,704.0
315,15,1,3,952,330,29,1731,1731.0
316,15,22,7,179,476,6,326,326.0
317,15,26,3,1398,671,43,2542,2542.0
318,15,5,5,744,164,23,1353,1353.0
319,15,14,3,461,562,14,839,839.0
320,15,28,1,298,401,10,542,542.0
321,15,3,4,342,513,11,622,622.0
322,15,10,1,179,382,6,326,326.0
323,15,18,1,788,381,24,1433,1433.0
324,15,6,8,357,473,11,650,650.0
325,15,24,9,1100,421,34,2000,2000.0
326,16,15,9,967,480,30,1759,1759.0
327,16,3,2,640,249,20,1164,1164.0
328,16,2,2,328,468,10,597,597.0
329,16,19,3,1309,695,40,2380,2380.0
330,16,4,8,967,193,30,1759,1759.0
331,16,27,3,863,360,27,1570,1570.0
332,16,9,4,1175,623,36,2137,2137.0
333,16,22,8,922,369,28,1677,1677.0
334,16,24,6,446,331,14,811,811.0
335,16,5,3,1115,442,34,2028,2028.0
336,16,1,3,1130,568,35,2055,2055.0
337,16,29,3,729,303,23,1326,1326.0
338,16,8,5,1368,156,42,2488,2488.0
339,16,25,9,729,716,23,1326,1326.0
340,16,17,9,372,546,12,677,677.0
341,16,11,5,1219,442,37,2217,2217.0
342,16,13,8,1130,586,35,2055,2055.0
343,16,21,9,506,501,16,920,920.0
344,16,14,4,595,369,19,1082,1082.0
345,16,28,4,372,375,12,677,677.0
346,16,30,5,848,448,26,1542,1542.0
347,16,18,2,1249,249,38,2271,2271.0
348,16,7,8,461,415,14,839,839.0
349,16,26,3,937,428,29,1704,1704.0
350,17,14,9,684,729,21,1244,1244.0
351,17,16,2,313,419,10,570,570.0
352,17,3,5,699,595,22,1271,1271.0
353,17,18,6,982,697,30,1786,1786.0
354,17,7,1,506,221,16,920,920.0
355,17,28,5,773,361,24,1406,1406.0
356,17,6,7,164,275,5,299,299.0
357,17,23,2,565,479,18,1028,1028.0
358,17,20,5,937,278,29,1704,1704.0
359,17,12,9,417,179,13,759,759.0
360,17,11,6,1204,734,37,2190,2190.0
361,17,19,5,788,722,24,1433,1433.0
362,17,24,1,149,403,5,271,271.0
363,17,22,7,283,519,9,515,515.0
364,17,5,8,253,157,8,460,460.0
365,17,9,2,952,418,29,1731,1731.0
366,17,13,4,714,439,22,1299,1299.0
367,17,1,1,1309,565,40,2380,2380.0
368,17,30,6,238,723,8,433,433.0
369,17,21,3,1413,735,43,2570,2570.0
370,17,26,3,536,369,17,975,975.0
371,18,15,6,744,689,23,1353,1353.0
372,18,5,9,833,433,26,1515,1515.0
373,18,11,6,476,221,15,866,866.0
374,18,22,8,313,266,10,570,570.0
375,18,13,4,877,659,27,1595,1595.0
376,18,16,4,506,528,16,920,920.0
377,18,24,5,1294,553,40,2353,2353.0
378,18,8,3,1309,525,40,2380,2380.0
379,18,12,4,313,503,10,570,570.0
380,18,28,4,461,550,14,839,839.0
381,18,3,6,1190,491,37,2164,2164.0
382,18,1,9,328,677,10,597,597.0
383,18,25,1,892,401,28,1622,1622.0
384,18,9,4,1338,480,41,2433,2433.0
385,18,21,5,714,415,22,1299,1299.0
386,18,17,5,1457,637,45,2650,2650.0
387,18,4,9,996,451,31,1811,1811.0
388,18,20,2,313,234,10,570,570.0
389,18,23,4,1323,546,41,2406,2406.0
390,18,30,4,892,626,28,1622,1622.0
391,18,10,9,1442,296,44,2622,2622.0
392,18,7,5,1413,406,43,2570,2570.0
393,18,2,5,1011,233,31,1839,1839.0
394,18,6,6,714,424,22,1299,1299.0
395,18,29,4,655,568,20,1191,1191.0
396,19,29,7,387,431,12,704,704.0
397,19,2,6,610,720,19,1110,1110.0
398,19,14,6,892,698,28,1622,1622.0
399,19,18,3,536,524,17,975,975.0
400,19,24,6,402,267,13,731,731.0
401,19,28,3,417,232,13,759,759.0
402,19,13,7,1368,612,42,2488,2488.0
403,19,22,2,1100,217,34,2000,2000.0
404,19,10,9,892,676,28,1622,1622.0
405,19,16,1,521,407,16,948,948.0
406,19,21,6,1249,637,38,2271,2271.0
407,19,23,4,1264,521,39,2299,2299.0
408,19,4,4,402,691,13,731,731.0
409,19,3,6,417,586,13,759,759.0
410,19,25,8,759,644,23,1380,1380.0
411,19,1,7,1383,449,42,2515,2515.0
412,19,20,3,1115,273,34,2028,2028.0
413,19,15,2,1323,463,41,2406,2406.0
414,19,7,5,1100,188,34,2000,2000.0
415,19,5,9,476,427,15,866,866.0
416,20,7,8,432,172,14,786,786.0
417,20,16,4,729,258,23,1326,1326.0
418,20,14,8,744,340,23,1353,1353.0
419,20,24,5,937,154,29,1704,1704.0
420,20,1,9,610,182,19,1110,1110.0
421,20,9,9,1323,161,41,2406,2406.0
422,20,26,3,848,358,26,1542,1542.0
423,20,18,4,729,443,23,1326,1326.0
424,20,8,2,223,190,7,406,406.0
425,20,5,1,1472,564,45,2677,2677.0
426,20,10,5,1056,543,32,1920,1920.0
427,20,25,4,446,697,14,811,811.0
428,20,13,8,565,637,18,1028,1028.0
429,20,21,1,1368,330,42,2488,2488.0
430,20,2,4,1056,522,32,1920,1920.0
431,20,22,8,1338,588,41,2433,2433.0
432,20,29,9,1309,582,40,2380,2380.0
433,20,3,2,372,232,12,677,677.0
434,20,11,7,1100,410,34,2000,2000.0
435,20,19,7,1398,507,43,2542,2542.0
436,20,23,3,1115,616,34,2028,2028.0
437,20,4,4,1086,489,33,1975,1975.0
438,20,12,6,1279,167,39,2326,2326.0
439,20,30,1,164,205,5,299,299.0
440,20,15,7,194,542,6,353,353.0
441,20,17,3,610,488,19,1110,1110.0
442,20,27,9,1071,446,33,1948,1948.0
443,20,28,7,164,661,5,299,299.0
444,21,15,3,387,428,12,704,704.0
445,21,17,8,1472,187,45,2677,2677.0
446,21,22,1,298,284,10,542,542.0
447,21,28,9,1219,272,37,2217,2217.0
448,21,1,5,164,460,5,299,299.0
449,21,9,8,877,363,27,1595,1595.0
450,21,20,3,759,601,23,1380,1380.0
451,21,12,7,595,609,19,1082,1082.0
452,21,27,2,372,543,12,677,677.0
453,21,23,3,1457,571,45,2650,2650.0
454,21,19,7,1398,539,43,2542,2542.0
455,21,8,3,1204,169,37,2190,2190.0
456,21,29,1,550,586,17,1000,1000.0
457,21,24,3,1086,600,33,1975,1975.0
458,21,30,1,1398,468,43,2542,2542.0
459,21,25,1,982,257,30,1786,1786.0
460,21,3,1,1383,419,42,2515,2515.0
461,21,7,6,1086,698,33,1975,1975.0
462,21,26,1,744,652,23,1353,1353.0
463,21,5,1,253,281,8,460,460.0
464,21,6,3,1264,597,39,2299,2299.0
465,21,11,9,640,732,20,1164,1164.0
466,21,4,6,550,436,17,1000,1000.0
467,21,13,5,1086,199,33,1975,1975.0
468,21,14,8,1115,324,34,2028,2028.0
469,22,3,8,744,570,23,1353,1353.0
470,22,17,7,402,500,13,731,731.0
471,22,20,7,149,196,5,271,271.0
472,22,29,8,521,164,16,948,948.0
473,22,21,4,773,680,24,1406,1406.0
474,22,12,4,996,294,31,1811,1811.0
475,22,14,3,536,582,17,975,975.0
476,22,4,9,1264,415,39,2299,2299.0
477,22,30,4,655,163,20,1191,1191.0
478,22,2,9,818,740,25,1488,1488.0
479,22,16,3,729,291,23,1326,1326.0
480,22,6,1,1145,710,35,2082,2082.0
481,22,8,4,877,385,27,1595,1595.0
482,22,15,2,506,723,16,920,920.0
483,22,23,7,744,737,23,1353,1353.0
484,22,24,1,1353,705,41,2460,2460.0
485,22,25,5,669,355,21,1217,1217.0
486,22,10,6,655,460,20,1191,1191.0
487,22,9,3,892,685,28,1622,1622.0
488,22,13,9,625,588,19,1137,1137.0
489,22,19,4,1160,695,36,2110,2110.0
490,22,5,4,669,428,21,1217,1217.0
491,22,18,4,625,516,19,1137,1137.0
492,22,1,9,818,694,25,1488,1488.0
493,23,19,1,759,209,23,1380,1380.0
494,23,20,7,610,522,19,1110,1110.0
495,23,16,1,1175,305,36,2137,2137.0
496,23,26,1,684,352,21,1244,1244.0
497,23,28,9,1472,316,45,2677,2677.0
498,23,8,7,283,167,9,515,515.0
499,23,21,9,655,738,20,1191,1191.0
500,23,22,3,1249,673,38,2271,2271.0
501,23,17,2,937,685,29,1704,1704.0
502,23,1,5,342,623,11,622,622.0
503,23,25,2,521,193,16,948,948.0
504,23,14,3,1145,486,35,2082,2082.0
505,23,3,2,1026,689,32,1866,1866.0
506,23,30,8,342,741,11,622,622.0
507,23,15,7,1427,477,44,2595,2595.0
508,23,27,6,268,650,9,488,488.0
509,23,5,7,892,561,28,1622,1622.0
510,23,9,2,328,492,10,597,597.0
511,23,12,3,907,688,28,1650,1650.0
512,23,6,6,669,294,21,1217,1217.0
513,23,29,6,1249,641,38,2271,2271.0
514,23,10,3,149,713,5,271,271.0
515,23,11,2,625,454,19,1137,1137.0
516,24,20,1,1398,309,43,2542,2542.0
517,24,2,4,1086,556,33,1975,1975.0
518,24,15,1,1323,166,41,2406,2406.0
519,24,12,4,1413,531,43,2570,2570.0
520,24,11,1,1234,300,38,2244,2244.0
521,24,5,4,892,670,28,1622,1622.0
522,24,21,9,699,156,22,1271,1271.0
523,24,29,6,253,521,8,460,460.0
524,24,4,1,655,205,20,1191,1191.0
525,24,25,9,803,467,25,1460,1460.0
526,24,18,4,892,316,28,1622,1622.0
527,24,9,1,194,530,6,353,353.0
528,24,1,1,1145,571,35,2082,2082.0
529,24,6,9,328,722,10,597,597.0
530,24,16,1,1294,506,40,2353,2353.0
531,24,26,7,788,618,24,1433,1433.0
532,24,28,6,1071,679,33,1948,1948.0
533,24,30,9,1086,537,33,1975,1975.0
534,24,8,1,476,382,15,866,866.0
535,24,23,9,1100,279,34,2000,2000.0
536,24,17,4,446,689,14,811,811.0
537,25,14,2,1383,351,42,2515,2515.0
538,25,7,3,982,150,30,1786,1786.0
539,25,3,9,1442,498,44,2622,2622.0
540,25,13,8,461,176,14,839,839.0
541,25,2,1,179,613,6,326,326.0
542,25,17,1,1383,324,42,2515,2515.0
543,25,9,5,744,592,23,1353,1353.0
544,25,12,9,1398,542,43,2542,2542.0
545,25,21,3,759,667,23,1380,1380.0
546,25,30,9,1100,297,34,2000,2000.0
547,25,1,1,907,439,28,1650,1650.0
548,25,26,2,1368,378,42,2488,2488.0
549,25,23,3,1130,166,35,2055,2055.0
550,25,6,8,684,367,21,1244,1244.0
551,25,15,5,699,509,22,1271,1271.0
552,25,28,4,1026,697,32,1866,1866.0
553,25,20,4,1264,738,39,2299,2299.0
554,25,8,4,1086,637,33,1975,1975.0
555,25,4,5,1204,425,37,2190,2190.0
556,25,22,3,759,510,23,1380,1380.0
557,25,18,7,1442,406,44,2622,2622.0
558,25,5,4,1160,455,36,2110,2110.0
559,25,29,7,892,324,28,1622,1622.0
560,25,16,4,357,719,11,650,650.0
561,25,19,2,803,248,25,1460,1460.0
562,26,15,9,1413,662,43,2570,2570.0
563,26,10,2,417,269,13,759,759.0
564,26,18,9,1056,352,32,1920,1920.0
565,26,11,8,610,318,19,1110,1110.0
566,26,1,5,848,331,26,1542,1542.0
567,26,17,6,967,686,30,1759,1759.0
568,26,30,1,149,302,5,271,271.0
569,26,9,3,1219,184,37,2217,2217.0
570,26,7,4,863,720,27,1570,1570.0
571,26,28,3,684,354,21,1244,1244.0
572,26,29,6,342,272,11,622,622.0
573,26,14,9,1219,494,37,2217,2217.0
574,26,24,7,238,263,8,433,433.0
575,26,8,7,922,363,28,1677,1677.0
576,26,16,1,1204,533,37,2190,2190.0
577,26,5,8,506,234,16,920,920.0
578,26,19,5,1190,437,37,2164,2164.0
579,26,12,2,937,442,29,1704,1704.0
580,26,27,2,253,173,8,460,460.0
581,26,21,7,952,245,29,1731,1731.0
582,26,4,7,565,321,18,1028,1028.0
583,27,1,8,417,659,13,759,759.0
584,27,22,8,194,658,6,353,353.0
585,27,7,6,1472,200,45,2677,2677.0
586,27,8,6,550,446,17,1000,1000.0
587,27,10,1,907,381,28,1650,1650.0
588,27,2,9,1338,378,41,2433,2433.0
589,27,17,4,1249,291,38,2271,2271.0
590,27,20,2,372,232,12,677,677.0
591,27,14,7,342,582,11,622,622.0
592,27,11,6,298,439,10,542,542.0
593,27,28,2,238,479,8,433,433.0
594,27,30,2,238,731,8,433,433.0
595,27,3,3,1279,615,39,2326,2326.0
596,27,26,9,387,436,12,704,704.0
597,27,15,2,922,424,28,1677,1677.0
598,27,18,1,1249,258,38,2271,2271.0
599,27,9,8,179,492,6,326,326.0
600,27,5,8,937,288,29,1704,1704.0
601,27,23,9,1115,694,34,2028,2028.0
602,27,25,8,788,334,24,1433,1433.0
603,27,13,4,714,558,22,1299,1299.0
604,27,4,4,313,674,10,570,570.0
605,27,16,3,818,170,25,1488,1488.0
606,27,24,7,863,305,27,1570,1570.0
607,27,6,9,1011,267,31,1839,1839.0
608,27,29,4,714,492,22,1299,1299.0
609,27,21,3,1011,209,31,1839,1839.0
610,27,12,7,1457,360,45,2650,2650.0
611,27,19,1,521,640,16,948,948.0
612,28,21,3,744,343,23,1353,1353.0
613,28,1,3,1413,731,43,2570,2570.0
614,28,29,2,328,500,10,597,597.0
615,28,17,6,179,372,6,326,326.0
616,28,5,5,536,387,17,975,975.0
617,28,4,7,1309,491,40,2380,2380.0
618,28,14,4,1338,597,41,2433,2433.0
619,28,11,1,1115,442,34,2028,2028.0
620,28,3,6,194,308,6,353,353.0
621,28,12,9,1115,279,34,2028,2028.0
622,28,7,5,491,232,15,893,893.0
623,28,10,9,357,533,11,650,650.0
624,28,24,4,283,410,9,515,515.0
625,28,15,1,907,710,28,1650,1650.0
626,28,20,3,536,309,17,975,975.0
627,28,16,3,1279,410,39,2326,2326.0
628,28,9,5,982,275,30,1786,1786.0
629,28,27,6,1115,622,34,2028,2028.0
630,29,25,9,1234,395,38,2244,2244.0
631,29,13,3,1338,275,41,2433,2433.0
632,29,22,9,729,518,23,1326,1326.0
633,29,17,8,937,504,29,1704,1704.0
634,29,7,6,1353,355,41,2460,2460.0
635,29,24,9,342,539,11,622,622.0
636,29,6,9,491,300,15,893,893.0
637,29,12,5,877,223,27,1595,1595.0
638,29,3,6,1353,658,41,2460,2460.0
639,29,15,4,1353,355,41,2460,2460.0
640,29,1,4,565,543,18,1028,1028.0
641,29,30,7,253,738,8,460,460.0
642,29,14,8,194,315,6,353,353.0
643,29,11,1,550,269,17,1000,1000.0
644,29,26,8,1368,364,42,2488,2488.0
645,29,28,1,967,668,30,1759,1759.0
646,29,4,4,655,673,20,1191,1191.0
647,29,5,8,982,728,30,1786,1786.0
648,29,21,5,625,539,19,1137,1137.0
649,29,27,9,1472,725,45,2677,2677.0
650,29,10,1,1264,515,39,2299,2299.0
651,29,16,3,744,299,23,1353,1353.0
652,29,8,6,387,680,12,704,704.0
653,29,19,8,1368,442,42,2488,2488.0
654,29,23,2,1398,439,43,2542,2542.0
655,30,1,9,1398,589,43,2542,2542.0
656,30,17,8,461,743,14,839,839.0
657,30,8,5,1011,626,31,1839,1839.0
658,30,20,7,892,698,28,1622,1622.0
659,30,2,3,387,597,12,704,704.0
660,30,15,1,1056,634,32,1920,1920.0
661,30,22,2,432,187,14,786,786.0
662,30,14,4,1086,443,33,1975,1975.0
663,30,10,4,788,156,24,1433,1433.0
664,30,12,1,729,389,23,1326,1326.0
665,30,26,5,268,379,9,488,488.0
666,30,25,6,1071,607,33,1948,1948.0
667,30,18,7,1442,205,44,2622,2622.0
668,30,28,6,580,734,18,1055,1055.0
669,30,4,4,342,333,11,622,622.0
670,30,9,6,402,711,13,731,731.0
671,30,19,7,1160,309,36,2110,2110.0
672,30,13,3,1338,333,41,2433,2433.0
673,30,29,6,1413,734,43,2570,2570.0
674,30,21,2,1427,637,44,2595,2595.0
675,30,3,1,892,509,28,1622,1622.0
676,30,24,5,1190,397,37,2164,2164.0
677,30,23,8,714,646,22,1299,1299.0
678,30,27,9,714,550,22,1299,1299.0
COMMODITIES,400
0,18,3,52,20,43,1174,2635.0
1,15,23,28,12,26,679,1594.0
2,9,2,40,20,40,1175,2420.0
3,5,30,40,20,41,1160,2465.0
4,9,4,51,16,34,905,2083.0
5,29,18,74,21,59,1230,3584.0
6,2,14,67,19,43,1113,2624.0
7,19,17,21,17,38,961,2319.0
8,6,20,41,17,38,1006,2286.0
9,18,10,36,20,42,1142,2534.0
10,19,21,50,18,43,1032,2621.0
11,22,9,66,18,43,1060,2597.0
12,21,7,61,10,38,582,2323.0
13,9,21,32,17,25,1004,1533.0
14,27,25,52,19,47,1138,2857.0
15,13,29,42,21,46,1223,2789.0
16,15,6,16,18,32,1045,1978.0
17,2,22,61,22,42,1285,2526.0
18,3,8,33,14,34,811,2069.0
19,14,9,56,15,31,871,1901.0
20,6,10,18,21,39,1250,2340.0
21,6,22,45,19,37,1130,2221.0
22,30,20,74,22,43,1316,2595.0
23,17,7,72,19,38,1095,2287.0
24,25,21,58,17,42,987,2578.0
25,30,24,56,20,38,1151,2322.0
26,19,30,18,21,43,1215,2607.0
27,10,22,18,22,36,1281,2172.0
28,24,17,57,22,41,1301,2460.0
29,16,20,50,20,49,1174,2995.0
30,8,17,57,22,40,1296,2442.0
31,22,30,71,19,34,1099,2040.0
32,9,13,57,18,30,1042,1850.0
33,14,21,61,17,39,991,2366.0
34,17,20,37,19,35,1103,2129.0
35,9,16,58,14,29,836,1762.0
36,12,1,19,15,34,867,2090.0
37,27,28,58,21,31,1213,1903.0
38,29,25,41,19,47,1088,2868.0
39,6,23,47,18,39,1050,2397.0
40,1,13,66,17,42,973,2541.0
41,8,25,15,19,46,1108,2805.0
42,17,23,51,15,36,841,2172.0
43,5,27,41,13,39,730,2346.0
44,27,5,44,16,33,950,1983.0
45,5,29,45,21,48,1231,2922.0
46,13,23,53,14,27,832,1664.0
47,7,17,31,19,32,1099,1977.0
48,23,12,61,18,51,1053,3076.0
49,7,2,25,19,36,1095,2163.0
50,26,17,26,10,30,567,1857.0
51,20,13,36,22,42,1302,2554.0
52,16,7,45,22,39,1266,2385.0
53,28,7,74,21,41,1217,2464.0
54,1,4,30,15,47,896,2852.0
55,5,28,51,19,38,1083,2296.0
56,21,1,28,20,28,1147,1729.0
57,9,6,59,19,35,1127,2102.0
58,25,13,56,18,37,1071,2246.0
59,29,19,16,20,56,1179,3377.0
60,5,23,53,17,33,980,1984.0
61,6,17,31,15,41,891,2499.0
62,25,4,21,20,53,1184,3184.0
63,26,20,56,18,41,1071,2514.0
64,19,27,48,14,42,797,2561.0
65,27,24,43,19,39,1096,2362.0
66,28,13,40,16,42,913,2565.0
67,18,29,51,15,35,895,2113.0
68,3,23,74,14,27,783,1679.0
69,19,23,17,17,44,1014,2695.0
70,15,9,41,20,38,1154,2298.0
71,18,7,71,15,39,898,2351.0
72,24,8,29,17,36,1003,2195.0
73,14,4,27,18,49,1047,2984.0
74,15,14,18,19,38,1113,2284.0
75,10,25,68,15,45,872,2732.0
76,5,17,72,20,46,1171,2762.0
77,18,17,41,19,42,1125,2546.0
78,17,21,45,23,40,1331,2457.0
79,18,6,28,22,46,1261,2773.0
80,20,9,62,16,37,941,2235.0
81,2,28,62,24,42,1417,2548.0
82,12,2,54,16,38,938,2335.0
83,19,15,15,25,54,1489,3251.0
84,28,9,59,19,37,1085,2227.0
85,27,16,44,25,44,1455,2682.0
86,3,30,74,20,31,1150,1891.0
87,28,1,35,18,41,1041,2498.0
88,30,8,66,21,40,1215,2414.0
89,27,3,27,20,35,1167,2154.0
90,25,5,49,14,39,823,2393.0
91,4,1,71,13,42,773,2523.0
92,22,15,62,18,32,1055,1970.0
93,17,16,24,17,30,978,1816.0
94,26,16,62,14,35,835,2153.0
95,20,1,40,24,43,1392,2624.0
96,6,16,55,17,39,1018,2341.0
97,19,9,38,15,36,852,2206.0
98,30,19,16,15,43,877,2610.0
99,4,11,21,17,42,1016,2572.0
100,2,11,53,19,40,1130,2417.0
101,4,8,26,17,45,963,2708.0
102,26,25,15,16,50,906,3044.0
103,16,21,31,20,39,1188,2381.0
104,7,23,20,17,40,988,2415.0
105,29,7,15,19,38,1098,2282.0
106,29,10,19,20,46,1162,2784.0
107,16,9,63,12,34,675,2079.0
108,26,7,15,19,43,1094,2586.0
109,25,8,69,18,32,1032,1951.0
110,23,10,63,20,27,1187,1644.0
111,2,27,27,15,34,843,2055.0
112,26,23,39,16,44,948,2672.0
113,13,18,59,16,50,927,3032.0
114,2,24,61,18,35,1061,2148.0
115,9,30,52,13,29,751,1780.0
116,21,25,41,18,48,1022,2901.0
117,22,2,46,16,42,958,2552.0
118,28,19,27,18,50,1036,3043.0
119,16,2,63,20,32,1179,1960.0
120,12,22,63,21,45,1227,2706.0
121,30,25,74,22,56,1298,3401.0
122,16,24,41,21,36,1231,2214.0
123,14,28,40,16,37,911,2275.0
124,9,27,67,18,27,1028,1668.0
125,13,7,25,22,44,1273,2647.0
126,15,27,61,22,46,1312,2794.0
127,16,13,18,23,55,1362,3301.0
128,8,23,65,18,38,1043,2310.0
129,25,11,52,16,42,960,2547.0
130,15,19,50,21,35,1223,2139.0
131,14,24,32,21,50,1255,3038.0
132,2,23,57,19,31,1137,1873.0
133,15,13,36,16,31,916,1871.0
134,29,22,58,17,42,977,2530.0
135,12,3,62,20,35,1173,2130.0
136,14,20,58,14,36,807,2161.0
137,24,10,62,19,34,1084,2055.0
138,29,23,36,21,53,1252,3210.0
139,26,8,70,17,42,1019,2558.0
140,17,1,17,19,43,1110,2591.0
141,21,18,68,21,53,1238,3226.0
142,24,11,19,19,44,1121,2656.0
143,30,22,55,23,40,1364,2411.0
144,16,28,22,11,26,633,1605.0
145,26,10,71,17,35,1013,2126.0
146,17,4,57,23,45,1354,2702.0
147,28,16,29,21,41,1257,2466.0
148,30,5,59,19,41,1085,2491.0
149,7,16,62,17,40,991,2417.0
150,7,1,74,17,26,968,1616.0
151,4,13,43,19,50,1136,3003.0
152,30,17,29,15,32,877,1970.0
153,29,6,57,23,41,1357,2494.0
154,22,17,40,19,35,1084,2107.0
155,3,24,29,13,40,772,2447.0
156,13,20,57,20,46,1184,2791.0
157,14,23,61,22,56,1267,3365.0
158,19,6,52,13,34,765,2085.0
159,14,25,68,17,38,1000,2339.0
160,7,13,29,18,46,1033,2799.0
161,19,18,41,15,35,854,2126.0
162,17,5,23,17,29,990,1747.0
163,21,15,18,23,37,1363,2263.0
164,24,3,68,17,37,994,2233.0
165,22,28,23,23,36,1363,2191.0
166,19,16,43,18,37,1029,2227.0
167,26,19,20,17,43,978,2612.0
168,11,21,49,19,39,1124,2396.0
169,13,11,56,16,45,958,2742.0
170,13,24,66,18,45,1069,2703.0
171,24,5,20,16,32,920,1957.0
172,16,15,17,16,38,937,2316.0
173,25,19,52,20,42,1165,2520.0
174,30,11,58,11,39,612,2364.0
175,5,20,70,17,32,975,1963.0
176,20,16,34,15,34,891,2096.0
177,4,29,72,15,32,841,1961.0
178,11,5,33,17,38,1004,2318.0
179,23,30,72,20,34,1182,2070.0
180,25,22,42,15,39,863,2385.0
181,30,6,21,16,38,922,2310.0
182,8,14,19,17,44,988,2651.0
183,2,4,29,21,47,1247,2863.0
184,9,5,53,20,31,1178,1904.0
185,18,20,42,20,34,1197,2043.0
186,23,6,54,17,41,974,2474.0
187,25,2,55,21,30,1208,1820.0
188,5,19,43,18,45,1042,2748.0
189,6,7,17,20,45,1180,2728.0
190,9,14,56,22,40,1300,2432.0
191,4,20,45,17,44,964,2647.0
192,28,27,19,16,39,927,2371.0
193,14,7,38,12,38,713,2326.0
194,20,12,44,16,42,942,2579.0
195,16,23,31,16,36,938,2185.0
196,8,20,32,23,37,1324,2254.0
197,15,18,50,17,44,1008,2684.0
198,9,3,68,19,32,1081,1937.0
199,9,7,44,17,34,963,2065.0
200,9,15,18,20,28,1190,1701.0
201,1,10,73,23,44,1347,2671.0
202,10,27,27,22,40,1279,2405.0
203,2,3,22,19,35,1117,2119.0
204,27,7,31,15,38,888,2310.0
205,25,1,24,14,39,788,2359.0
206,25,27,45,17,41,972,2504.0
207,26,5,68,13,33,764,2007.0
208,12,10,65,17,38,1019,2290.0
209,24,18,51,19,49,1115,2999.0
210,11,4,65,20,40,1180,2425.0
211,7,24,70,18,34,1062,2090.0
212,15,24,60,20,41,1198,2466.0
213,1,6,28,18,47,1078,2825.0
214,19,28,27,20,35,1189,2124.0
215,3,11,15,18,49,1065,2967.0
216,5,1,20,20,41,1147,2485.0
217,19,26,58,18,39,1049,2372.0
218,25,16,61,19,32,1090,1971.0
219,9,22,49,16,31,951,1888.0
220,2,13,54,16,41,922,2492.0
221,4,7,39,18,47,1052,2820.0
222,6,15,30,17,29,999,1775.0
223,27,29,45,14,32,808,1958.0
224,25,7,73,23,41,1338,2471.0
225,7,5,21,16,28,931,1693.0
226,15,4,50,16,41,959,2511.0
227,3,16,41,17,39,1018,2367.0
228,5,9,58,22,44,1295,2692.0
229,7,4,33,19,37,1109,2241.0
230,15,8,62,18,38,1065,2309.0
231,20,22,68,19,33,1103,1996.0
232,22,3,26,21,39,1210,2363.0
233,10,8,21,17,39,992,2378.0
234,14,6,39,25,54,1459,3243.0
235,4,9,41,17,39,1016,2371.0
236,4,27,36,23,39,1378,2353.0
237,22,14,42,16,37,936,2238.0
238,10,6,69,17,39,965,2391.0
239,5,6,59,19,27,1082,1674.0
240,3,21,41,19,40,1092,2406.0
241,9,23,34,14,35,805,2120.0
242,6,2,36,18,48,1063,2934.0
243,8,15,44,13,26,730,1577.0
244,5,8,59,15,34,866,2067.0
245,23,13,61,17,39,997,2343.0
246,10,15,63,16,25,921,1541.0
247,16,18,17,19,55,1135,3306.0
248,19,12,70,18,48,1060,2931.0
249,24,23,57,17,43,1003,2604.0
250,21,6,27,15,31,885,1919.0
251,30,7,18,20,45,1162,2738.0
252,26,11,23,14,34,796,2047.0
253,21,23,44,22,46,1317,2801.0
254,28,3,58,15,26,899,1585.0
255,6,27,53,16,47,960,2823.0
256,10,16,45,16,23,937,1439.0
257,24,12,67,16,46,937,2792.0
258,9,10,52,15,25,850,1542.0
259,30,2,60,15,29,841,1772.0
260,29,26,74,18,37,1073,2233.0
261,25,23,19,23,40,1338,2425.0
262,4,6,48,11,34,639,2051.0
263,23,29,44,22,44,1262,2666.0
264,27,12,23,20,48,1187,2908.0
265,14,5,68,12,35,682,2136.0
266,1,5,40,22,45,1280,2755.0
267,12,21,66,23,49,1339,2940.0
268,24,27,48,20,34,1196,2096.0
269,12,9,56,18,41,1063,2503.0
270,27,6,46,18,39,1033,2351.0
271,8,28,65,20,33,1173,2018.0
272,29,2,37,20,44,1152,2645.0
273,1,21,43,21,41,1222,2515.0
274,18,4,61,20,47,1157,2837.0
275,9,17,62,21,34,1212,2079.0
276,27,17,74,15,31,892,1910.0
277,7,15,63,18,34,1031,2093.0
278,30,21,21,22,41,1275,2509.0
279,29,5,74,17,43,985,2599.0
280,25,10,56,21,43,1233,2589.0
281,12,17,24,14,29,834,1762.0
282,29,30,34,15,25,859,1537.0
283,15,26,50,18,45,1077,2738.0
284,20,7,21,17,32,1006,1947.0
285,5,26,32,21,46,1207,2796.0
286,26,29,59,20,33,1145,2005.0
287,30,4,65,15,28,867,1696.0
288,8,24,57,18,30,1033,1806.0
289,1,22,16,17,43,981,2625.0
290,10,30,74,14,36,791,2188.0
291,26,6,73,19,40,1083,2418.0
292,3,13,47,18,44,1033,2664.0
293,24,25,70,13,42,779,2523.0
294,15,7,22,22,38,1296,2311.0
295,10,9,64,16,30,930,1844.0
296,15,28,37,19,32,1097,1944.0
297,29,12,65,22,53,1317,3195.0
298,24,19,65,18,44,1031,2673.0
299,24,28,70,14,28,838,1718.0
300,16,8,64,24,42,1419,2562.0
301,5,3,46,16,37,936,2254.0
302,14,29,15,15,41,892,2497.0
303,22,29,52,16,36,942,2181.0
304,16,12,32,19,41,1122,2502.0
305,1,19,32,18,42,1077,2550.0
306,17,18,58,18,48,1040,2884.0
307,29,20,45,23,47,1332,2850.0
308,29,13,18,13,42,764,2521.0
309,20,4,65,16,35,934,2134.0
310,6,4,51,13,46,769,2811.0
311,25,15,66,19,39,1127,2363.0
312,23,15,19,19,35,1131,2112.0
313,19,7,25,14,45,782,2710.0
314,25,14,72,17,47,984,2843.0
315,22,27,33,21,50,1251,3039.0
316,21,27,53,14,28,838,1739.0
317,10,3,30,16,37,944,2243.0
318,10,1,36,18,35,1034,2133.0
319,9,29,54,16,27,920,1648.0
320,22,11,29,13,47,726,2857.0
321,3,12,17,16,44,925,2658.0
322,16,22,73,16,40,952,2434.0
323,30,28,22,12,33,704,1990.0
324,5,2,66,19,34,1085,2075.0
325,2,8,44,21,30,1248,1811.0
326,1,30,52,18,44,1076,2680.0
327,11,10,34,18,40,1040,2403.0
328,2,25,16,19,47,1123,2821.0
329,26,27,22,22,32,1274,1979.0
330,24,29,25,18,28,1046,1734.0
331,21,2,49,22,39,1293,2368.0
332,9,18,60,24,57,1390,3438.0
333,21,8,63,23,43,1327,2605.0
334,6,25,48,19,53,1100,3214.0
335,11,22,52,14,38,783,2315.0
336,6,8,28,18,46,1058,2763.0
337,12,7,41,19,44,1116,2672.0
338,28,14,48,20,40,1185,2403.0
339,8,27,60,19,43,1123,2605.0
340,6,9,21,17,44,984,2681.0
341,28,30,15,18,33,1057,1991.0
342,29,17,38,16,41,954,2503.0
343,4,5,45,22,41,1282,2478.0
344,16,25,70,19,44,1087,2678.0
345,25,24,71,20,42,1190,2548.0
346,25,29,23,22,45,1293,2744.0
347,6,26,66,18,43,1065,2634.0
348,25,20,47,17,41,1018,2475.0
349,18,24,44,19,44,1084,2679.0
350,26,22,67,19,35,1088,2113.0
351,16,10,15,17,42,988,2567.0
352,13,17,53,23,49,1360,2957.0
353,7,8,66,19,41,1092,2506.0
354,12,6,26,20,38,1146,2339.0
355,25,3,59,20,39,1171,2371.0
356,6,5,34,14,41,839,2483.0
357,28,11,15,17,46,987,2805.0
358,18,5,63,17,46,986,2801.0
359,6,28,25,22,43,1315,2601.0
360,19,1,41,22,51,1288,3101.0
361,2,12,36,20,32,1167,1972.0
362,13,26,24,18,37,1040,2275.0
363,30,16,70,15,41,858,2470.0
364,22,1,58,18,42,1026,2536.0
365,25,6,25,18,43,1067,2583.0
366,10,2,24,18,35,1069,2129.0
367,19,22,21,16,45,923,2737.0
368,27,1,45,15,32,883,1957.0
369,10,28,47,18,34,1022,2062.0
370,21,3,32,23,48,1338,2889.0
371,13,4,63,21,43,1229,2605.0
372,22,25,45,22,43,1309,2587.0
373,16,5,63,21,44,1244,2694.0
374,2,19,41,19,34,1095,2085.0
375,16,27,70,16,45,945,2701.0
376,27,30,34,19,31,1115,1860.0
377,16,1,51,26,50,1554,3025.0
378,28,21,51,16,38,925,2289.0
379,28,24,61,16,30,950,1836.0
380,21,10,60,15,34,875,2091.0
381,17,8,51,16,40,960,2415.0
382,25,26,68,19,39,1081,2356.0
383,19,5,60,18,35,1042,2156.0
384,12,29,69,14,24,788,1467.0
385,20,15,18,16,26,944,1595.0
386,29,14,73,19,27,1081,1662.0
387,16,30,52,20,43,1166,2592.0
388,24,16,19,18,38,1063,2301.0
389,27,11,46,21,33,1252,2013.0
390,19,8,18,19,45,1105,2752.0
391,11,30,31,20,38,1198,2288.0
392,27,23,28,18,44,1029,2664.0
393,4,30,55,16,29,916,1767.0
394,26,13,49,23,47,1332,2873.0
395,25,9,69,18,45,1047,2709.0
396,10,13,19,14,37,833,2244.0
397,29,3,57,16,38,910,2288.0
398,24,9,21,14,22,834,1344.0
399,25,30,25,21,45,1229,2742.0
horizon=59
