NODES,30
1,1,-,-
2,2,-,-
3,3,-,-
4,4,-,-
5,5,-,-
6,6,-,-
7,7,-,-
8,8,-,-
9,9,-,-
10,10,-,-
11,11,-,-
12,12,-,-
13,13,-,-
14,14,-,-
15,15,-,-
16,16,-,-
17,17,-,-
18,18,-,-
19,19,-,-
20,20,-,-
21,21,-,-
22,22,-,-
23,23,-,-
24,24,-,-
25,25,-,-
26,26,-,-
27,27,-,-
28,28,-,-
29,29,-,-
30,30,-,-
ARCS,678
0,1,9,2,485,523,15,882,882.0
1,1,6,4,111,454,4,202,202.0
2,1,13,9,479,536,15,871,871.0
3,1,19,4,508,527,16,924,924.0
4,1,7,3,245,497,8,446,446.0
5,1,4,9,333,282,11,606,606.0
6,1,23,8,181,432,6,330,330.0
7,1,5,9,549,355,17,999,999.0
8,1,2,2,315,523,10,573,573.0
9,1,20,7,572,461,18,1040,1040.0
10,1,16,2,397,381,13,722,722.0
11,1,11,9,531,465,17,966,966.0
12,1,12,4,380,544,12,691,691.0
13,1,21,4,140,222,5,255,255.0
14,1,26,8,88,290,3,160,160.0
15,1,18,2,555,509,17,1010,1010.0
16,1,15,2,205,317,7,373,373.0
17,1,3,6,455,377,14,828,828.0
18,1,28,5,525,354,16,955,955.0
19,1,24,4,356,528,11,648,648.0
20,1,25,8,234,245,8,426,426.0
21,1,29,2,228,498,7,415,415.0
22,2,14,6,170,289,6,310,310.0
23,2,5,1,578,187,18,1051,1051.0
24,2,25,3,88,196,3,160,160.0
25,2,6,6,199,194,7,362,362.0
26,2,18,1,455,295,14,828,828.0
27,2,4,3,432,404,14,786,786.0
28,2,21,3,152,259,5,277,277.0
29,2,24,9,210,449,7,382,382.0
30,2,27,9,310,295,10,564,564.0
31,2,15,2,199,312,7,362,362.0
32,2,29,1,333,164,11,606,606.0
33,2,28,7,228,293,7,415,415.0
34,2,11,5,65,520,2,119,119.0
35,2,1,9,257,328,8,468,468.0
36,2,13,2,135,328,5,246,246.0
37,2,19,4,123,528,4,224,224.0
38,2,8,1,333,534,11,606,606.0
39,2,3,2,560,549,17,1019,1019.0
40,2,9,3,333,176,11,606,606.0
41,2,17,2,59,221,2,108,108.0
42,2,7,2,531,223,17,966,966.0
43,2,22,8,135,485,5,246,246.0
44,2,12,5,356,126,11,648,648.0
45,2,23,7,444,300,14,808,808.0
46,2,26,8,76,401,3,139,139.0
47,3,27,3,292,255,9,531,531.0
48,3,4,2,350,486,11,637,637.0
49,3,29,4,520,333,16,946,946.0
50,3,8,4,175,204,6,319,319.0
51,3,5,4,245,430,8,446,446.0
52,3,9,6,572,354,18,1040,1040.0
53,3,1,9,263,521,8,479,479.0
54,3,10,6,234,326,8,426,426.0
55,3,2,1,140,560,5,255,255.0
56,3,24,1,420,541,13,764,764.0
57,3,7,4,65,498,2,119,119.0
58,3,6,8,257,324,8,468,468.0
59,3,14,5,65,396,2,119,119.0
60,3,23,6,385,514,12,700,700.0
61,3,19,2,94,144,3,171,171.0
62,3,11,2,496,180,16,902,902.0
63,3,16,4,467,308,15,850,850.0
64,3,15,7,257,479,8,468,468.0
65,3,26,1,152,208,5,277,277.0
66,3,18,2,129,528,4,235,235.0
67,3,17,3,257,220,8,468,468.0
68,3,20,2,444,571,14,808,808.0
69,4,19,4,286,302,9,520,520.0
70,4,9,4,181,255,6,330,330.0
71,4,2,5,572,134,18,1040,1040.0
72,4,23,3,275,188,9,500,500.0
73,4,15,5,409,502,13,744,744.0
74,4,17,4,216,268,7,393,393.0
75,4,22,6,520,510,16,946,946.0
76,4,14,1,350,390,11,637,637.0
77,4,11,2,140,247,5,255,255.0
78,4,13,7,531,134,17,966,966.0
79,4,6,1,170,355,6,310,310.0
80,4,5,1,310,574,10,564,564.0
81,4,10,2,170,376,6,310,310.0
82,4,18,6,345,269,11,628,628.0
83,4,20,2,403,178,13,733,733.0
84,4,27,8,269,160,9,490,490.0
85,5,3,1,502,447,16,913,913.0
86,5,10,3,467,174,15,850,850.0
87,5,15,8,327,524,10,595,595.0
88,5,26,2,403,512,13,733,733.0
89,5,14,2,70,442,3,128,128.0
90,5,24,1,525,356,16,955,955.0
91,5,25,3,280,235,9,510,510.0
92,5,21,3,59,174,2,108,108.0
93,5,16,8,82,127,3,150,150.0
94,5,8,7,531,535,17,966,966.0
95,5,4,7,280,378,9,510,510.0
96,5,9,6,286,388,9,520,520.0
97,5,7,3,105,406,4,191,191.0
98,5,27,5,65,144,2,119,119.0
99,5,1,6,315,477,10,573,573.0
100,5,12,8,473,289,15,860,860.0
101,5,6,2,304,443,10,553,553.0
102,5,2,5,485,413,15,882,882.0
103,5,19,2,251,264,8,457,457.0
104,5,22,9,310,360,10,564,564.0
105,5,13,2,514,433,16,935,935.0
106,5,17,1,146,554,5,266,266.0
107,5,20,2,240,272,8,437,437.0
108,5,29,5,65,152,2,119,119.0
109,5,11,2,199,338,7,362,362.0
110,5,30,8,123,426,4,224,224.0
111,5,28,5,187,357,6,340,340.0
112,6,23,4,409,226,13,744,744.0
113,6,11,7,327,277,10,595,595.0
114,6,16,7,205,215,7,373,373.0
115,6,17,5,385,192,12,700,700.0
116,6,12,9,450,247,14,819,819.0
117,6,9,6,263,473,8,479,479.0
118,6,19,1,333,230,11,606,606.0
119,6,20,4,310,166,10,564,564.0
120,6,15,7,385,222,12,700,700.0
121,6,3,6,210,572,7,382,382.0
122,6,7,2,520,151,16,946,946.0
123,6,14,9,432,559,14,786,786.0
124,6,10,2,397,471,13,722,722.0
125,6,8,3,105,556,4,191,191.0
126,6,30,4,485,505,15,882,882.0
127,6,29,9,560,366,17,1019,1019.0
128,6,24,7,368,176,12,670,670.0
129,6,28,9,555,255,17,1010,1010.0
130,6,21,5,228,170,7,415,415.0
131,6,18,7,94,245,3,171,171.0
132,6,5,8,514,455,16,935,935.0
133,6,22,8,210,189,7,382,382.0
134,6,25,9,455,446,14,828,828.0
135,6,2,3,187,351,6,340,340.0
136,6,26,7,240,208,8,437,437.0
137,6,27,3,88,319,3,160,160.0
138,7,14,3,257,277,8,468,468.0
139,7,24,2,82,173,3,150,150.0
140,7,6,8,263,381,8,479,479.0
141,7,8,4,438,516,14,797,797.0
142,7,4,5,298,324,10,542,542.0
143,7,17,1,420,135,13,764,764.0
144,7,18,8,467,118,15,850,850.0
145,7,5,2,94,181,3,171,171.0
146,7,10,2,175,119,6,319,319.0
147,7,3,5,170,458,6,310,310.0
148,7,28,9,251,259,8,457,457.0
149,7,22,1,514,342,16,935,935.0
150,7,20,3,88,575,3,160,160.0
151,7,27,8,356,144,11,648,648.0
152,7,15,2,490,542,15,891,891.0
153,7,26,2,520,203,16,946,946.0
154,7,16,5,555,136,17,1010,1010.0
155,7,30,4,350,141,11,637,637.0
156,8,10,2,415,480,13,755,755.0
157,8,28,7,263,291,8,479,479.0
158,8,6,4,228,236,7,415,415.0
159,8,20,4,164,440,5,299,299.0
160,8,3,8,397,349,13,722,722.0
161,8,29,6,315,574,10,573,573.0
162,8,1,7,210,417,7,382,382.0
163,8,12,2,123,517,4,224,224.0
164,8,2,6,234,486,8,426,426.0
165,8,30,4,321,545,10,584,584.0
166,8,4,1,461,435,14,839,839.0
167,8,14,8,485,546,15,882,882.0
168,8,23,1,537,425,17,977,977.0
169,8,25,2,572,500,18,1040,1040.0
170,8,5,1,251,466,8,457,457.0
171,8,18,3,345,480,11,628,628.0
172,8,16,1,135,250,5,246,246.0
173,8,21,7,310,211,10,564,564.0
174,9,25,6,216,484,7,393,393.0
175,9,30,9,479,368,15,871,871.0
176,9,20,7,105,231,4,191,191.0
177,9,11,4,117,403,4,213,213.0
178,9,4,9,263,232,8,479,479.0
179,9,27,2,362,440,11,659,659.0
180,9,14,5,175,529,6,319,319.0
181,9,28,5,473,548,15,860,860.0
182,9,6,8,251,265,8,457,457.0
183,9,5,7,467,213,15,850,850.0
184,9,24,7,525,306,16,955,955.0
185,9,23,8,152,238,5,277,277.0
186,9,17,9,467,291,15,850,850.0
187,9,2,4,251,129,8,457,457.0
188,9,8,9,514,510,16,935,935.0
189,9,22,6,170,556,6,310,310.0
190,9,18,7,362,164,11,659,659.0
191,9,29,3,426,361,13,775,775.0
192,9,26,2,385,537,12,700,700.0
193,9,13,7,362,174,11,659,659.0
194,10,15,1,403,568,13,733,733.0
195,10,7,1,292,289,9,531,531.0
196,10,28,4,164,167,5,299,299.0
197,10,2,6,479,217,15,871,871.0
198,10,9,5,566,300,18,1030,1030.0
199,10,17,5,578,184,18,1051,1051.0
200,10,19,9,350,486,11,637,637.0
201,10,21,7,275,233,9,500,500.0
202,10,22,7,333,528,11,606,606.0
203,10,11,3,210,302,7,382,382.0
204,10,3,6,566,468,18,1030,1030.0
205,10,5,8,473,469,15,860,860.0
206,10,20,8,508,368,16,924,924.0
207,10,18,9,117,192,4,213,213.0
208,10,12,8,292,199,9,531,531.0
209,10,13,8,199,397,7,362,362.0
210,10,4,8,175,246,6,319,319.0
211,10,27,1,164,167,5,299,299.0
212,10,24,3,485,549,15,882,882.0
213,10,6,5,560,273,17,1019,1019.0
214,10,23,1,88,412,3,160,160.0
215,10,16,2,490,125,15,891,891.0
216,10,8,8,362,338,11,659,659.0
217,10,30,1,193,408,6,351,351.0
218,10,26,5,356,254,11,648,648.0
219,11,2,5,327,455,10,595,595.0
220,11,18,5,327,401,10,595,595.0
221,11,25,1,187,539,6,340,340.0
222,11,21,1,502,385,16,913,913.0
223,11,6,9,222,280,7,404,404.0
224,11,28,3,333,430,11,606,606.0
225,11,9,4,525,536,16,955,955.0
226,11,24,9,158,376,5,288,288.0
227,11,1,4,94,389,3,171,171.0
228,11,4,2,286,209,9,520,520.0
229,11,29,1,525,400,16,955,955.0
230,11,8,9,88,356,3,160,160.0
231,11,23,3,70,391,3,128,128.0
232,11,30,2,193,221,6,351,351.0
233,11,22,5,549,249,17,999,999.0
234,11,15,8,380,558,12,691,691.0
235,11,5,5,210,192,7,382,382.0
236,11,20,9,345,301,11,628,628.0
237,11,14,6,333,164,11,606,606.0
238,11,16,3,549,440,17,999,999.0
239,11,19,9,187,357,6,340,340.0
240,11,17,9,146,316,5,266,266.0
241,11,13,9,210,283,7,382,382.0
242,11,7,4,543,435,17,988,988.0
243,12,25,5,327,485,10,595,595.0
244,12,22,4,473,291,15,860,860.0
245,12,11,7,304,166,10,553,553.0
246,12,20,2,245,243,8,446,446.0
247,12,7,6,304,381,10,553,553.0
248,12,30,3,94,560,3,171,171.0
249,12,26,7,222,544,7,404,404.0
250,12,3,2,327,543,10,595,595.0
251,12,17,3,339,542,11,617,617.0
252,12,27,3,426,471,13,775,775.0
253,12,14,4,525,131,16,955,955.0
254,12,4,8,397,404,13,722,722.0
255,12,24,7,368,122,12,670,670.0
256,12,28,3,263,403,8,479,479.0
257,12,9,4,496,574,16,902,902.0
258,12,18,9,286,204,9,520,520.0
259,12,8,5,245,284,8,446,446.0
260,12,15,7,205,541,7,373,373.0
261,12,6,3,263,464,8,479,479.0
262,12,16,7,415,492,13,755,755.0
263,12,2,6,292,470,9,531,531.0
264,12,29,3,164,340,5,299,299.0
265,12,1,8,321,359,10,584,584.0
266,12,23,9,397,420,13,722,722.0
267,12,10,2,245,560,8,446,446.0
268,12,13,6,380,348,12,691,691.0
269,12,21,2,397,424,13,722,722.0
270,13,29,8,514,131,16,935,935.0
271,13,3,9,82,209,3,150,150.0
272,13,22,2,444,351,14,808,808.0
273,13,7,6,397,233,13,722,722.0
274,13,25,3,269,575,9,490,490.0
275,13,18,5,409,417,13,744,744.0
276,13,24,2,181,222,6,330,330.0
277,13,28,7,100,537,4,182,182.0
278,13,16,7,496,379,16,902,902.0
279,13,8,3,105,192,4,191,191.0
280,13,4,5,385,366,12,700,700.0
281,13,21,2,181,138,6,330,330.0
282,13,5,6,129,483,4,235,235.0
283,13,9,1,362,333,11,659,659.0
284,13,30,3,70,302,3,128,128.0
285,13,20,6,368,167,12,670,670.0
286,13,1,7,485,217,15,882,882.0
287,13,10,3,170,297,6,310,310.0
288,13,11,7,578,221,18,1051,1051.0
289,14,16,4,70,155,3,128,128.0
290,14,18,8,549,386,17,999,999.0
291,14,19,8,490,422,15,891,891.0
292,14,5,8,333,520,11,606,606.0
293,14,6,7,135,404,5,246,246.0
294,14,22,6,310,428,10,564,564.0
295,14,1,8,135,181,5,246,246.0
296,14,23,4,479,545,15,871,871.0
297,14,9,7,100,216,4,182,182.0
298,14,3,8,473,412,15,860,860.0
299,14,15,2,76,545,3,139,139.0
300,14,10,3,409,297,13,744,744.0
301,14,26,6,257,400,8,468,468.0
302,14,12,8,560,312,17,1019,1019.0
303,14,29,8,164,355,5,299,299.0
304,14,27,4,205,120,7,373,373.0
305,14,7,7,438,390,14,797,797.0
306,14,24,9,560,145,17,1019,1019.0
307,14,30,2,65,295,2,119,119.0
308,15,4,4,140,475,5,255,255.0
309,15,18,2,257,311,8,468,468.0
310,15,30,5,543,195,17,988,988.0
311,15,12,8,193,406,6,351,351.0
312,15,17,1,514,261,16,935,935.0
313,15,20,6,473,352,15,860,860.0
314,15,27,4,467,345,15,850,850.0
315,15,19,6,409,308,13,744,744.0
316,15,11,7,280,426,9,510,510.0
317,15,22,2,210,539,7,382,382.0
318,15,2,5,502,443,16,913,913.0
319,15,8,6,210,283,7,382,382.0
320,15,26,4,555,137,17,1010,1010.0
321,15,10,9,374,335,12,680,680.0
322,15,16,3,100,130,4,182,182.0
323,15,24,5,70,330,3,128,128.0
324,15,3,5,543,305,17,988,988.0
325,16,17,2,164,459,5,299,299.0
326,16,14,4,187,135,6,340,340.0
327,16,23,2,572,218,18,1040,1040.0
328,16,5,1,385,507,12,700,700.0
329,16,11,8,269,243,9,490,490.0
330,16,10,6,531,320,17,966,966.0
331,16,6,1,105,277,4,191,191.0
332,16,30,8,170,435,6,310,310.0
333,16,3,9,187,459,6,340,340.0
334,16,27,6,356,296,11,648,648.0
335,16,12,8,257,211,8,468,468.0
336,16,1,8,397,375,13,722,722.0
337,16,21,9,356,479,11,648,648.0
338,16,2,5,59,558,2,108,108.0
339,16,26,3,385,218,12,700,700.0
340,16,22,3,315,566,10,573,573.0
341,16,7,8,292,229,9,531,531.0
342,16,25,1,146,138,5,266,266.0
343,16,8,9,94,122,3,171,171.0
344,16,28,6,70,371,3,128,128.0
345,16,20,4,100,323,4,182,182.0
346,17,23,8,82,177,3,150,150.0
347,17,22,5,129,140,4,235,235.0
348,17,18,7,537,512,17,977,977.0
349,17,30,5,140,237,5,255,255.0
350,17,1,7,350,125,11,637,637.0
351,17,19,2,514,367,16,935,935.0
352,17,10,4,70,524,3,128,128.0
353,17,9,6,175,286,6,319,319.0
354,17,5,1,525,312,16,955,955.0
355,17,25,2,310,516,10,564,564.0
356,17,29,6,321,521,10,584,584.0
357,17,2,7,286,118,9,520,520.0
358,17,26,3,105,472,4,191,191.0
359,17,3,1,65,545,2,119,119.0
360,17,28,7,251,269,8,457,457.0
361,17,4,3,502,172,16,913,913.0
362,17,8,5,450,291,14,819,819.0
363,17,15,5,187,235,6,340,340.0
364,17,11,1,251,156,8,457,457.0
365,17,12,7,280,147,9,510,510.0
366,17,7,3,257,497,8,468,468.0
367,17,20,4,275,476,9,500,500.0
368,17,21,2,432,228,14,786,786.0
369,17,6,6,432,255,14,786,786.0
370,17,13,5,187,170,6,340,340.0
371,18,5,2,181,466,6,330,330.0
372,18,21,8,275,288,9,500,500.0
373,18,23,1,251,171,8,457,457.0
374,18,4,6,391,515,12,711,711.0
375,18,11,2,560,172,17,1019,1019.0
376,18,19,8,111,471,4,202,202.0
377,18,15,3,438,472,14,797,797.0
378,18,28,8,240,513,8,437,437.0
379,18,10,2,455,566,14,828,828.0
380,18,30,7,520,514,16,946,946.0
381,18,2,8,304,158,10,553,553.0
382,18,9,5,572,515,18,1040,1040.0
383,18,27,3,82,495,3,150,150.0
384,18,26,2,555,546,17,1010,1010.0
385,18,7,3,170,370,6,310,310.0
386,18,22,9,164,142,5,299,299.0
387,18,17,1,473,384,15,860,860.0
388,18,25,8,374,396,12,680,680.0
389,18,6,6,82,249,3,150,150.0
390,19,23,3,444,247,14,808,808.0
391,19,1,4,222,413,7,404,404.0
392,19,24,4,333,564,11,606,606.0
393,19,5,5,111,290,4,202,202.0
394,19,29,3,432,194,14,786,786.0
395,19,27,2,94,494,3,171,171.0
396,19,2,4,345,127,11,628,628.0
397,19,17,8,496,566,16,902,902.0
398,19,21,6,82,530,3,150,150.0
399,19,28,2,263,486,8,479,479.0
400,19,16,2,380,225,12,691,691.0
401,19,7,1,473,509,15,860,860.0
402,19,25,8,88,233,3,160,160.0
403,19,20,7,514,236,16,935,935.0
404,19,30,5,181,400,6,330,330.0
405,19,18,7,100,354,4,182,182.0
406,19,22,6,240,334,8,437,437.0
407,19,9,9,59,444,2,108,108.0
408,19,6,9,531,520,17,966,966.0
409,19,13,6,444,425,14,808,808.0
410,19,3,4,275,136,9,500,500.0
411,19,14,9,65,323,2,119,119.0
412,19,11,4,415,255,13,755,755.0
413,20,13,6,339,439,11,617,617.0
414,20,25,7,158,141,5,288,288.0
415,20,28,5,502,281,16,913,913.0
416,20,4,9,298,500,10,542,542.0
417,20,11,9,339,466,11,617,617.0
418,20,30,9,205,500,7,373,373.0
419,20,12,5,76,147,3,139,139.0
420,20,1,8,315,305,10,573,573.0
421,20,14,4,438,254,14,797,797.0
422,20,22,6,280,419,9,510,510.0
423,20,6,3,170,568,6,310,310.0
424,20,5,1,415,544,13,755,755.0
425,20,19,7,566,568,18,1030,1030.0
426,20,23,2,409,159,13,744,744.0
427,20,29,8,397,497,13,722,722.0
428,20,9,9,368,492,12,670,670.0
429,20,17,3,59,401,2,108,108.0
430,20,21,6,450,392,14,819,819.0
431,20,24,5,286,545,9,520,520.0
432,20,7,5,339,397,11,617,617.0
433,20,27,8,181,528,6,330,330.0
434,20,2,5,140,201,5,255,255.0
435,20,8,6,76,473,3,139,139.0
436,20,10,1,76,310,3,139,139.0
437,20,3,7,525,537,16,955,955.0
438,21,10,8,181,523,6,330,330.0
439,21,15,6,578,164,18,1051,1051.0
440,21,22,2,280,134,9,510,510.0
441,21,25,9,391,211,12,711,711.0
442,21,28,9,444,179,14,808,808.0
443,21,11,5,403,404,13,733,733.0
444,21,27,6,444,186,14,808,808.0
445,21,2,2,321,118,10,584,584.0
446,21,23,7,385,405,12,700,700.0
447,21,3,6,310,282,10,564,564.0
448,21,6,8,321,351,10,584,584.0
449,21,17,8,82,206,3,150,150.0
450,21,4,2,105,159,4,191,191.0
451,21,30,1,467,454,15,850,850.0
452,21,29,5,175,386,6,319,319.0
453,21,26,1,438,288,14,797,797.0
454,21,18,6,450,425,14,819,819.0
455,21,16,1,543,337,17,988,988.0
456,21,1,1,450,388,14,819,819.0
457,21,20,1,181,143,6,330,330.0
458,21,5,3,88,266,3,160,160.0
459,21,13,5,496,386,16,902,902.0
460,21,14,6,473,303,15,860,860.0
461,21,12,3,543,447,17,988,988.0
462,21,24,4,473,131,15,860,860.0
463,21,19,2,205,549,7,373,373.0
464,21,7,6,94,174,3,171,171.0
465,22,9,4,339,545,11,617,617.0
466,22,15,8,310,491,10,564,564.0
467,22,4,6,76,463,3,139,139.0
468,22,23,4,321,150,10,584,584.0
469,22,13,7,350,481,11,637,637.0
470,22,24,7,397,568,13,722,722.0
471,22,1,2,444,515,14,808,808.0
472,22,16,1,572,397,18,1040,1040.0
473,22,19,2,537,128,17,977,977.0
474,22,7,6,374,297,12,680,680.0
475,22,17,9,415,398,13,755,755.0
476,22,8,9,403,312,13,733,733.0
477,22,14,7,549,361,17,999,999.0
478,22,5,5,158,129,5,288,288.0
479,22,11,9,426,430,13,775,775.0
480,22,2,7,467,506,15,850,850.0
481,22,30,8,374,264,12,680,680.0
482,22,18,9,555,443,17,1010,1010.0
483,22,29,2,339,501,11,617,617.0
484,22,20,7,245,490,8,446,446.0
485,22,25,9,210,523,7,382,382.0
486,22,12,2,234,393,8,426,426.0
487,23,24,1,479,224,15,871,871.0
488,23,26,9,117,398,4,213,213.0
489,23,25,4,560,522,17,1019,1019.0
490,23,4,3,490,217,15,891,891.0
491,23,27,2,397,174,13,722,722.0
492,23,13,4,415,252,13,755,755.0
493,23,17,7,199,428,7,362,362.0
494,23,9,8,88,288,3,160,160.0
495,23,12,8,94,530,3,171,171.0
496,23,18,9,193,399,6,351,351.0
497,23,2,3,100,325,4,182,182.0
498,23,30,4,105,391,4,191,191.0
499,23,8,6,152,129,5,277,277.0
500,23,14,5,432,345,14,786,786.0
501,23,16,3,105,382,4,191,191.0
502,23,10,2,385,162,12,700,700.0
503,23,19,6,315,552,10,573,573.0
504,23,20,9,193,369,6,351,351.0
505,23,21,7,315,319,10,573,573.0
506,23,11,8,193,403,6,351,351.0
507,23,5,1,275,276,9,500,500.0
508,23,6,4,210,561,7,382,382.0
509,23,15,7,327,182,10,595,595.0
510,23,28,3,146,243,5,266,266.0
511,23,29,3,280,311,9,510,510.0
512,24,25,4,88,578,3,160,160.0
513,24,8,9,146,395,5,266,266.0
514,24,20,7,140,384,5,255,255.0
515,24,19,5,432,338,14,786,786.0
516,24,7,7,251,202,8,457,457.0
517,24,14,1,310,501,10,564,564.0
518,24,4,4,485,532,15,882,882.0
519,24,28,5,193,429,6,351,351.0
520,24,30,4,345,233,11,628,628.0
521,24,11,3,450,520,14,819,819.0
522,24,22,8,426,177,13,775,775.0
523,24,10,2,566,386,18,1030,1030.0
524,24,12,6,350,379,11,637,637.0
525,24,2,9,175,323,6,319,319.0
526,24,9,4,298,311,10,542,542.0
527,24,18,7,210,274,7,382,382.0
528,24,21,2,350,173,11,637,637.0
529,24,17,8,280,279,9,510,510.0
530,24,13,4,257,320,8,468,468.0
531,24,27,7,234,311,8,426,426.0
532,24,29,7,187,177,6,340,340.0
533,24,6,3,292,507,9,531,531.0
534,24,26,1,520,159,16,946,946.0
535,24,3,9,228,271,7,415,415.0
536,24,15,1,76,463,3,139,139.0
537,24,16,1,234,348,8,426,426.0
538,25,20,4,531,352,17,966,966.0
539,25,7,3,385,237,12,700,700.0
540,25,3,4,245,564,8,446,446.0
541,25,23,7,111,410,4,202,202.0
542,25,12,1,199,123,7,362,362.0
543,25,22,7,280,452,9,510,510.0
544,25,11,2,65,348,2,119,119.0
545,25,15,7,100,390,4,182,182.0
546,25,16,1,380,238,12,691,691.0
547,25,13,2,537,439,17,977,977.0
548,25,5,7,228,174,7,415,415.0
549,25,27,2,70,300,3,128,128.0
550,25,18,9,269,151,9,490,490.0
551,25,1,2,140,226,5,255,255.0
552,25,6,6,280,167,9,510,510.0
553,25,10,1,205,255,7,373,373.0
554,25,28,6,444,557,14,808,808.0
555,25,14,3,245,217,8,446,446.0
556,25,17,2,298,216,10,542,542.0
557,25,8,2,432,573,14,786,786.0
558,25,21,3,222,388,7,404,404.0
559,25,26,1,415,388,13,755,755.0
560,25,19,5,403,351,13,733,733.0
561,25,4,1,70,400,3,128,128.0
562,25,24,1,216,552,7,393,393.0
563,26,8,8,508,491,16,924,924.0
564,26,5,3,315,295,10,573,573.0
565,26,19,4,304,370,10,553,553.0
566,26,2,4,420,523,13,764,764.0
567,26,9,3,485,479,15,882,882.0
568,26,12,5,362,192,11,659,659.0
569,26,7,1,350,412,11,637,637.0
570,26,18,5,59,530,2,108,108.0
571,26,11,5,327,150,10,595,595.0
572,26,30,7,490,341,15,891,891.0
573,26,6,4,537,181,17,977,977.0
574,26,13,1,350,126,11,637,637.0
575,26,24,2,327,351,10,595,595.0
576,26,21,4,420,512,13,764,764.0
577,26,27,9,100,207,4,182,182.0
578,26,17,1,123,291,4,224,224.0
579,26,23,8,549,228,17,999,999.0
580,26,14,2,257,309,8,468,468.0
581,26,3,3,333,272,11,606,606.0
582,26,16,9,409,143,13,744,744.0
583,26,15,5,560,465,17,1019,1019.0
584,26,20,5,164,375,5,299,299.0
585,26,1,2,339,332,11,617,617.0
586,26,29,2,210,384,7,382,382.0
587,26,22,7,129,327,4,235,235.0
588,26,25,5,310,477,10,564,564.0
589,26,28,6,508,529,16,924,924.0
590,26,10,9,327,186,10,595,595.0
591,26,4,1,257,568,8,468,468.0
592,27,25,7,263,419,8,479,479.0
593,27,22,2,409,144,13,744,744.0
594,27,23,8,228,222,7,415,415.0
595,27,6,6,310,456,10,564,564.0
596,27,14,6,525,537,16,955,955.0
597,27,17,9,525,418,16,955,955.0
598,27,4,9,59,196,2,108,108.0
599,27,28,5,275,522,9,500,500.0
600,27,16,4,193,237,6,351,351.0
601,27,21,8,257,435,8,468,468.0
602,27,19,6,432,204,14,786,786.0
603,27,10,3,403,252,13,733,733.0
604,27,12,5,263,472,8,479,479.0
605,27,24,6,100,338,4,182,182.0
606,27,8,4,111,537,4,202,202.0
607,27,3,4,181,300,6,330,330.0
608,27,1,3,286,400,9,520,520.0
609,27,18,4,572,456,18,1040,1040.0
610,27,5,2,438,503,14,797,797.0
611,27,20,6,59,440,2,108,108.0
612,28,18,3,205,296,7,373,373.0
613,28,4,5,450,191,14,819,819.0
614,28,29,2,380,578,12,691,691.0
615,28,1,2,380,304,12,691,691.0
616,28,24,8,205,269,7,373,373.0
617,28,22,7,578,300,18,1051,1051.0
618,28,5,5,140,302,5,255,255.0
619,28,14,2,315,216,10,573,573.0
620,28,10,3,222,140,7,404,404.0
621,28,17,7,181,339,6,330,330.0
622,28,3,6,199,384,7,362,362.0
623,28,30,3,473,129,15,860,860.0
624,28,6,3,403,282,13,733,733.0
625,28,9,8,473,428,15,860,860.0
626,28,21,7,292,158,9,531,531.0
627,29,27,8,380,507,12,691,691.0
628,29,4,4,135,536,5,246,246.0
629,29,24,1,88,501,3,160,160.0
630,29,3,3,175,515,6,319,319.0
631,29,28,6,251,182,8,457,457.0
632,29,12,3,152,527,5,277,277.0
633,29,23,6,566,276,18,1030,1030.0
634,29,19,8,193,269,6,351,351.0
635,29,5,3,321,349,10,584,584.0
636,29,18,9,234,159,8,426,426.0
637,29,16,8,240,554,8,437,437.0
638,29,21,2,496,185,16,902,902.0
639,29,2,4,222,243,7,404,404.0
640,29,25,8,362,141,11,659,659.0
641,29,30,8,537,353,17,977,977.0
642,29,14,6,537,180,17,977,977.0
643,29,20,2,135,379,5,246,246.0
644,29,8,7,292,379,9,531,531.0
645,29,17,1,88,539,3,160,160.0
646,29,9,5,356,437,11,648,648.0
647,29,11,4,438,391,14,797,797.0
648,29,22,9,327,512,10,595,595.0
649,29,6,6,234,259,8,426,426.0
650,29,26,7,572,123,18,1040,1040.0
651,29,15,8,152,425,5,277,277.0
652,29,7,9,275,225,9,500,500.0
653,29,10,8,135,475,5,246,246.0
654,29,1,4,350,446,11,637,637.0
655,29,13,6,88,334,3,160,160.0
656,30,7,2,129,541,4,235,235.0
657,30,2,9,263,362,8,479,479.0
658,30,21,2,350,531,11,637,637.0
659,30,4,4,549,342,17,999,999.0
660,30,28,7,100,206,4,182,182.0
661,30,10,8,175,454,6,319,319.0
662,30,22,3,485,369,15,882,882.0
663,30,11,3,537,266,17,977,977.0
664,30,3,1,298,137,10,542,542.0
665,30,24,2,292,370,9,531,531.0
666,30,6,9,432,557,14,786,786.0
667,30,9,1,216,536,7,393,393.0
668,30,20,9,461,382,14,839,839.0
669,30,18,5,467,481,15,850,850.0
670,30,13,4,420,275,13,764,764.0
671,30,1,6,321,497,10,584,584.0
672,30,27,3,362,151,11,659,659.0
673,30,15,7,479,192,15,871,871.0
674,30,26,1,76,401,3,139,139.0
675,30,23,8,450,217,14,819,819.0
676,30,16,1,514,268,16,935,935.0
677,30,14,4,222,406,7,404,404.0
COMMODITIES,400
0,11,19,47,7,15,398,919.0
1,30,3,59,7,17,376,1038.0
2,19,17,72,6,13,328,814.0
3,28,4,70,7,18,401,1094.0
4,24,5,53,8,20,462,1241.0
5,7,15,55,7,14,375,872.0
6,9,25,36,7,16,375,966.0
7,5,14,21,6,10,328,600.0
8,3,8,19,8,16,468,1016.0
9,28,25,49,8,18,430,1132.0
10,19,23,57,6,14,347,893.0
11,19,6,31,6,14,330,879.0
12,10,2,63,6,14,327,846.0
13,8,14,59,8,20,438,1255.0
14,11,21,50,7,17,391,1030.0
15,1,11,60,8,19,436,1183.0
16,20,9,27,7,17,378,1022.0
17,23,15,55,7,18,369,1091.0
18,24,1,61,7,17,400,1029.0
19,16,21,50,9,16,481,982.0
20,7,28,67,6,15,326,958.0
21,9,3,42,6,16,353,962.0
22,1,5,50,6,15,338,954.0
23,10,25,72,7,18,406,1091.0
24,24,11,17,8,15,444,926.0
25,1,17,17,7,16,366,972.0
26,10,12,29,6,14,318,851.0
27,28,19,74,7,18,370,1127.0
28,21,20,52,8,17,446,1040.0
29,20,5,30,7,17,369,1073.0
30,30,7,62,7,13,387,781.0
31,26,12,47,5,15,282,919.0
32,26,3,36,8,16,430,969.0
33,16,12,54,7,14,400,899.0
34,23,16,53,7,12,373,735.0
35,15,23,52,7,18,417,1080.0
36,15,28,31,7,15,402,939.0
37,7,9,59,7,17,417,1043.0
38,24,15,48,6,11,357,688.0
39,19,25,46,6,11,342,668.0
40,2,28,51,7,15,373,931.0
41,8,5,44,6,17,348,1022.0
42,9,19,20,6,18,353,1087.0
43,9,6,35,8,18,466,1096.0
44,12,10,46,7,16,375,1002.0
45,6,23,27,6,17,335,1025.0
46,10,30,20,7,15,363,942.0
47,28,9,18,6,17,318,1040.0
48,30,9,33,7,17,400,1050.0
49,21,22,67,7,16,409,1018.0
50,10,17,23,9,18,485,1136.0
51,25,2,70,7,16,417,1006.0
52,19,24,44,7,14,366,856.0
53,30,2,30,6,16,312,981.0
54,3,30,56,7,14,382,843.0
55,13,7,73,8,14,458,855.0
56,15,11,36,7,16,381,962.0
57,1,20,48,7,17,401,1058.0
58,13,14,56,8,15,449,952.0
59,2,25,64,7,13,418,802.0
60,1,9,15,8,18,437,1113.0
61,11,5,60,6,15,343,909.0
62,4,15,39,8,21,424,1273.0
63,26,18,69,8,12,461,762.0
64,28,20,31,7,18,390,1084.0
65,21,30,49,8,17,431,1046.0
66,1,26,19,6,11,340,675.0
67,10,29,72,8,21,426,1280.0
68,2,6,62,6,14,320,866.0
69,23,20,40,7,15,397,901.0
70,25,23,24,7,12,374,753.0
71,24,27,37,6,13,336,827.0
72,24,7,73,5,15,284,939.0
73,5,9,40,8,16,448,1015.0
74,13,30,17,7,10,363,651.0
75,23,22,30,6,15,339,923.0
76,15,22,41,7,15,392,930.0
77,17,23,70,7,11,363,681.0
78,19,18,43,7,12,378,768.0
79,2,29,22,7,18,417,1117.0
80,19,16,17,6,13,337,787.0
81,19,8,49,7,16,408,991.0
82,1,8,68,7,15,361,918.0
83,24,29,69,7,14,403,882.0
84,18,9,22,6,14,359,882.0
85,24,10,20,7,16,364,972.0
86,29,13,44,7,11,362,685.0
87,13,29,45,6,14,324,849.0
88,27,23,34,7,17,420,1041.0
89,3,25,25,7,15,373,907.0
90,6,29,49,6,20,356,1200.0
91,27,12,41,6,13,343,804.0
92,13,1,50,6,17,352,1077.0
93,30,25,15,7,19,418,1148.0
94,10,20,48,7,16,364,968.0
95,16,9,42,8,17,456,1064.0
96,16,20,34,7,13,412,783.0
97,3,18,66,7,14,395,889.0
98,10,4,49,7,15,379,907.0
99,10,15,40,6,19,318,1144.0
100,3,24,27,7,15,376,902.0
101,23,29,58,7,17,416,1052.0
102,4,9,55,7,15,388,943.0
103,11,24,33,8,15,440,941.0
104,23,9,54,6,11,349,685.0
105,29,8,56,8,16,464,965.0
106,24,12,54,7,16,382,963.0
107,9,21,18,7,20,419,1236.0
108,25,3,52,8,18,439,1110.0
109,20,8,35,6,10,313,650.0
110,16,26,69,6,13,340,799.0
111,8,11,52,7,17,370,1053.0
112,27,20,44,8,11,427,685.0
113,30,1,39,7,19,406,1186.0
114,30,22,66,7,16,409,977.0
115,12,15,35,7,15,369,938.0
116,13,21,54,7,15,420,911.0
117,3,27,55,7,15,403,943.0
118,19,9,62,8,12,433,732.0
119,21,24,21,7,14,397,884.0
120,13,20,71,7,17,361,1025.0
121,16,18,67,7,15,391,959.0
122,20,22,53,9,16,481,1018.0
123,9,5,40,7,19,418,1156.0
124,8,22,31,7,19,416,1186.0
125,9,29,17,6,19,349,1150.0
126,15,9,64,7,19,367,1140.0
127,28,15,17,7,17,375,1061.0
128,1,4,33,7,18,374,1087.0
129,26,25,24,6,16,305,990.0
130,10,16,46,6,16,341,965.0
131,25,26,51,7,17,389,1065.0
132,7,2,46,7,17,397,1034.0
133,27,21,31,7,17,365,1045.0
134,25,21,43,6,16,350,1005.0
135,30,4,66,8,18,470,1115.0
136,21,18,46,7,17,399,1051.0
137,5,27,22,6,9,353,593.0
138,2,22,36,8,13,423,796.0
139,27,15,19,7,15,383,913.0
140,27,14,32,5,15,296,923.0
141,20,10,38,7,11,384,702.0
142,25,11,61,7,12,411,726.0
143,2,3,29,7,13,366,806.0
144,4,12,45,6,18,341,1126.0
145,5,18,70,7,17,374,1025.0
146,15,8,64,7,15,369,949.0
147,24,6,56,6,17,358,1071.0
148,3,10,69,6,16,359,1001.0
149,13,19,71,6,15,347,902.0
150,2,26,73,7,10,399,655.0
151,7,20,37,7,13,403,797.0
152,7,12,41,7,15,386,921.0
153,7,25,49,6,14,343,855.0
154,20,13,45,8,18,436,1136.0
155,21,15,24,6,15,344,917.0
156,24,22,58,7,18,363,1113.0
157,25,6,33,6,16,358,1003.0
158,16,24,39,7,19,408,1166.0
159,13,9,20,7,17,397,1026.0
160,14,28,41,7,13,383,788.0
161,25,18,44,5,16,284,1004.0
162,15,1,23,7,18,365,1086.0
163,22,17,37,7,19,400,1157.0
164,20,21,61,6,17,340,1072.0
165,12,14,55,6,18,360,1114.0
166,15,30,32,7,17,394,1063.0
167,22,5,24,6,13,347,825.0
168,26,4,32,5,13,292,799.0
169,30,27,27,6,13,340,834.0
170,25,16,29,8,15,447,933.0
171,27,24,71,6,12,342,733.0
172,5,23,18,7,15,369,946.0
173,16,3,40,7,15,375,931.0
174,26,16,29,8,19,444,1164.0
175,12,2,15,9,20,492,1210.0
176,10,23,69,7,11,402,715.0
177,22,29,73,7,17,406,1032.0
178,27,16,19,7,15,393,943.0
179,13,26,23,7,14,399,846.0
180,12,4,17,6,18,324,1101.0
181,2,21,43,7,14,380,852.0
182,4,17,54,6,15,335,924.0
183,17,6,26,9,19,495,1154.0
184,6,7,59,6,16,315,985.0
185,13,24,42,5,13,282,810.0
186,14,8,23,7,14,382,860.0
187,13,8,39,7,13,402,826.0
188,6,3,49,6,15,340,917.0
189,23,14,55,6,16,323,1003.0
190,29,2,15,7,16,380,982.0
191,22,11,43,6,16,357,982.0
192,20,4,68,8,16,424,1019.0
193,13,17,65,7,17,402,1059.0
194,3,9,23,7,14,397,884.0
195,19,15,45,8,13,430,817.0
196,29,4,28,6,12,345,770.0
197,23,2,41,8,14,444,880.0
198,9,14,47,6,14,352,862.0
199,26,1,63,8,20,423,1230.0
200,16,13,42,7,15,396,937.0
201,28,11,70,7,20,378,1229.0
202,27,25,20,7,16,413,970.0
203,21,3,44,7,14,408,852.0
204,11,16,55,7,15,378,935.0
205,27,4,21,7,11,374,666.0
206,6,9,16,7,17,392,1058.0
207,8,26,19,7,18,381,1084.0
208,1,18,52,7,14,401,874.0
209,23,27,59,7,15,386,943.0
210,30,18,18,7,14,401,848.0
211,6,18,23,8,13,471,809.0
212,9,30,67,7,16,385,992.0
213,4,20,64,6,17,317,1029.0
214,23,7,50,8,19,450,1155.0
215,30,24,62,8,17,421,1031.0
216,13,6,42,7,18,393,1118.0
217,15,29,40,7,17,378,1058.0
218,2,23,32,7,13,390,786.0
219,14,4,68,6,15,351,953.0
220,2,18,33,8,14,444,864.0
221,6,24,15,8,16,442,1002.0
222,1,23,47,7,15,416,939.0
223,29,7,56,6,14,311,893.0
224,15,4,29,8,14,440,851.0
225,19,11,70,8,14,436,887.0
226,19,1,36,6,15,336,938.0
227,14,3,21,6,16,335,1019.0
228,19,26,20,7,17,413,1047.0
229,30,12,48,6,16,321,986.0
230,9,4,67,6,16,348,980.0
231,29,17,15,7,13,417,823.0
232,28,21,30,7,15,409,936.0
233,1,15,24,8,17,480,1038.0
234,16,28,63,8,12,421,773.0
235,17,1,21,8,17,421,1064.0
236,14,20,29,7,15,378,918.0
237,30,29,31,7,18,372,1139.0
238,3,22,41,9,20,491,1250.0
239,12,13,49,7,17,378,1065.0
240,1,2,30,7,17,396,1059.0
241,13,22,65,6,17,318,1051.0
242,28,1,45,7,20,364,1216.0
243,9,2,40,7,16,379,981.0
244,4,24,74,6,18,346,1082.0
245,27,22,63,7,17,398,1057.0
246,21,19,31,7,15,367,950.0
247,13,25,56,8,18,429,1095.0
248,25,9,70,6,14,338,865.0
249,13,5,52,7,14,414,898.0
250,9,24,64,7,18,373,1091.0
251,13,3,18,8,13,446,783.0
252,4,13,47,8,21,421,1292.0
253,15,13,47,8,19,431,1143.0
254,16,6,32,7,13,415,829.0
255,14,30,35,8,12,456,731.0
256,6,14,16,6,16,319,1012.0
257,28,18,21,6,14,355,890.0
258,26,28,70,7,18,362,1081.0
259,14,12,16,6,15,342,948.0
260,27,5,22,7,21,401,1262.0
261,29,14,28,6,15,335,922.0
262,29,11,48,7,16,401,1005.0
263,4,7,68,6,19,347,1188.0
264,26,13,44,7,18,407,1134.0
265,22,8,42,7,19,402,1172.0
266,13,12,41,7,16,367,963.0
267,29,16,49,7,17,364,1066.0
268,15,12,56,8,17,459,1044.0
269,4,25,29,7,20,394,1222.0
270,25,14,46,7,16,395,1008.0
271,23,18,72,8,16,455,971.0
272,12,19,24,7,20,361,1207.0
273,20,27,73,7,15,401,902.0
274,10,24,38,6,17,342,1037.0
275,18,20,29,8,16,460,969.0
276,4,5,18,7,18,361,1093.0
277,29,9,18,8,17,434,1020.0
278,12,1,43,8,19,443,1186.0
279,25,13,74,7,19,415,1162.0
280,25,4,19,7,12,405,758.0
281,11,12,44,7,14,391,877.0
282,28,14,40,6,15,351,902.0
283,30,14,55,6,14,333,849.0
284,15,26,48,6,16,353,997.0
285,15,21,46,7,19,413,1180.0
286,5,28,65,7,14,372,860.0
287,7,4,17,8,16,436,1009.0
288,29,28,43,7,15,384,916.0
289,29,3,65,8,15,452,931.0
290,15,27,67,6,14,331,896.0
291,1,3,51,7,18,405,1103.0
292,18,4,71,8,14,448,883.0
293,1,21,71,8,14,458,874.0
294,1,30,36,8,19,464,1171.0
295,26,14,28,7,18,373,1089.0
296,5,17,74,7,13,383,825.0
297,11,29,22,8,18,437,1097.0
298,20,26,49,7,13,391,825.0
299,7,11,46,7,17,417,1048.0
300,14,25,57,8,16,461,1014.0
301,11,8,40,7,11,388,701.0
302,18,30,74,7,17,386,1038.0
303,2,9,61,7,15,415,951.0
304,24,25,52,6,10,349,645.0
305,2,13,40,7,13,397,788.0
306,4,29,54,8,21,435,1301.0
307,29,27,65,8,18,438,1095.0
308,25,10,58,6,15,323,946.0
309,22,26,44,6,18,329,1136.0
310,27,2,29,5,14,296,851.0
311,30,15,73,6,17,348,1052.0
312,15,25,65,7,15,391,932.0
313,2,24,69,7,16,417,1003.0
314,12,20,15,7,17,413,1051.0
315,22,4,34,7,12,406,730.0
316,24,21,52,6,18,357,1120.0
317,25,22,15,7,18,371,1138.0
318,26,10,55,7,16,373,979.0
319,11,26,21,8,15,441,928.0
320,21,11,61,7,17,397,1029.0
321,5,4,74,7,13,392,795.0
322,7,10,51,7,13,372,838.0
323,16,7,18,7,17,409,1079.0
324,28,12,47,6,19,345,1164.0
325,25,17,49,8,16,468,1018.0
326,20,29,55,7,17,369,1037.0
327,20,15,18,7,16,412,1018.0
328,10,19,17,6,15,355,959.0
329,9,11,29,8,14,456,895.0
330,1,12,70,7,18,400,1127.0
331,19,30,32,7,13,367,790.0
332,2,20,57,7,15,367,921.0
333,4,1,71,7,16,397,1019.0
334,26,17,16,7,12,370,767.0
335,5,7,59,7,13,380,833.0
336,25,24,17,8,16,449,960.0
337,25,8,59,7,13,366,799.0
338,24,13,56,6,15,359,942.0
339,12,17,17,7,17,391,1048.0
340,2,19,30,6,12,350,733.0
341,20,11,15,6,15,352,939.0
342,26,7,30,6,15,311,903.0
343,13,23,29,6,17,360,1034.0
344,26,8,49,8,16,435,995.0
345,12,30,44,8,14,470,840.0
346,20,23,59,7,14,405,873.0
347,11,17,60,7,13,388,804.0
348,13,11,40,6,16,333,1006.0
349,15,17,35,6,16,340,987.0
350,16,1,17,8,16,442,982.0
351,15,2,38,7,14,386,850.0
352,13,18,62,6,15,327,915.0
353,10,21,48,6,16,353,1018.0
354,30,5,51,8,17,470,1077.0
355,4,27,40,5,15,291,928.0
356,20,19,16,7,16,395,966.0
357,10,11,58,7,16,364,969.0
358,26,9,27,7,17,390,1021.0
359,22,21,15,8,17,449,1029.0
360,4,22,26,7,20,374,1220.0
361,25,20,46,7,13,382,805.0
362,8,18,54,8,21,449,1262.0
363,21,26,59,8,16,463,970.0
364,29,10,62,7,14,398,845.0
365,19,3,24,8,17,457,1039.0
366,19,10,26,6,15,353,934.0
367,10,22,64,7,19,418,1161.0
368,3,15,46,7,14,367,862.0
369,7,17,59,7,14,372,866.0
370,17,3,41,7,11,393,707.0
371,2,4,66,7,14,366,874.0
372,19,12,22,7,16,405,1013.0
373,18,7,68,7,14,378,898.0
374,2,7,43,6,13,305,819.0
375,2,10,22,8,14,421,858.0
376,9,18,31,6,17,357,1074.0
377,15,14,69,5,17,290,1027.0
378,2,8,62,8,14,432,898.0
379,11,2,17,7,14,364,845.0
380,22,27,58,8,17,422,1043.0
381,17,20,27,7,15,380,941.0
382,8,28,18,7,14,373,891.0
383,3,16,19,8,14,437,870.0
384,27,7,68,6,15,306,932.0
385,16,8,26,7,12,372,761.0
386,16,19,36,6,14,347,869.0
387,21,5,35,6,10,321,622.0
388,13,2,48,7,17,394,1037.0
389,20,2,24,7,14,410,870.0
390,30,17,56,8,15,425,959.0
391,30,26,46,7,10,366,647.0
392,9,8,39,6,14,342,887.0
393,17,14,35,6,12,360,767.0
394,27,11,18,8,16,443,997.0
395,2,11,43,8,12,460,748.0
396,2,12,50,7,17,409,1040.0
397,6,13,62,6,19,341,1161.0
398,29,21,68,7,17,393,1048.0
399,6,2,32,7,15,391,946.0
horizon=21
