NODES,30
1,1,-,-
2,2,-,-
3,3,-,-
4,4,-,-
5,5,-,-
6,6,-,-
7,7,-,-
8,8,-,-
9,9,-,-
10,10,-,-
11,11,-,-
12,12,-,-
13,13,-,-
14,14,-,-
15,15,-,-
16,16,-,-
17,17,-,-
18,18,-,-
19,19,-,-
20,20,-,-
21,21,-,-
22,22,-,-
23,23,-,-
24,24,-,-
25,25,-,-
26,26,-,-
27,27,-,-
28,28,-,-
29,29,-,-
30,30,-,-
ARCS,683
0,1,13,4,310,345,10,564,564.0
1,1,17,2,275,220,9,500,500.0
2,1,5,7,620,421,19,1128,1128.0
3,1,8,3,977,500,30,1777,1777.0
4,1,16,4,549,599,17,999,999.0
5,1,21,5,334,558,11,608,608.0
6,1,30,6,322,297,10,586,586.0
7,1,4,5,870,476,27,1582,1582.0
8,1,18,5,191,234,6,348,348.0
9,1,28,6,1097,385,34,1995,1995.0
10,1,23,1,632,593,20,1150,1150.0
11,1,7,4,143,591,5,260,260.0
12,1,22,6,1097,452,34,1995,1995.0
13,1,20,7,668,150,21,1215,1215.0
14,1,27,3,882,297,27,1604,1604.0
15,1,11,6,775,470,24,1410,1410.0
16,1,25,5,1097,205,34,1995,1995.0
17,1,2,4,191,325,6,348,348.0
18,1,14,9,715,480,22,1300,1300.0
19,1,26,6,751,198,23,1366,1366.0
20,1,29,9,489,228,15,890,890.0
21,2,27,6,668,194,21,1215,1215.0
22,2,10,1,429,396,13,780,780.0
23,2,5,4,906,247,28,1648,1648.0
24,2,13,9,954,398,29,1735,1735.0
25,2,9,5,143,167,5,260,260.0
26,2,21,3,358,383,11,651,651.0
27,2,30,8,727,527,23,1322,1322.0
28,2,16,3,870,226,27,1582,1582.0
29,2,1,2,1073,582,33,1951,1951.0
30,2,4,1,1144,511,35,2080,2080.0
31,2,3,4,572,283,18,1040,1040.0
32,2,12,3,668,477,21,1215,1215.0
33,2,26,9,406,477,13,739,739.0
34,2,19,1,644,541,20,1171,1171.0
35,2,11,2,346,406,11,630,630.0
36,2,20,6,382,175,12,695,695.0
37,2,18,5,1013,305,31,1842,1842.0
38,2,14,7,346,384,11,630,630.0
39,2,28,4,715,315,22,1300,1300.0
40,2,17,8,334,158,11,608,608.0
41,2,22,6,191,242,6,348,348.0
42,2,7,6,751,450,23,1366,1366.0
43,2,29,8,703,289,22,1279,1279.0
44,3,30,3,167,228,6,304,304.0
45,3,14,6,834,409,26,1517,1517.0
46,3,9,4,572,441,18,1040,1040.0
47,3,6,4,727,294,23,1322,1322.0
48,3,29,9,310,314,10,564,564.0
49,3,21,4,632,156,20,1150,1150.0
50,3,13,3,918,188,28,1670,1670.0
51,3,23,8,846,354,26,1539,1539.0
52,3,26,4,703,137,22,1279,1279.0
53,3,25,4,417,206,13,759,759.0
54,3,4,3,382,234,12,695,695.0
55,3,1,4,1108,318,34,2015,2015.0
56,3,15,1,167,340,6,304,304.0
57,3,11,9,894,271,28,1626,1626.0
58,3,22,8,513,287,16,933,933.0
59,3,5,5,739,431,23,1344,1344.0
60,3,18,7,715,256,22,1300,1300.0
61,3,28,2,132,560,4,240,240.0
62,3,19,7,632,193,20,1150,1150.0
63,3,16,6,763,591,24,1388,1388.0
64,4,14,7,167,390,6,304,304.0
65,4,30,2,882,283,27,1604,1604.0
66,4,6,7,1037,589,32,1886,1886.0
67,4,22,2,918,300,28,1670,1670.0
68,4,16,8,227,233,7,413,413.0
69,4,7,8,215,328,7,391,391.0
70,4,15,2,394,508,12,717,717.0
71,4,19,8,870,537,27,1582,1582.0
72,4,28,6,406,138,13,739,739.0
73,4,23,8,572,480,18,1040,1040.0
74,4,11,8,453,156,14,824,824.0
75,4,5,9,894,258,28,1626,1626.0
76,4,10,5,846,265,26,1539,1539.0
77,4,8,5,1144,333,35,2080,2080.0
78,4,26,1,739,589,23,1344,1344.0
79,4,24,8,942,538,29,1713,1713.0
80,4,3,7,1180,301,36,2146,2146.0
81,4,17,2,1001,426,31,1820,1820.0
82,4,1,8,1108,181,34,2015,2015.0
83,4,2,8,1001,456,31,1820,1820.0
84,4,21,2,477,297,15,868,868.0
85,4,18,8,1144,278,35,2080,2080.0
86,4,20,1,811,149,25,1475,1475.0
87,4,25,8,1073,126,33,1951,1951.0
88,4,13,4,537,145,17,977,977.0
89,4,12,4,882,605,27,1604,1604.0
90,5,21,1,1013,292,31,1842,1842.0
91,5,19,4,656,204,20,1193,1193.0
92,5,7,8,572,586,18,1040,1040.0
93,5,27,7,1049,421,32,1908,1908.0
94,5,3,7,132,547,4,240,240.0
95,5,13,8,358,301,11,651,651.0
96,5,24,8,525,122,16,955,955.0
97,5,11,5,394,387,12,717,717.0
98,5,12,6,977,421,30,1777,1777.0
99,5,10,1,334,498,11,608,608.0
100,5,22,5,298,404,10,542,542.0
101,5,6,3,834,582,26,1517,1517.0
102,5,16,9,179,599,6,326,326.0
103,5,30,5,465,460,15,846,846.0
104,5,29,4,239,498,8,435,435.0
105,5,4,1,596,579,19,1084,1084.0
106,5,8,5,846,593,26,1539,1539.0
107,5,20,6,143,236,5,260,260.0
108,5,18,7,811,473,25,1475,1475.0
109,5,1,4,346,337,11,630,630.0
110,5,9,4,680,359,21,1237,1237.0
111,5,23,9,477,476,15,868,868.0
112,6,1,6,429,143,13,780,780.0
113,6,4,8,441,170,14,802,802.0
114,6,21,4,1073,407,33,1951,1951.0
115,6,15,1,775,339,24,1410,1410.0
116,6,8,9,763,356,24,1388,1388.0
117,6,16,7,441,435,14,802,802.0
118,6,28,2,215,496,7,391,391.0
119,6,20,5,739,605,23,1344,1344.0
120,6,12,8,429,172,13,780,780.0
121,6,25,1,608,214,19,1106,1106.0
122,6,14,1,1013,506,31,1842,1842.0
123,6,9,1,489,387,15,890,890.0
124,6,24,5,1049,128,32,1908,1908.0
125,6,13,9,394,255,12,717,717.0
126,6,19,6,155,413,5,282,282.0
127,6,17,6,489,301,15,890,890.0
128,6,11,5,1061,571,33,1930,1930.0
129,6,5,7,1132,463,35,2059,2059.0
130,6,22,3,346,270,11,630,630.0
131,6,3,3,1025,524,32,1864,1864.0
132,6,10,9,251,315,8,457,457.0
133,6,27,7,1168,139,36,2124,2124.0
134,6,2,8,215,607,7,391,391.0
135,6,30,2,632,468,20,1150,1150.0
136,6,29,8,668,605,21,1215,1215.0
137,6,7,9,132,222,4,240,240.0
138,6,23,6,584,267,18,1062,1062.0
139,7,10,2,751,215,23,1366,1366.0
140,7,6,2,465,237,15,846,846.0
141,7,30,6,906,141,28,1648,1648.0
142,7,9,3,1156,332,36,2102,2102.0
143,7,24,6,394,238,12,717,717.0
144,7,25,5,811,282,25,1475,1475.0
145,7,28,8,537,462,17,977,977.0
146,7,16,8,406,483,13,739,739.0
147,7,20,1,656,431,20,1193,1193.0
148,7,17,3,489,534,15,890,890.0
149,7,23,8,1132,239,35,2059,2059.0
150,7,22,7,656,279,20,1193,1193.0
151,7,26,7,1120,555,34,2037,2037.0
152,7,21,9,715,479,22,1300,1300.0
153,7,5,5,894,555,28,1626,1626.0
154,7,15,1,846,468,26,1539,1539.0
155,7,18,4,656,127,20,1193,1193.0
156,7,14,3,1097,323,34,1995,1995.0
157,7,8,1,608,202,19,1106,1106.0
158,8,1,7,846,488,26,1539,1539.0
159,8,28,6,513,180,16,933,933.0
160,8,19,1,203,244,7,370,370.0
161,8,15,7,465,297,15,846,846.0
162,8,11,1,954,422,29,1735,1735.0
163,8,29,1,179,378,6,326,326.0
164,8,5,4,834,284,26,1517,1517.0
165,8,4,4,1001,557,31,1820,1820.0
166,8,18,8,1132,328,35,2059,2059.0
167,8,24,5,1049,288,32,1908,1908.0
168,8,12,3,406,275,13,739,739.0
169,8,10,6,823,357,25,1497,1497.0
170,8,13,3,823,215,25,1497,1497.0
171,8,26,6,453,376,14,824,824.0
172,8,6,3,668,142,21,1215,1215.0
173,8,25,8,417,518,13,759,759.0
174,8,16,5,1049,383,32,1908,1908.0
175,8,3,1,1120,398,34,2037,2037.0
176,8,21,1,143,206,5,260,260.0
177,8,14,7,775,316,24,1410,1410.0
178,8,30,9,310,517,10,564,564.0
179,8,9,6,167,254,6,304,304.0
180,8,23,8,1025,188,32,1864,1864.0
181,9,5,3,977,455,30,1777,1777.0
182,9,2,7,537,518,17,977,977.0
183,9,6,2,1061,412,33,1930,1930.0
184,9,30,6,668,331,21,1215,1215.0
185,9,18,7,310,208,10,564,564.0
186,9,20,3,1061,465,33,1930,1930.0
187,9,4,2,739,551,23,1344,1344.0
188,9,22,7,525,305,16,955,955.0
189,9,23,5,179,145,6,326,326.0
190,9,16,7,1025,187,32,1864,1864.0
191,9,26,4,191,590,6,348,348.0
192,9,10,1,668,176,21,1215,1215.0
193,9,3,9,799,413,25,1453,1453.0
194,9,15,3,215,170,7,391,391.0
195,9,13,1,799,465,25,1453,1453.0
196,9,17,6,668,173,21,1215,1215.0
197,9,28,8,179,192,6,326,326.0
198,9,21,9,834,584,26,1517,1517.0
199,9,7,1,239,565,8,435,435.0
200,9,27,4,632,468,20,1150,1150.0
201,9,29,6,560,546,17,1019,1019.0
202,9,14,3,429,404,13,780,780.0
203,10,6,3,811,323,25,1475,1475.0
204,10,22,5,358,135,11,651,651.0
205,10,9,8,549,499,17,999,999.0
206,10,28,2,1132,604,35,2059,2059.0
207,10,25,3,382,223,12,695,695.0
208,10,5,4,263,314,8,479,479.0
209,10,4,8,811,562,25,1475,1475.0
210,10,2,3,251,412,8,457,457.0
211,10,24,6,1097,416,34,1995,1995.0
212,10,29,9,370,265,12,673,673.0
213,10,23,6,739,131,23,1344,1344.0
214,10,7,8,1180,485,36,2146,2146.0
215,10,3,2,179,249,6,326,326.0
216,10,15,1,227,281,7,413,413.0
217,10,18,5,286,445,9,520,520.0
218,10,21,8,560,546,17,1019,1019.0
219,10,13,9,263,370,8,479,479.0
220,10,11,5,417,221,13,759,759.0
221,10,26,3,179,513,6,326,326.0
222,10,19,9,632,243,20,1150,1150.0
223,10,14,8,966,485,30,1757,1757.0
224,10,27,4,632,165,20,1150,1150.0
225,10,20,9,989,432,30,1799,1799.0
226,10,8,3,132,158,4,240,240.0
227,10,17,4,966,232,30,1757,1757.0
228,10,16,4,727,423,23,1322,1322.0
229,11,5,2,572,597,18,1040,1040.0
230,11,28,5,346,288,11,630,630.0
231,11,25,3,334,314,11,608,608.0
232,11,10,7,584,500,18,1062,1062.0
233,11,13,5,501,466,16,911,911.0
234,11,9,4,751,198,23,1366,1366.0
235,11,23,1,882,127,27,1604,1604.0
236,11,6,6,1144,203,35,2080,2080.0
237,11,4,3,525,540,16,955,955.0
238,11,29,1,263,234,8,479,479.0
239,11,22,8,954,392,29,1735,1735.0
240,11,26,8,608,505,19,1106,1106.0
241,11,30,3,501,298,16,911,911.0
242,11,20,6,918,521,28,1670,1670.0
243,11,18,7,560,189,17,1019,1019.0
244,11,15,5,501,432,16,911,911.0
245,11,21,8,1108,404,34,2015,2015.0
246,12,2,1,930,298,29,1691,1691.0
247,12,20,7,930,456,29,1691,1691.0
248,12,9,1,954,508,29,1735,1735.0
249,12,30,7,453,470,14,824,824.0
250,12,8,7,632,165,20,1150,1150.0
251,12,13,6,1037,155,32,1886,1886.0
252,12,14,1,251,495,8,457,457.0
253,12,27,6,263,315,8,479,479.0
254,12,6,2,894,456,28,1626,1626.0
255,12,26,7,930,563,29,1691,1691.0
256,12,3,4,239,310,8,435,435.0
257,12,19,1,1156,136,36,2102,2102.0
258,12,29,2,644,311,20,1171,1171.0
259,12,5,5,1120,202,34,2037,2037.0
260,12,21,5,227,549,7,413,413.0
261,13,18,3,382,465,12,695,695.0
262,13,7,9,179,367,6,326,326.0
263,13,29,4,620,560,19,1128,1128.0
264,13,11,2,298,438,10,542,542.0
265,13,1,7,787,410,24,1431,1431.0
266,13,12,9,989,377,30,1799,1799.0
267,13,27,4,191,321,6,348,348.0
268,13,19,6,406,404,13,739,739.0
269,13,8,2,858,230,26,1560,1560.0
270,13,5,9,1013,539,31,1842,1842.0
271,13,24,8,275,293,9,500,500.0
272,13,22,9,787,333,24,1431,1431.0
273,13,4,5,799,381,25,1453,1453.0
274,13,10,6,1108,535,34,2015,2015.0
275,13,2,7,215,154,7,391,391.0
276,13,16,9,703,199,22,1279,1279.0
277,13,23,4,989,148,30,1799,1799.0
278,13,9,6,966,500,30,1757,1757.0
279,13,21,5,846,494,26,1539,1539.0
280,13,6,3,417,289,13,759,759.0
281,13,20,5,1168,220,36,2124,2124.0
282,13,26,1,1013,137,31,1842,1842.0
283,13,14,9,572,282,18,1040,1040.0
284,14,27,5,310,356,10,564,564.0
285,14,1,8,644,444,20,1171,1171.0
286,14,12,1,1144,135,35,2080,2080.0
287,14,15,3,203,192,7,370,370.0
288,14,26,8,823,370,25,1497,1497.0
289,14,8,4,298,599,10,542,542.0
290,14,24,9,977,415,30,1777,1777.0
291,14,20,1,179,572,6,326,326.0
292,14,28,6,275,413,9,500,500.0
293,14,29,2,906,125,28,1648,1648.0
294,14,17,3,882,202,27,1604,1604.0
295,14,6,5,1120,334,34,2037,2037.0
296,14,16,8,739,438,23,1344,1344.0
297,14,2,1,954,204,29,1735,1735.0
298,14,22,7,632,522,20,1150,1150.0
299,14,25,5,787,366,24,1431,1431.0
300,14,9,2,513,597,16,933,933.0
301,14,10,4,680,446,21,1237,1237.0
302,14,18,2,680,270,21,1237,1237.0
303,14,19,5,1097,394,34,1995,1995.0
304,14,5,1,977,192,30,1777,1777.0
305,14,21,1,632,502,20,1150,1150.0
306,15,26,5,477,332,15,868,868.0
307,15,9,7,429,579,13,780,780.0
308,15,19,4,191,158,6,348,348.0
309,15,21,5,513,499,16,933,933.0
310,15,25,7,1108,200,34,2015,2015.0
311,15,14,1,155,426,5,282,282.0
312,15,22,4,215,597,7,391,391.0
313,15,29,9,406,413,13,739,739.0
314,15,11,4,1108,197,34,2015,2015.0
315,15,6,6,799,599,25,1453,1453.0
316,15,2,7,215,210,7,391,391.0
317,15,1,7,155,561,5,282,282.0
318,15,16,5,477,333,15,868,868.0
319,15,13,1,692,376,21,1259,1259.0
320,15,8,2,132,283,4,240,240.0
321,15,5,3,227,480,7,413,413.0
322,15,23,7,465,544,15,846,846.0
323,15,24,1,441,550,14,802,802.0
324,15,27,6,608,219,19,1106,1106.0
325,15,20,8,620,315,19,1128,1128.0
326,15,4,1,525,399,16,955,955.0
327,15,17,4,143,374,5,260,260.0
328,15,3,8,692,320,21,1259,1259.0
329,15,28,8,370,413,12,673,673.0
330,15,30,7,596,323,19,1084,1084.0
331,15,7,4,513,406,16,933,933.0
332,15,18,1,513,522,16,933,933.0
333,15,10,8,858,579,26,1560,1560.0
334,15,12,5,560,459,17,1019,1019.0
335,16,14,9,954,160,29,1735,1735.0
336,16,26,3,692,597,21,1259,1259.0
337,16,6,9,870,153,27,1582,1582.0
338,16,10,4,1180,243,36,2146,2146.0
339,16,5,1,382,215,12,695,695.0
340,16,4,5,620,262,19,1128,1128.0
341,16,3,4,751,165,23,1366,1366.0
342,16,9,4,370,505,12,673,673.0
343,16,27,7,727,601,23,1322,1322.0
344,16,28,3,477,197,15,868,868.0
345,16,30,3,1097,574,34,1995,1995.0
346,16,24,3,441,144,14,802,802.0
347,16,23,2,549,445,17,999,999.0
348,16,13,4,1120,540,34,2037,2037.0
349,16,15,6,239,233,8,435,435.0
350,16,2,8,179,463,6,326,326.0
351,16,1,8,417,551,13,759,759.0
352,16,22,7,560,267,17,1019,1019.0
353,16,8,9,632,594,20,1150,1150.0
354,16,21,8,1132,393,35,2059,2059.0
355,16,20,4,489,345,15,890,890.0
356,16,29,9,322,401,10,586,586.0
357,16,11,4,668,261,21,1215,1215.0
358,17,11,1,692,577,21,1259,1259.0
359,17,2,5,989,540,30,1799,1799.0
360,17,24,7,596,359,19,1084,1084.0
361,17,27,4,298,189,10,542,542.0
362,17,21,5,703,279,22,1279,1279.0
363,17,26,6,763,424,24,1388,1388.0
364,17,14,7,823,316,25,1497,1497.0
365,17,1,6,406,293,13,739,739.0
366,17,3,6,811,222,25,1475,1475.0
367,17,9,4,787,231,24,1431,1431.0
368,17,19,1,191,165,6,348,348.0
369,17,10,6,465,466,15,846,846.0
370,17,15,6,954,226,29,1735,1735.0
371,17,12,1,1108,472,34,2015,2015.0
372,17,28,8,775,407,24,1410,1410.0
373,17,30,3,620,368,19,1128,1128.0
374,17,16,7,811,349,25,1475,1475.0
375,17,7,8,155,270,5,282,282.0
376,17,20,5,1097,149,34,1995,1995.0
377,17,22,8,394,244,12,717,717.0
378,17,13,9,132,183,4,240,240.0
379,17,5,5,1013,429,31,1842,1842.0
380,17,4,8,358,571,11,651,651.0
381,17,25,4,155,186,5,282,282.0
382,17,18,1,143,446,5,260,260.0
383,17,6,9,143,403,5,260,260.0
384,17,23,9,906,493,28,1648,1648.0
385,18,11,4,132,474,4,240,240.0
386,18,24,1,596,561,19,1084,1084.0
387,18,3,2,227,334,7,413,413.0
388,18,20,2,763,141,24,1388,1388.0
389,18,25,7,251,418,8,457,457.0
390,18,13,5,966,297,30,1757,1757.0
391,18,4,4,179,554,6,326,326.0
392,18,23,6,1180,188,36,2146,2146.0
393,18,9,6,489,371,15,890,890.0
394,18,19,3,739,125,23,1344,1344.0
395,18,16,4,692,250,21,1259,1259.0
396,18,22,8,692,393,21,1259,1259.0
397,18,8,2,1180,292,36,2146,2146.0
398,18,28,4,191,214,6,348,348.0
399,18,5,3,1013,393,31,1842,1842.0
400,18,21,4,1013,583,31,1842,1842.0
401,18,29,3,286,266,9,520,520.0
402,18,6,2,120,132,4,219,219.0
403,18,12,6,584,362,18,1062,1062.0
404,18,2,4,858,524,26,1560,1560.0
405,18,7,2,143,604,5,260,260.0
406,19,7,8,334,294,11,608,608.0
407,19,10,9,1037,604,32,1886,1886.0
408,19,26,7,358,227,11,651,651.0
409,19,29,5,763,556,24,1388,1388.0
410,19,22,7,370,524,12,673,673.0
411,19,2,5,560,394,17,1019,1019.0
412,19,28,9,823,543,25,1497,1497.0
413,19,9,3,215,529,7,391,391.0
414,19,13,7,191,468,6,348,348.0
415,19,6,7,811,571,25,1475,1475.0
416,19,3,1,1108,189,34,2015,2015.0
417,19,18,9,632,470,20,1150,1150.0
418,19,21,3,239,276,8,435,435.0
419,19,8,5,1013,155,31,1842,1842.0
420,19,4,3,680,562,21,1237,1237.0
421,19,14,5,632,267,20,1150,1150.0
422,19,1,2,882,200,27,1604,1604.0
423,19,27,7,1037,292,32,1886,1886.0
424,19,25,3,1061,518,33,1930,1930.0
425,19,30,2,918,506,28,1670,1670.0
426,19,15,3,1037,281,32,1886,1886.0
427,19,5,5,513,605,16,933,933.0
428,19,12,9,906,178,28,1648,1648.0
429,19,11,8,763,316,24,1388,1388.0
430,19,17,5,322,484,10,586,586.0
431,19,24,6,489,143,15,890,890.0
432,19,16,4,823,160,25,1497,1497.0
433,20,11,8,584,537,18,1062,1062.0
434,20,16,6,489,606,15,890,890.0
435,20,28,4,656,410,20,1193,1193.0
436,20,10,7,882,345,27,1604,1604.0
437,20,7,7,811,526,25,1475,1475.0
438,20,18,1,1156,505,36,2102,2102.0
439,20,25,8,1013,404,31,1842,1842.0
440,20,6,1,501,282,16,911,911.0
441,20,27,8,834,496,26,1517,1517.0
442,20,30,2,906,443,28,1648,1648.0
443,20,19,3,346,368,11,630,630.0
444,20,24,3,227,507,7,413,413.0
445,20,29,9,191,310,6,348,348.0
446,20,2,3,525,462,16,955,955.0
447,20,4,5,942,432,29,1713,1713.0
448,20,14,3,918,170,28,1670,1670.0
449,20,9,8,668,512,21,1215,1215.0
450,20,1,6,1001,451,31,1820,1820.0
451,20,26,1,560,152,17,1019,1019.0
452,20,22,4,692,276,21,1259,1259.0
453,21,16,5,1025,534,32,1864,1864.0
454,21,25,6,715,167,22,1300,1300.0
455,21,5,4,406,415,13,739,739.0
456,21,24,3,763,258,24,1388,1388.0
457,21,22,5,441,446,14,802,802.0
458,21,14,8,1061,573,33,1930,1930.0
459,21,18,5,918,333,28,1670,1670.0
460,21,1,8,942,305,29,1713,1713.0
461,21,27,8,477,546,15,868,868.0
462,21,12,8,155,360,5,282,282.0
463,21,10,2,1120,293,34,2037,2037.0
464,21,28,9,870,191,27,1582,1582.0
465,21,13,8,1085,299,33,1973,1973.0
466,21,17,2,322,144,10,586,586.0
467,21,30,5,1013,232,31,1842,1842.0
468,21,3,8,954,310,29,1735,1735.0
469,21,11,1,954,306,29,1735,1735.0
470,21,8,4,191,360,6,348,348.0
471,21,7,9,334,546,11,608,608.0
472,21,2,9,930,496,29,1691,1691.0
473,22,12,7,513,227,16,933,933.0
474,22,5,4,1037,513,32,1886,1886.0
475,22,23,5,406,456,13,739,739.0
476,22,30,8,1180,232,36,2146,2146.0
477,22,1,7,263,596,8,479,479.0
478,22,26,7,882,208,27,1604,1604.0
479,22,6,5,1120,494,34,2037,2037.0
480,22,14,2,715,143,22,1300,1300.0
481,22,3,7,703,232,22,1279,1279.0
482,22,7,7,215,602,7,391,391.0
483,22,8,3,501,556,16,911,911.0
484,22,19,7,286,465,9,520,520.0
485,22,25,9,727,251,23,1322,1322.0
486,22,11,1,382,473,12,695,695.0
487,22,15,9,465,248,15,846,846.0
488,22,28,6,120,284,4,219,219.0
489,22,18,1,382,552,12,695,695.0
490,22,10,8,120,407,4,219,219.0
491,22,17,7,346,449,11,630,630.0
492,22,16,4,275,401,9,500,500.0
493,22,20,1,584,340,18,1062,1062.0
494,22,29,8,1156,294,36,2102,2102.0
495,23,2,8,143,500,5,260,260.0
496,23,15,4,1085,528,33,1973,1973.0
497,23,29,5,1156,557,36,2102,2102.0
498,23,14,5,215,367,7,391,391.0
499,23,20,7,1180,159,36,2146,2146.0
500,23,27,2,715,359,22,1300,1300.0
501,23,26,8,930,132,29,1691,1691.0
502,23,4,6,1097,563,34,1995,1995.0
503,23,5,9,572,318,18,1040,1040.0
504,23,3,2,1073,354,33,1951,1951.0
505,23,8,2,906,392,28,1648,1648.0
506,23,25,4,453,332,14,824,824.0
507,23,17,8,489,357,15,890,890.0
508,23,24,3,167,508,6,304,304.0
509,23,19,7,1037,493,32,1886,1886.0
510,23,16,3,739,279,23,1344,1344.0
511,23,13,1,489,463,15,890,890.0
512,23,9,9,441,187,14,802,802.0
513,23,21,7,215,243,7,391,391.0
514,23,12,9,775,593,24,1410,1410.0
515,23,11,8,846,446,26,1539,1539.0
516,24,8,4,167,312,6,304,304.0
517,24,5,2,692,440,21,1259,1259.0
518,24,23,9,632,202,20,1150,1150.0
519,24,9,4,263,227,8,479,479.0
520,24,22,8,930,480,29,1691,1691.0
521,24,27,8,1013,566,31,1842,1842.0
522,24,13,7,763,239,24,1388,1388.0
523,24,6,9,572,298,18,1040,1040.0
524,24,29,8,1097,317,34,1995,1995.0
525,24,30,9,1168,495,36,2124,2124.0
526,24,10,7,703,304,22,1279,1279.0
527,24,25,8,191,239,6,348,348.0
528,24,16,3,560,372,17,1019,1019.0
529,24,20,3,894,539,28,1626,1626.0
530,24,12,9,763,222,24,1388,1388.0
531,24,2,2,1061,184,33,1930,1930.0
532,24,1,7,584,390,18,1062,1062.0
533,24,19,5,537,345,17,977,977.0
534,24,14,8,322,437,10,586,586.0
535,25,12,6,608,164,19,1106,1106.0
536,25,28,4,906,470,28,1648,1648.0
537,25,23,5,417,144,13,759,759.0
538,25,5,5,1144,294,35,2080,2080.0
539,25,22,1,692,405,21,1259,1259.0
540,25,21,3,1120,448,34,2037,2037.0
541,25,10,4,346,212,11,630,630.0
542,25,1,8,191,233,6,348,348.0
543,25,14,4,811,528,25,1475,1475.0
544,25,11,4,429,233,13,780,780.0
545,25,20,1,870,220,27,1582,1582.0
546,25,30,5,715,528,22,1300,1300.0
547,25,9,6,465,234,15,846,846.0
548,25,15,5,132,413,4,240,240.0
549,25,24,1,143,461,5,260,260.0
550,25,26,9,870,260,27,1582,1582.0
551,25,29,2,1073,338,33,1951,1951.0
552,25,16,5,298,187,10,542,542.0
553,25,19,7,870,187,27,1582,1582.0
554,25,13,2,1073,255,33,1951,1951.0
555,25,3,1,537,348,17,977,977.0
556,25,8,1,977,188,30,1777,1777.0
557,25,6,8,799,189,25,1453,1453.0
558,25,17,9,882,413,27,1604,1604.0
559,25,18,9,823,448,25,1497,1497.0
560,25,4,3,751,267,23,1366,1366.0
561,26,9,3,644,597,20,1171,1171.0
562,26,27,9,286,195,9,520,520.0
563,26,17,3,167,205,6,304,304.0
564,26,22,7,811,126,25,1475,1475.0
565,26,24,8,203,311,7,370,370.0
566,26,12,3,775,288,24,1410,1410.0
567,26,8,6,1120,605,34,2037,2037.0
568,26,30,7,286,556,9,520,520.0
569,26,25,9,143,142,5,260,260.0
570,26,20,1,799,424,25,1453,1453.0
571,26,1,9,763,222,24,1388,1388.0
572,26,21,5,572,223,18,1040,1040.0
573,26,6,8,1097,248,34,1995,1995.0
574,26,29,5,191,264,6,348,348.0
575,26,3,1,513,273,16,933,933.0
576,26,23,1,703,322,22,1279,1279.0
577,26,16,9,775,596,24,1410,1410.0
578,26,14,6,286,133,9,520,520.0
579,26,11,6,1001,186,31,1820,1820.0
580,26,2,9,1037,309,32,1886,1886.0
581,26,5,7,382,459,12,695,695.0
582,26,7,3,203,154,7,370,370.0
583,26,28,2,155,350,5,282,282.0
584,26,19,7,834,563,26,1517,1517.0
585,26,18,4,1037,232,32,1886,1886.0
586,26,13,9,215,560,7,391,391.0
587,26,4,2,692,431,21,1259,1259.0
588,26,10,9,251,333,8,457,457.0
589,27,29,5,834,410,26,1517,1517.0
590,27,5,9,882,338,27,1604,1604.0
591,27,6,4,501,290,16,911,911.0
592,27,25,9,823,267,25,1497,1497.0
593,27,11,5,1168,484,36,2124,2124.0
594,27,9,5,346,334,11,630,630.0
595,27,18,6,966,393,30,1757,1757.0
596,27,20,3,334,546,11,608,608.0
597,27,30,7,1001,195,31,1820,1820.0
598,27,3,1,715,267,22,1300,1300.0
599,27,21,3,477,346,15,868,868.0
600,27,7,7,239,316,8,435,435.0
601,27,19,8,513,292,16,933,933.0
602,27,23,6,346,281,11,630,630.0
603,27,4,1,549,406,17,999,999.0
604,27,26,5,310,605,10,564,564.0
605,27,22,3,382,491,12,695,695.0
606,27,24,5,1132,295,35,2059,2059.0
607,27,13,7,453,339,14,824,824.0
608,28,6,6,167,429,6,304,304.0
609,28,21,3,358,428,11,651,651.0
610,28,17,7,608,345,19,1106,1106.0
611,28,3,8,632,590,20,1150,1150.0
612,28,18,4,1156,173,36,2102,2102.0
613,28,23,1,1085,245,33,1973,1973.0
614,28,9,6,1061,243,33,1930,1930.0
615,28,2,8,239,385,8,435,435.0
616,28,10,3,739,211,23,1344,1344.0
617,28,13,3,441,209,14,802,802.0
618,28,16,8,406,147,13,739,739.0
619,28,12,8,703,494,22,1279,1279.0
620,28,25,5,203,210,7,370,370.0
621,28,26,7,608,429,19,1106,1106.0
622,28,27,1,227,454,7,413,413.0
623,28,15,3,715,239,22,1300,1300.0
624,28,5,1,263,259,8,479,479.0
625,28,11,5,1168,273,36,2124,2124.0
626,28,30,1,191,184,6,348,348.0
627,28,7,1,560,317,17,1019,1019.0
628,28,24,6,751,297,23,1366,1366.0
629,28,29,6,751,596,23,1366,1366.0
630,28,14,4,608,227,19,1106,1106.0
631,28,22,6,286,540,9,520,520.0
632,28,1,3,179,605,6,326,326.0
633,28,20,9,382,378,12,695,695.0
634,28,8,6,656,608,20,1193,1193.0
635,29,17,3,882,136,27,1604,1604.0
636,29,12,5,382,301,12,695,695.0
637,29,10,6,298,254,10,542,542.0
638,29,20,8,1132,286,35,2059,2059.0
639,29,11,3,263,383,8,479,479.0
640,29,22,5,227,499,7,413,413.0
641,29,4,3,1001,565,31,1820,1820.0
642,29,13,9,763,583,24,1388,1388.0
643,29,28,5,358,177,11,651,651.0
644,29,30,6,1168,422,36,2124,2124.0
645,29,2,1,739,599,23,1344,1344.0
646,29,23,1,703,220,22,1279,1279.0
647,29,25,9,608,420,19,1106,1106.0
648,29,5,3,977,317,30,1777,1777.0
649,29,7,1,465,435,15,846,846.0
650,29,21,5,1156,247,36,2102,2102.0
651,29,14,8,477,164,15,868,868.0
652,29,16,9,298,169,10,542,542.0
653,29,15,8,834,471,26,1517,1517.0
654,29,19,3,191,374,6,348,348.0
655,29,9,8,799,438,25,1453,1453.0
656,29,1,8,668,288,21,1215,1215.0
657,29,24,8,239,409,8,435,435.0
658,29,18,9,846,428,26,1539,1539.0
659,29,26,7,799,197,25,1453,1453.0
660,29,6,6,334,538,11,608,608.0
661,30,18,2,966,192,30,1757,1757.0
662,30,29,4,703,590,22,1279,1279.0
663,30,13,5,1037,550,32,1886,1886.0
664,30,27,9,1025,186,32,1864,1864.0
665,30,11,8,453,329,14,824,824.0
666,30,23,2,251,226,8,457,457.0
667,30,21,5,465,326,15,846,846.0
668,30,26,8,656,153,20,1193,1193.0
669,30,20,4,1061,243,33,1930,1930.0
670,30,16,1,727,480,23,1322,1322.0
671,30,19,4,155,488,5,282,282.0
672,30,17,9,1120,141,34,2037,2037.0
673,30,10,2,358,289,11,651,651.0
674,30,14,5,989,562,30,1799,1799.0
675,30,5,5,787,160,24,1431,1431.0
676,30,12,9,692,466,21,1259,1259.0
677,30,9,9,775,248,24,1410,1410.0
678,30,6,5,1037,337,32,1886,1886.0
679,30,3,2,286,368,9,520,520.0
680,30,15,7,155,178,5,282,282.0
681,30,4,8,1156,227,36,2102,2102.0
682,30,22,2,870,145,27,1582,1582.0
COMMODITIES,400
0,26,28,24,13,24,749,1457.0
1,27,28,49,14,34,830,2058.0
2,13,22,68,14,31,839,1887.0
3,26,14,53,13,25,739,1533.0
4,26,8,41,15,34,892,2086.0
5,14,1,50,12,29,706,1786.0
6,9,22,20,16,34,919,2067.0
7,21,29,23,12,28,709,1714.0
8,16,12,61,13,39,757,2387.0
9,1,13,54,13,27,746,1622.0
10,9,19,46,15,34,884,2075.0
11,9,14,22,12,31,716,1865.0
12,15,25,38,15,29,877,1793.0
13,2,28,43,14,30,792,1814.0
14,20,3,50,13,38,732,2290.0
15,23,24,53,15,28,877,1712.0
16,24,21,29,12,26,694,1612.0
17,11,25,52,15,30,877,1859.0
18,29,2,33,14,34,785,2063.0
19,1,14,26,13,36,763,2188.0
20,1,7,30,11,20,647,1233.0
21,29,21,49,15,32,863,1941.0
22,28,20,36,13,29,738,1745.0
23,26,11,72,13,32,754,1930.0
24,12,22,30,12,35,711,2126.0
25,12,27,43,12,26,707,1612.0
26,15,26,43,13,31,761,1882.0
27,29,23,35,10,35,600,2135.0
28,20,11,64,12,31,709,1874.0
29,14,15,43,14,25,799,1554.0
30,15,2,17,13,26,765,1584.0
31,10,11,44,16,37,938,2226.0
32,4,7,73,12,24,693,1441.0
33,15,8,54,14,24,830,1468.0
34,14,27,72,11,24,605,1499.0
35,30,26,58,12,34,691,2084.0
36,3,21,46,13,31,727,1912.0
37,20,17,38,16,43,957,2581.0
38,24,28,29,12,32,696,1969.0
39,5,13,50,13,30,769,1830.0
40,5,8,65,17,38,990,2302.0
41,14,12,52,13,36,776,2206.0
42,17,5,61,14,34,819,2096.0
43,25,24,32,14,24,812,1445.0
44,1,5,17,14,37,823,2277.0
45,15,6,27,12,26,684,1572.0
46,5,3,17,15,25,875,1522.0
47,3,23,67,13,32,765,1959.0
48,1,2,49,15,25,900,1530.0
49,12,26,66,11,35,648,2124.0
50,13,16,22,14,38,797,2286.0
51,20,30,40,14,39,789,2390.0
52,25,30,26,17,38,966,2333.0
53,3,5,38,14,31,806,1865.0
54,25,14,25,10,23,583,1398.0
55,20,15,72,14,38,814,2317.0
56,8,29,22,14,26,817,1571.0
57,2,23,54,12,25,679,1501.0
58,16,30,73,13,38,747,2327.0
59,27,8,52,12,36,714,2202.0
60,18,26,52,15,37,843,2270.0
61,26,17,64,13,23,753,1428.0
62,18,2,15,13,29,760,1752.0
63,24,13,49,12,35,685,2103.0
64,30,7,61,13,32,776,1943.0
65,29,11,40,13,27,760,1635.0
66,28,5,31,12,27,719,1639.0
67,6,11,27,13,35,736,2152.0
68,16,15,19,14,24,818,1498.0
69,13,21,38,14,37,794,2272.0
70,21,20,60,13,37,760,2268.0
71,23,15,34,13,30,739,1848.0
72,3,26,42,11,37,626,2236.0
73,29,30,31,16,38,939,2328.0
74,24,7,32,16,35,908,2141.0
75,25,10,63,11,28,625,1695.0
76,19,21,44,13,26,773,1566.0
77,20,8,74,14,31,788,1883.0
78,19,15,58,15,32,847,1947.0
79,12,28,67,15,32,855,1923.0
80,9,12,18,14,36,812,2205.0
81,4,30,17,14,38,806,2337.0
82,10,17,62,12,29,679,1785.0
83,26,13,74,15,28,865,1703.0
84,27,19,74,13,34,721,2071.0
85,10,25,28,12,29,715,1774.0
86,5,20,55,17,28,1011,1700.0
87,3,14,33,17,33,980,2017.0
88,27,25,36,14,33,831,2024.0
89,7,11,57,13,42,749,2524.0
90,16,7,38,14,35,832,2145.0
91,8,28,63,16,32,942,1975.0
92,1,9,56,15,33,893,1992.0
93,5,23,58,14,33,839,2030.0
94,12,6,64,13,34,723,2054.0
95,24,27,51,14,39,796,2341.0
96,17,30,29,16,39,940,2373.0
97,9,21,19,14,31,793,1900.0
98,16,28,18,14,34,830,2094.0
99,5,28,64,12,26,712,1598.0
100,26,6,41,12,27,691,1650.0
101,11,28,15,15,31,868,1880.0
102,10,12,61,14,32,839,1930.0
103,19,25,70,12,32,694,1953.0
104,22,24,51,12,32,719,1928.0
105,10,24,44,12,29,714,1764.0
106,18,7,64,14,24,812,1445.0
107,23,30,23,13,37,746,2238.0
108,24,11,56,13,38,740,2280.0
109,16,13,47,11,32,653,1952.0
110,6,22,50,12,28,694,1723.0
111,29,13,28,14,31,805,1917.0
112,27,7,46,13,24,762,1491.0
113,8,5,19,13,36,721,2175.0
114,18,5,49,13,34,749,2054.0
115,26,22,67,13,30,727,1854.0
116,30,24,40,10,29,568,1784.0
117,17,6,29,15,27,877,1627.0
118,14,19,42,12,31,701,1898.0
119,17,7,38,11,20,649,1223.0
120,28,10,62,14,31,797,1879.0
121,6,10,23,11,25,643,1554.0
122,15,10,57,14,29,805,1795.0
123,15,22,51,13,25,775,1541.0
124,16,25,18,15,35,885,2108.0
125,19,2,31,12,30,708,1848.0
126,13,25,49,16,37,911,2229.0
127,29,10,27,16,28,916,1734.0
128,13,15,57,14,38,782,2282.0
129,11,6,26,13,34,758,2055.0
130,6,30,64,14,32,814,1925.0
131,8,22,27,13,31,722,1898.0
132,11,3,40,13,40,774,2411.0
133,1,28,55,16,34,931,2087.0
134,18,1,17,15,30,883,1851.0
135,1,3,28,12,30,665,1824.0
136,25,18,33,14,30,801,1855.0
137,19,5,57,15,37,888,2234.0
138,3,27,15,14,29,792,1781.0
139,30,6,43,11,29,639,1754.0
140,14,4,32,15,42,852,2561.0
141,1,22,15,13,29,748,1778.0
142,16,18,32,12,32,695,1966.0
143,23,26,67,15,35,849,2141.0
144,30,12,47,13,37,773,2231.0
145,12,21,41,14,25,789,1556.0
146,15,24,73,15,34,870,2093.0
147,15,29,63,15,30,899,1844.0
148,23,11,16,15,34,848,2080.0
149,6,20,40,13,38,762,2318.0
150,24,14,53,17,30,965,1823.0
151,20,22,56,14,33,828,2037.0
152,25,6,74,16,33,906,2016.0
153,9,5,56,12,31,676,1914.0
154,10,28,60,15,30,888,1848.0
155,15,11,36,12,31,720,1892.0
156,5,6,31,13,32,770,1965.0
157,21,13,39,14,35,831,2116.0
158,28,4,38,13,37,768,2221.0
159,1,27,70,15,35,853,2156.0
160,11,26,61,12,36,694,2186.0
161,18,16,47,12,30,710,1807.0
162,13,27,35,14,27,814,1623.0
163,30,8,41,13,26,727,1591.0
164,25,20,25,14,35,815,2105.0
165,26,19,38,14,31,839,1890.0
166,26,10,19,11,24,637,1485.0
167,19,26,54,13,28,775,1702.0
168,26,30,15,12,26,681,1575.0
169,9,16,34,14,37,807,2254.0
170,15,9,73,15,30,870,1848.0
171,14,21,70,11,29,617,1751.0
172,16,1,36,16,34,948,2051.0
173,9,25,44,16,31,917,1861.0
174,15,27,49,16,36,935,2201.0
175,19,14,20,15,37,842,2261.0
176,6,1,54,14,32,839,1939.0
177,3,18,55,12,32,665,1933.0
178,4,15,21,13,30,731,1859.0
179,25,13,51,14,31,817,1908.0
180,16,19,28,13,32,763,1947.0
181,16,24,56,13,32,766,1932.0
182,12,30,72,14,30,799,1831.0
183,20,28,66,14,35,784,2117.0
184,3,2,59,15,32,841,1978.0
185,30,17,72,13,27,731,1643.0
186,14,18,48,14,34,816,2052.0
187,25,21,30,16,32,907,1954.0
188,24,1,39,15,30,856,1832.0
189,25,26,67,13,34,759,2040.0
190,18,28,15,12,24,682,1476.0
191,20,6,20,15,34,847,2049.0
192,19,18,43,14,33,804,2010.0
193,25,2,31,14,29,788,1789.0
194,21,14,72,15,33,885,2020.0
195,3,24,71,13,31,748,1916.0
196,10,4,40,12,31,693,1882.0
197,30,23,43,14,26,782,1564.0
198,13,23,52,14,37,827,2240.0
199,11,20,41,14,41,812,2469.0
200,24,3,57,12,39,720,2351.0
201,28,27,23,13,26,749,1569.0
202,24,8,28,13,23,737,1408.0
203,15,18,64,14,28,792,1690.0
204,6,29,57,15,38,889,2296.0
205,26,12,43,16,38,931,2329.0
206,26,5,39,12,29,688,1751.0
207,27,24,70,14,35,823,2146.0
208,12,4,45,15,40,862,2456.0
209,16,3,72,13,34,748,2080.0
210,13,18,39,10,28,560,1715.0
211,10,14,52,13,31,770,1900.0
212,15,4,68,12,31,703,1870.0
213,25,9,52,17,36,991,2166.0
214,26,3,37,14,32,789,1926.0
215,4,25,39,14,38,838,2313.0
216,4,22,15,15,39,890,2379.0
217,2,18,44,15,32,877,1934.0
218,17,2,49,13,29,732,1772.0
219,2,26,56,14,29,824,1751.0
220,21,16,35,16,38,921,2338.0
221,13,26,31,13,33,771,1999.0
222,8,12,21,12,27,713,1631.0
223,15,3,37,13,29,734,1796.0
224,30,25,50,16,37,913,2230.0
225,22,3,36,13,26,767,1599.0
226,17,4,65,11,27,635,1659.0
227,29,15,60,13,34,752,2079.0
228,24,16,59,13,34,767,2095.0
229,10,1,53,15,31,849,1870.0
230,19,9,71,11,23,627,1430.0
231,6,17,44,12,30,718,1858.0
232,3,29,33,16,32,915,1934.0
233,24,17,17,13,33,727,1993.0
234,23,2,35,14,23,798,1383.0
235,24,30,36,11,29,613,1765.0
236,23,28,74,14,33,802,2037.0
237,3,8,68,15,30,843,1802.0
238,21,12,45,15,24,896,1471.0
239,5,22,62,14,29,794,1797.0
240,14,28,38,13,26,744,1602.0
241,9,26,47,15,26,841,1610.0
242,24,4,71,12,43,720,2590.0
243,25,5,56,13,30,770,1810.0
244,18,8,49,13,35,756,2118.0
245,4,18,31,11,38,631,2285.0
246,21,6,69,13,32,729,1943.0
247,30,11,53,15,33,846,2002.0
248,19,22,39,17,34,990,2087.0
249,10,29,40,15,31,847,1893.0
250,2,11,64,13,28,737,1706.0
251,23,10,54,16,35,947,2154.0
252,22,7,31,13,27,734,1653.0
253,20,14,57,16,39,926,2380.0
254,7,21,47,12,40,684,2434.0
255,7,30,49,13,43,774,2598.0
256,30,29,19,14,33,828,2019.0
257,14,10,57,13,34,777,2044.0
258,3,17,45,13,28,775,1705.0
259,10,26,28,13,25,748,1543.0
260,2,17,23,13,27,728,1646.0
261,23,29,71,16,36,919,2203.0
262,29,17,58,13,34,736,2098.0
263,10,15,52,15,26,898,1595.0
264,10,22,44,13,29,748,1769.0
265,9,6,38,15,31,861,1897.0
266,11,24,61,14,34,824,2083.0
267,14,8,27,15,31,863,1865.0
268,24,10,57,14,35,788,2146.0
269,6,2,21,12,24,677,1455.0
270,4,14,17,13,22,732,1340.0
271,1,20,71,14,34,790,2080.0
272,7,22,70,14,38,786,2317.0
273,27,22,15,14,31,809,1875.0
274,25,29,73,13,33,764,2022.0
275,16,2,45,15,27,841,1675.0
276,5,24,17,15,30,862,1815.0
277,9,27,68,11,29,623,1766.0
278,3,15,64,11,21,654,1284.0
279,14,20,17,14,24,809,1457.0
280,24,12,54,16,36,944,2191.0
281,5,2,45,13,31,779,1870.0
282,6,23,38,11,34,637,2092.0
283,8,20,71,15,41,871,2506.0
284,24,22,38,14,35,805,2111.0
285,28,3,21,13,30,738,1837.0
286,10,23,53,13,34,740,2048.0
287,17,1,69,15,32,895,1964.0
288,16,21,33,14,35,831,2102.0
289,3,12,22,14,37,829,2272.0
290,13,29,16,13,38,770,2283.0
291,25,3,27,15,36,841,2169.0
292,3,9,72,12,32,678,1942.0
293,12,5,73,15,40,856,2405.0
294,17,14,38,12,31,687,1860.0
295,28,11,22,16,37,910,2243.0
296,22,10,44,12,21,713,1313.0
297,17,24,30,14,27,806,1634.0
298,12,19,27,12,34,676,2043.0
299,12,13,41,13,38,743,2315.0
300,18,9,61,15,35,860,2149.0
301,7,10,21,14,43,824,2610.0
302,30,28,21,14,32,840,1924.0
303,19,1,39,14,37,800,2228.0
304,14,22,37,10,28,592,1733.0
305,15,1,23,13,24,728,1462.0
306,20,24,58,12,24,674,1496.0
307,6,8,67,12,31,702,1860.0
308,7,27,64,14,42,836,2547.0
309,7,3,68,12,44,710,2651.0
310,7,5,18,16,45,918,2729.0
311,12,11,63,16,47,959,2851.0
312,13,19,30,12,30,680,1852.0
313,22,6,53,13,27,762,1663.0
314,9,29,48,11,28,619,1715.0
315,1,19,20,14,34,810,2085.0
316,27,10,40,15,35,877,2127.0
317,22,27,37,15,29,859,1775.0
318,1,24,59,13,35,744,2144.0
319,20,27,47,12,39,670,2399.0
320,22,12,68,12,32,707,1954.0
321,19,7,42,14,29,833,1752.0
322,11,13,63,10,30,580,1833.0
323,11,23,55,14,41,782,2475.0
324,7,26,71,12,45,693,2743.0
325,27,20,40,13,30,759,1830.0
326,23,6,71,15,39,846,2393.0
327,16,29,26,12,25,707,1557.0
328,5,4,59,12,34,681,2048.0
329,13,4,15,14,37,840,2249.0
330,30,9,69,14,29,798,1797.0
331,20,26,20,16,39,901,2341.0
332,6,5,49,14,33,782,2012.0
333,3,28,15,13,22,724,1333.0
334,23,9,15,11,25,659,1502.0
335,19,17,17,13,28,748,1729.0
336,2,1,42,13,33,770,2007.0
337,8,10,20,14,36,809,2180.0
338,29,16,55,14,27,799,1635.0
339,28,12,55,16,36,904,2196.0
340,17,13,53,14,24,834,1463.0
341,28,22,71,13,27,771,1652.0
342,21,3,31,14,31,832,1864.0
343,4,24,19,15,38,853,2286.0
344,10,21,69,13,27,734,1662.0
345,7,20,50,16,39,901,2387.0
346,21,9,58,15,31,853,1898.0
347,13,17,15,13,36,740,2209.0
348,2,29,65,14,37,819,2260.0
349,19,16,18,12,39,719,2377.0
350,20,10,69,14,35,808,2103.0
351,29,20,61,14,42,812,2532.0
352,18,22,73,15,37,853,2224.0
353,21,15,37,14,36,826,2219.0
354,13,11,38,15,31,869,1882.0
355,16,10,62,14,33,792,2004.0
356,22,23,22,12,30,705,1826.0
357,18,6,36,14,24,829,1454.0
358,17,12,35,12,35,712,2145.0
359,30,19,46,12,23,715,1398.0
360,12,24,43,11,36,648,2164.0
361,27,23,45,13,29,774,1753.0
362,28,15,72,13,30,723,1837.0
363,27,1,26,14,39,829,2376.0
364,13,9,43,12,28,690,1685.0
365,8,3,44,11,34,658,2084.0
366,10,18,65,13,28,765,1704.0
367,27,6,31,12,34,720,2046.0
368,11,8,23,13,36,721,2214.0
369,4,5,22,15,39,894,2364.0
370,26,2,61,13,29,747,1799.0
371,18,29,17,13,28,760,1711.0
372,7,14,22,16,43,906,2629.0
373,4,6,46,15,37,842,2266.0
374,28,7,44,14,27,837,1671.0
375,23,1,58,16,38,920,2332.0
376,19,24,38,15,34,859,2054.0
377,22,26,46,14,28,793,1691.0
378,14,29,51,14,30,788,1825.0
379,6,14,28,14,35,789,2113.0
380,25,23,70,16,33,922,2015.0
381,21,30,32,14,33,797,2018.0
382,8,1,31,12,32,700,1972.0
383,13,12,34,12,39,696,2344.0
384,4,11,72,13,34,755,2068.0
385,14,2,58,13,32,767,1941.0
386,5,30,57,11,26,601,1606.0
387,6,27,52,13,30,726,1811.0
388,5,7,26,14,34,781,2062.0
389,27,29,71,13,33,753,2033.0
390,27,14,45,14,35,788,2103.0
391,22,25,26,15,31,893,1876.0
392,19,4,32,11,36,640,2197.0
393,26,7,49,12,24,698,1452.0
394,2,30,62,12,35,709,2142.0
395,21,17,32,15,30,870,1831.0
396,26,1,61,12,30,706,1835.0
397,30,3,71,16,31,953,1864.0
398,2,16,62,13,33,770,2000.0
399,16,8,68,12,29,701,1767.0
horizon=47
