NODES,20
1,1,-,-
2,2,-,-
3,3,-,-
4,4,-,-
5,5,-,-
6,6,-,-
7,7,-,-
8,8,-,-
9,9,-,-
10,10,-,-
11,11,-,-
12,12,-,-
13,13,-,-
14,14,-,-
15,15,-,-
16,16,-,-
17,17,-,-
18,18,-,-
19,19,-,-
20,20,-,-
ARCS,294
0,1,13,46,276,1922,101,502,502.0
1,1,6,43,144,1506,53,262,262.0
2,1,7,23,192,1826,70,350,350.0
3,1,20,14,815,717,297,1482,1482.0
4,1,14,17,719,449,262,1308,1308.0
5,1,8,26,1079,1850,393,1962,1962.0
6,1,11,14,899,845,327,1635,1635.0
7,1,16,19,983,693,358,1788,1788.0
8,1,5,5,1175,1670,428,2137,2137.0
9,1,3,20,612,1994,223,1113,1113.0
10,1,18,46,456,1114,166,830,830.0
11,1,10,12,779,1106,284,1417,1417.0
12,1,4,7,360,1546,131,655,655.0
13,1,9,44,192,1298,70,350,350.0
14,1,17,32,1055,817,384,1919,1919.0
15,1,15,39,827,1202,301,1504,1504.0
16,1,2,8,384,1434,140,699,699.0
17,2,8,41,1091,973,397,1984,1984.0
18,2,9,28,456,1434,166,830,830.0
19,2,1,15,648,825,236,1179,1179.0
20,2,12,10,504,1474,184,917,917.0
21,2,6,46,851,1130,310,1548,1548.0
22,2,15,35,1187,1130,432,2159,2159.0
23,2,7,7,1139,1830,415,2071,2071.0
24,2,5,24,348,561,127,633,633.0
25,2,19,32,192,701,70,350,350.0
26,2,16,27,1079,1194,393,1962,1962.0
27,2,10,5,731,1170,266,1330,1330.0
28,2,4,29,983,1230,358,1788,1788.0
29,2,18,9,168,1594,62,306,306.0
30,3,20,16,264,1550,96,480,480.0
31,3,15,18,791,1690,288,1439,1439.0
32,3,6,48,468,1466,171,851,851.0
33,3,17,23,276,417,101,502,502.0
34,3,10,41,839,1378,306,1526,1526.0
35,3,7,18,312,1958,114,568,568.0
36,3,13,37,204,757,75,371,371.0
37,3,12,17,468,649,171,851,851.0
38,3,1,12,1019,773,371,1853,1853.0
39,3,14,26,456,1694,166,830,830.0
40,3,16,17,552,401,201,1004,1004.0
41,3,2,22,336,1458,123,611,611.0
42,3,4,18,959,1142,349,1744,1744.0
43,4,15,16,791,1230,288,1439,1439.0
44,4,9,13,144,493,53,262,262.0
45,4,16,29,156,673,57,284,284.0
46,4,17,29,815,1402,297,1482,1482.0
47,4,3,41,204,1998,75,371,371.0
48,4,10,19,636,1730,232,1157,1157.0
49,4,13,18,971,549,354,1766,1766.0
50,4,6,18,240,1846,88,437,437.0
51,4,7,36,432,1642,158,786,786.0
52,4,2,48,420,441,153,764,764.0
53,4,11,37,144,617,53,262,262.0
54,5,7,23,612,469,223,1113,1113.0
55,5,9,31,1079,1938,393,1962,1962.0
56,5,14,18,1079,1017,393,1962,1962.0
57,5,16,46,707,1278,258,1286,1286.0
58,5,15,20,324,1494,118,590,590.0
59,5,3,32,911,1102,332,1657,1657.0
60,5,12,25,1067,1222,388,1940,1940.0
61,5,11,34,1163,1630,423,2115,2115.0
62,5,19,9,1175,1370,428,2137,2137.0
63,5,1,20,192,425,70,350,350.0
64,5,4,36,252,1690,92,459,459.0
65,5,6,46,396,1854,144,720,720.0
66,5,20,22,743,721,271,1351,1351.0
67,5,10,12,983,693,358,1788,1788.0
68,5,2,47,899,853,327,1635,1635.0
69,6,14,18,288,1782,105,524,524.0
70,6,8,5,384,781,140,699,699.0
71,6,19,37,683,469,249,1242,1242.0
72,6,20,9,1151,1718,419,2093,2093.0
73,6,13,29,743,1686,271,1351,1351.0
74,6,2,45,875,1954,319,1591,1591.0
75,6,17,35,791,473,288,1439,1439.0
76,6,15,23,1103,509,402,2006,2006.0
77,6,10,29,456,873,166,830,830.0
78,6,7,11,1043,1246,380,1897,1897.0
79,6,12,26,636,1013,232,1157,1157.0
80,6,9,35,216,1782,79,393,393.0
81,6,11,47,695,885,253,1264,1264.0
82,6,4,16,839,1554,306,1526,1526.0
83,6,1,41,288,1834,105,524,524.0
84,6,18,27,144,897,53,262,262.0
85,6,16,39,1055,1098,384,1919,1919.0
86,6,5,49,456,1618,166,830,830.0
87,6,3,41,624,805,227,1135,1135.0
88,7,14,24,564,1570,206,1026,1026.0
89,7,16,36,228,1362,83,415,415.0
90,7,18,18,312,797,114,568,568.0
91,7,20,10,899,1354,327,1635,1635.0
92,7,11,33,216,1138,79,393,393.0
93,7,6,22,552,1886,201,1004,1004.0
94,7,12,41,815,765,297,1482,1482.0
95,7,2,27,1115,1098,406,2028,2028.0
96,7,4,10,743,441,271,1351,1351.0
97,7,10,37,659,1774,240,1199,1199.0
98,7,9,42,192,721,70,350,350.0
99,7,13,21,1115,765,406,2028,2028.0
100,7,5,34,863,489,314,1570,1570.0
101,7,19,38,276,1834,101,502,502.0
102,7,3,36,312,1582,114,568,568.0
103,7,17,23,228,1862,83,415,415.0
104,7,15,34,564,1266,206,1026,1026.0
105,7,1,5,456,649,166,830,830.0
106,8,5,6,851,1658,310,1548,1548.0
107,8,1,49,144,469,53,262,262.0
108,8,9,30,1055,1962,384,1919,1919.0
109,8,12,42,1163,665,423,2115,2115.0
110,8,10,43,995,457,362,1810,1810.0
111,8,15,41,947,1414,345,1722,1722.0
112,8,3,49,432,1762,158,786,786.0
113,8,18,38,144,1021,53,262,262.0
114,8,2,33,312,721,114,568,568.0
115,8,19,38,240,417,88,437,437.0
116,9,8,22,504,473,184,917,917.0
117,9,13,19,707,1702,258,1286,1286.0
118,9,17,9,1043,957,380,1897,1897.0
119,9,7,36,624,1650,227,1135,1135.0
120,9,6,33,719,1414,262,1308,1308.0
121,9,12,16,324,1042,118,590,590.0
122,9,5,10,839,713,306,1526,1526.0
123,9,19,40,396,1286,144,720,720.0
124,9,11,32,624,1190,227,1135,1135.0
125,9,1,31,492,905,179,895,895.0
126,9,18,26,959,557,349,1744,1744.0
127,9,3,24,1163,449,423,2115,2115.0
128,9,14,42,1055,413,384,1919,1919.0
129,9,16,33,743,453,271,1351,1351.0
130,9,2,9,120,665,44,219,219.0
131,9,15,20,1055,897,384,1919,1919.0
132,9,10,33,144,1986,53,262,262.0
133,10,20,36,1055,489,384,1919,1919.0
134,10,16,12,624,1422,227,1135,1135.0
135,10,13,46,803,1734,292,1460,1460.0
136,10,4,34,1019,1694,371,1853,1853.0
137,10,6,34,899,1230,327,1635,1635.0
138,10,9,48,767,1822,279,1395,1395.0
139,10,2,13,228,653,83,415,415.0
140,10,11,23,1091,993,397,1984,1984.0
141,10,3,42,216,1858,79,393,393.0
142,11,3,45,1151,1382,419,2093,2093.0
143,11,19,39,372,1330,136,677,677.0
144,11,6,37,1007,1434,367,1831,1831.0
145,11,14,37,432,1438,158,786,786.0
146,11,12,24,863,1322,314,1570,1570.0
147,11,18,18,791,953,288,1439,1439.0
148,11,7,8,1079,1378,393,1962,1962.0
149,11,4,28,947,769,345,1722,1722.0
150,11,16,19,683,413,249,1242,1242.0
151,11,2,26,192,1242,70,350,350.0
152,11,10,28,132,641,48,240,240.0
153,11,1,41,875,685,319,1591,1591.0
154,11,13,33,564,501,206,1026,1026.0
155,11,8,25,276,1005,101,502,502.0
156,11,15,28,636,1554,232,1157,1157.0
157,11,17,49,875,1726,319,1591,1591.0
158,12,5,36,1031,1598,375,1875,1875.0
159,12,10,7,839,1190,306,1526,1526.0
160,12,17,19,528,1346,192,960,960.0
161,12,8,19,995,1970,362,1810,1810.0
162,12,15,6,132,661,48,240,240.0
163,12,1,42,480,1058,175,873,873.0
164,12,4,14,959,733,349,1744,1744.0
165,12,19,37,779,693,284,1417,1417.0
166,12,2,10,288,637,105,524,524.0
167,12,18,47,180,897,66,328,328.0
168,12,20,15,264,1542,96,480,480.0
169,12,7,17,959,925,349,1744,1744.0
170,12,6,12,695,1494,253,1264,1264.0
171,12,3,49,468,1062,171,851,851.0
172,12,13,13,731,525,266,1330,1330.0
173,12,16,14,1019,1222,371,1853,1853.0
174,12,9,19,432,1294,158,786,786.0
175,13,18,19,420,1578,153,764,764.0
176,13,20,20,324,897,118,590,590.0
177,13,17,42,444,1966,162,808,808.0
178,13,12,28,1019,537,371,1853,1853.0
179,13,10,29,312,553,114,568,568.0
180,13,19,13,396,1942,144,720,720.0
181,13,2,6,252,1258,92,459,459.0
182,13,11,37,384,465,140,699,699.0
183,13,7,5,1151,645,419,2093,2093.0
184,13,4,14,1091,1610,397,1984,1984.0
185,13,16,20,588,1730,214,1070,1070.0
186,13,9,24,444,1166,162,808,808.0
187,13,1,49,1091,1562,397,1984,1984.0
188,13,15,25,264,1334,96,480,480.0
189,13,3,31,719,1794,262,1308,1308.0
190,13,8,43,1127,873,410,2050,2050.0
191,13,6,22,480,1730,175,873,873.0
192,13,5,21,348,1194,127,633,633.0
193,13,14,31,216,929,79,393,393.0
194,14,3,12,264,1686,96,480,480.0
195,14,11,15,384,1358,140,699,699.0
196,14,12,44,468,1422,171,851,851.0
197,14,17,28,240,989,88,437,437.0
198,14,19,20,779,593,284,1417,1417.0
199,14,6,16,971,1662,354,1766,1766.0
200,14,7,36,1031,1818,375,1875,1875.0
201,14,15,11,719,1630,262,1308,1308.0
202,14,20,15,576,549,210,1048,1048.0
203,14,5,28,1175,1938,428,2137,2137.0
204,14,16,36,360,1218,131,655,655.0
205,14,4,8,204,509,75,371,371.0
206,14,13,18,528,749,192,960,960.0
207,14,9,5,863,1506,314,1570,1570.0
208,15,10,46,803,845,292,1460,1460.0
209,15,20,47,264,1786,96,480,480.0
210,15,11,29,1163,1414,423,2115,2115.0
211,15,1,47,1187,1130,432,2159,2159.0
212,15,9,38,1091,1250,397,1984,1984.0
213,15,5,12,144,1310,53,262,262.0
214,15,2,5,540,885,197,982,982.0
215,15,8,37,791,1330,288,1439,1439.0
216,15,19,8,276,833,101,502,502.0
217,15,14,30,1187,1414,432,2159,2159.0
218,15,12,28,971,1702,354,1766,1766.0
219,15,4,16,120,1738,44,219,219.0
220,15,7,17,1043,805,380,1897,1897.0
221,15,16,23,156,1646,57,284,284.0
222,15,6,38,911,1017,332,1657,1657.0
223,15,13,46,540,1498,197,982,982.0
224,15,17,36,492,1558,179,895,895.0
225,15,18,27,743,1534,271,1351,1351.0
226,16,20,10,240,761,88,437,437.0
227,16,13,10,192,1146,70,350,350.0
228,16,8,24,923,1466,336,1679,1679.0
229,16,19,26,180,1518,66,328,328.0
230,16,1,28,1043,1582,380,1897,1897.0
231,16,15,44,528,593,192,960,960.0
232,16,4,11,420,1938,153,764,764.0
233,16,14,48,815,585,297,1482,1482.0
234,16,2,33,420,1806,153,764,764.0
235,16,18,24,432,1042,158,786,786.0
236,16,9,36,983,1314,358,1788,1788.0
237,16,17,5,228,1446,83,415,415.0
238,17,1,46,420,949,153,764,764.0
239,17,7,24,1175,1774,428,2137,2137.0
240,17,18,28,552,729,201,1004,1004.0
241,17,15,34,360,953,131,655,655.0
242,17,5,18,779,969,284,1417,1417.0
243,17,19,30,1067,665,388,1940,1940.0
244,17,14,43,588,893,214,1070,1070.0
245,17,9,6,1175,1674,428,2137,2137.0
246,17,10,20,288,673,105,524,524.0
247,17,12,38,192,1994,70,350,350.0
248,17,3,24,1019,1338,371,1853,1853.0
249,18,4,27,600,421,219,1091,1091.0
250,18,5,22,683,1182,249,1242,1242.0
251,18,1,44,432,537,158,786,786.0
252,18,10,15,216,941,79,393,393.0
253,18,12,38,204,1066,75,371,371.0
254,18,14,9,396,1310,144,720,720.0
255,18,9,31,120,1594,44,219,219.0
256,18,3,9,1031,1046,375,1875,1875.0
257,18,8,26,911,1050,332,1657,1657.0
258,18,16,29,240,873,88,437,437.0
259,19,15,5,372,1250,136,677,677.0
260,19,7,5,636,1174,232,1157,1157.0
261,19,6,40,216,745,79,393,393.0
262,19,18,19,588,1850,214,1070,1070.0
263,19,8,11,1187,469,432,2159,2159.0
264,19,17,32,1151,809,419,2093,2093.0
265,19,16,40,1127,1738,410,2050,2050.0
266,19,2,27,648,621,236,1179,1179.0
267,19,4,20,791,1134,288,1439,1439.0
268,19,10,26,360,1462,131,655,655.0
269,19,11,22,636,1166,232,1157,1157.0
270,19,12,12,803,737,292,1460,1460.0
271,19,20,31,1091,1558,397,1984,1984.0
272,19,14,25,1091,1230,397,1984,1984.0
273,19,13,45,288,869,105,524,524.0
274,19,3,29,396,1094,144,720,720.0
275,19,9,15,1151,1334,419,2093,2093.0
276,20,13,29,1031,793,375,1875,1875.0
277,20,3,31,1175,1902,428,2137,2137.0
278,20,5,45,312,1426,114,568,568.0
279,20,10,9,827,921,301,1504,1504.0
280,20,2,35,252,497,92,459,459.0
281,20,8,23,384,1782,140,699,699.0
282,20,17,23,276,797,101,502,502.0
283,20,1,8,671,485,244,1220,1220.0
284,20,6,39,420,1078,153,764,764.0
285,20,4,44,468,1138,171,851,851.0
286,20,15,8,444,641,162,808,808.0
287,20,9,30,947,685,345,1722,1722.0
288,20,18,33,384,833,140,699,699.0
289,20,11,14,636,609,232,1157,1157.0
290,20,19,24,935,1374,340,1700,1700.0
291,20,12,44,204,1250,75,371,371.0
292,20,7,49,360,1646,131,655,655.0
293,20,16,39,216,577,79,393,393.0
COMMODITIES,40
0,11,4,485,157,422,785,2112.0
1,15,1,389,168,326,836,1634.0
2,5,14,612,155,421,775,2107.0
3,8,13,548,165,362,824,1812.0
4,1,10,177,130,279,647,1397.0
5,4,14,531,108,336,540,1680.0
6,14,9,445,160,327,800,1637.0
7,20,7,649,184,357,920,1786.0
8,5,17,236,143,408,711,2041.0
9,14,1,248,172,454,856,2274.0
10,17,13,711,147,427,735,2137.0
11,11,7,350,175,431,874,2159.0
12,4,11,423,152,241,757,1206.0
13,18,3,546,164,366,820,1832.0
14,10,20,260,155,369,772,1845.0
15,11,19,174,172,336,856,1680.0
16,11,14,599,148,336,736,1684.0
17,12,2,292,196,340,979,1702.0
18,3,20,534,182,329,910,1645.0
19,2,15,309,188,416,936,2082.0
20,15,11,608,201,329,1001,1649.0
21,8,1,555,135,232,673,1163.0
22,14,18,656,194,449,966,2245.0
23,12,17,598,143,371,714,1856.0
24,12,11,266,147,326,732,1630.0
25,5,9,573,156,348,777,1744.0
26,7,16,668,122,255,607,1275.0
27,1,6,298,175,262,874,1312.0
28,16,1,533,205,483,1022,2417.0
29,6,12,229,136,291,679,1455.0
30,20,3,457,169,451,841,2256.0
31,8,11,532,133,370,661,1854.0
32,12,4,707,148,282,738,1412.0
33,18,11,594,166,420,830,2100.0
34,18,9,491,185,261,924,1306.0
35,3,13,589,159,266,792,1333.0
36,11,1,558,153,348,761,1740.0
37,19,5,569,172,400,857,2000.0
38,11,16,387,172,434,860,2174.0
39,1,17,310,163,362,815,1810.0
horizon=483
