NODES,20
1,1,-,-
2,2,-,-
3,3,-,-
4,4,-,-
5,5,-,-
6,6,-,-
7,7,-,-
8,8,-,-
9,9,-,-
10,10,-,-
11,11,-,-
12,12,-,-
13,13,-,-
14,14,-,-
15,15,-,-
16,16,-,-
17,17,-,-
18,18,-,-
19,19,-,-
20,20,-,-
ARCS,294
0,1,12,1,1104,227,402,2008,2008.0
1,1,10,7,204,249,75,371,371.0
2,1,14,4,1031,262,375,1875,1875.0
3,1,3,4,596,297,217,1084,1084.0
4,1,2,1,668,345,243,1215,1215.0
5,1,11,2,1118,135,407,2033,2033.0
6,1,8,3,392,323,143,713,713.0
7,1,17,9,697,549,254,1268,1268.0
8,1,20,2,726,127,264,1320,1320.0
9,1,5,9,872,459,318,1586,1586.0
10,1,7,6,581,135,212,1057,1057.0
11,2,1,7,1293,537,471,2351,2351.0
12,2,7,9,1133,498,412,2060,2060.0
13,2,8,7,639,403,233,1162,1162.0
14,2,12,8,755,485,275,1373,1373.0
15,2,17,7,1365,352,497,2482,2482.0
16,2,19,2,755,536,275,1373,1373.0
17,2,18,2,407,247,148,740,740.0
18,2,4,8,712,320,259,1295,1295.0
19,2,5,2,1278,243,465,2324,2324.0
20,2,15,9,1191,529,434,2166,2166.0
21,2,6,4,886,440,323,1611,1611.0
22,2,11,4,1002,111,365,1822,1822.0
23,2,9,6,726,271,264,1320,1320.0
24,2,20,1,915,151,333,1664,1664.0
25,2,3,4,1002,283,365,1822,1822.0
26,3,17,7,1438,270,523,2615,2615.0
27,3,1,8,770,420,280,1400,1400.0
28,3,5,9,305,279,111,555,555.0
29,3,10,8,944,492,344,1717,1717.0
30,3,4,2,1118,524,407,2033,2033.0
31,3,9,2,1409,215,513,2562,2562.0
32,3,18,9,697,486,254,1268,1268.0
33,3,20,9,189,307,69,344,344.0
34,3,15,6,770,337,280,1400,1400.0
35,3,6,9,654,274,238,1190,1190.0
36,3,12,1,842,463,307,1531,1531.0
37,3,11,9,973,212,354,1770,1770.0
38,3,8,2,494,455,180,899,899.0
39,3,19,8,407,419,148,740,740.0
40,3,13,7,625,306,228,1137,1137.0
41,3,2,6,392,467,143,713,713.0
42,3,7,2,1234,131,449,2244,2244.0
43,4,6,7,886,116,323,1611,1611.0
44,4,15,6,1147,487,418,2086,2086.0
45,4,20,7,1380,508,502,2510,2510.0
46,4,9,2,146,163,54,266,266.0
47,4,10,6,451,484,164,820,820.0
48,4,13,2,552,539,201,1004,1004.0
49,4,14,5,421,142,154,766,766.0
50,4,7,2,1336,439,486,2430,2430.0
51,4,18,3,1307,527,476,2377,2377.0
52,4,19,2,755,480,275,1373,1373.0
53,4,11,2,915,322,333,1664,1664.0
54,4,1,3,1336,148,486,2430,2430.0
55,4,16,3,1423,215,518,2588,2588.0
56,4,17,4,436,177,159,793,793.0
57,4,5,3,1017,297,370,1850,1850.0
58,5,19,9,262,516,96,477,477.0
59,5,10,9,1176,261,428,2139,2139.0
60,5,14,5,1249,162,455,2271,2271.0
61,5,4,2,363,153,132,660,660.0
62,5,1,3,204,195,75,371,371.0
63,5,18,4,1017,227,370,1850,1850.0
64,5,11,1,1205,273,439,2191,2191.0
65,5,12,3,1220,282,444,2219,2219.0
66,5,13,7,1118,312,407,2033,2033.0
67,5,16,4,509,251,186,926,926.0
68,5,2,5,944,548,344,1717,1717.0
69,5,20,9,1336,113,486,2430,2430.0
70,5,3,9,247,217,90,450,450.0
71,5,6,5,741,402,270,1348,1348.0
72,5,17,1,901,122,328,1639,1639.0
73,5,7,3,930,349,339,1691,1691.0
74,6,20,7,218,420,80,397,397.0
75,6,3,7,639,240,233,1162,1162.0
76,6,19,1,1351,246,492,2457,2457.0
77,6,9,9,320,222,117,582,582.0
78,6,12,9,1017,216,370,1850,1850.0
79,6,7,1,1133,168,412,2060,2060.0
80,6,15,6,305,529,111,555,555.0
81,6,4,9,1046,391,381,1902,1902.0
82,6,13,4,1263,157,460,2297,2297.0
83,6,11,4,857,551,312,1559,1559.0
84,6,8,2,1176,157,428,2139,2139.0
85,6,2,3,451,290,164,820,820.0
86,6,5,9,291,200,106,530,530.0
87,6,18,7,973,453,354,1770,1770.0
88,6,1,6,930,199,339,1691,1691.0
89,6,10,5,1293,219,471,2351,2351.0
90,7,3,7,654,499,238,1190,1190.0
91,7,10,2,1220,268,444,2219,2219.0
92,7,11,4,1104,178,402,2008,2008.0
93,7,12,5,813,130,296,1479,1479.0
94,7,18,2,901,317,328,1639,1639.0
95,7,2,8,842,327,307,1531,1531.0
96,7,5,4,392,275,143,713,713.0
97,7,4,7,1191,136,434,2166,2166.0
98,7,14,4,218,318,80,397,397.0
99,7,8,5,799,398,291,1453,1453.0
100,7,13,7,857,520,312,1559,1559.0
101,7,6,8,349,373,127,635,635.0
102,7,17,3,1002,389,365,1822,1822.0
103,7,19,5,1394,394,507,2535,2535.0
104,8,15,3,567,133,207,1031,1031.0
105,8,6,3,407,232,148,740,740.0
106,8,11,3,901,176,328,1639,1639.0
107,8,14,3,799,551,291,1453,1453.0
108,8,5,1,407,233,148,740,740.0
109,8,9,1,697,223,254,1268,1268.0
110,8,19,1,842,168,307,1531,1531.0
111,8,20,2,233,432,85,424,424.0
112,8,18,3,668,168,243,1215,1215.0
113,8,3,8,683,159,249,1242,1242.0
114,8,13,7,1307,221,476,2377,2377.0
115,8,2,3,1191,217,434,2166,2166.0
116,8,16,3,320,506,117,582,582.0
117,8,4,4,799,529,291,1453,1453.0
118,8,12,1,451,216,164,820,820.0
119,9,20,1,1293,271,471,2351,2351.0
120,9,19,2,901,388,328,1639,1639.0
121,9,7,3,523,518,191,951,951.0
122,9,18,2,247,530,90,450,450.0
123,9,2,6,1220,201,444,2219,2219.0
124,9,16,3,625,485,228,1137,1137.0
125,9,12,7,363,375,132,660,660.0
126,9,1,1,915,258,333,1664,1664.0
127,9,5,8,1046,496,381,1902,1902.0
128,9,8,8,697,248,254,1268,1268.0
129,9,13,4,770,417,280,1400,1400.0
130,9,17,1,1409,210,513,2562,2562.0
131,9,4,4,1365,296,497,2482,2482.0
132,9,14,8,1423,131,518,2588,2588.0
133,9,3,6,1293,347,471,2351,2351.0
134,9,6,4,1089,444,396,1980,1980.0
135,9,15,3,552,314,201,1004,1004.0
136,9,11,9,1336,237,486,2430,2430.0
137,9,10,9,291,363,106,530,530.0
138,10,20,8,1423,517,518,2588,2588.0
139,10,5,1,1322,113,481,2404,2404.0
140,10,9,2,160,369,59,291,291.0
141,10,7,7,726,358,264,1320,1320.0
142,10,4,2,581,400,212,1057,1057.0
143,10,14,5,1365,547,497,2482,2482.0
144,10,1,5,480,384,175,873,873.0
145,10,19,7,1046,499,381,1902,1902.0
146,10,11,1,828,297,302,1506,1506.0
147,10,18,8,407,373,148,740,740.0
148,10,17,9,1220,129,444,2219,2219.0
149,10,3,3,1220,305,444,2219,2219.0
150,10,2,9,247,476,90,450,450.0
151,10,15,2,784,450,286,1426,1426.0
152,10,12,2,523,548,191,951,951.0
153,10,13,8,349,479,127,635,635.0
154,10,16,8,1017,303,370,1850,1850.0
155,11,9,5,1307,171,476,2377,2377.0
156,11,18,1,915,310,333,1664,1664.0
157,11,6,5,988,226,360,1797,1797.0
158,11,10,3,363,467,132,660,660.0
159,11,2,8,1293,312,471,2351,2351.0
160,11,3,7,378,338,138,688,688.0
161,11,4,7,1322,419,481,2404,2404.0
162,11,7,1,407,545,148,740,740.0
163,11,16,2,1307,281,476,2377,2377.0
164,11,8,3,1365,410,497,2482,2482.0
165,11,19,1,988,545,360,1797,1797.0
166,12,18,3,247,448,90,450,450.0
167,12,2,4,233,281,85,424,424.0
168,12,20,3,784,112,286,1426,1426.0
169,12,7,3,639,265,233,1162,1162.0
170,12,13,9,509,182,186,926,926.0
171,12,1,1,944,126,344,1717,1717.0
172,12,5,4,1278,482,465,2324,2324.0
173,12,9,4,1220,506,444,2219,2219.0
174,12,14,8,1075,508,391,1955,1955.0
175,12,11,5,189,531,69,344,344.0
176,12,17,9,494,523,180,899,899.0
177,12,6,6,697,112,254,1268,1268.0
178,12,4,6,654,401,238,1190,1190.0
179,12,15,1,1394,527,507,2535,2535.0
180,12,16,2,436,379,159,793,793.0
181,13,11,1,334,279,122,608,608.0
182,13,5,5,189,543,69,344,344.0
183,13,9,2,639,186,233,1162,1162.0
184,13,15,6,915,273,333,1664,1664.0
185,13,16,9,1176,355,428,2139,2139.0
186,13,19,5,1075,386,391,1955,1955.0
187,13,14,4,320,445,117,582,582.0
188,13,1,7,218,452,80,397,397.0
189,13,4,3,305,421,111,555,555.0
190,13,20,5,886,410,323,1611,1611.0
191,13,8,1,1336,137,486,2430,2430.0
192,13,7,3,1191,441,434,2166,2166.0
193,13,18,9,523,201,191,951,951.0
194,13,12,4,363,505,132,660,660.0
195,13,10,4,683,406,249,1242,1242.0
196,13,6,8,421,183,154,766,766.0
197,13,3,8,1293,243,471,2351,2351.0
198,13,17,9,799,470,291,1453,1453.0
199,13,2,5,305,412,111,555,555.0
200,14,13,3,1307,524,476,2377,2377.0
201,14,15,7,1278,201,465,2324,2324.0
202,14,17,1,596,482,217,1084,1084.0
203,14,18,6,1147,265,418,2086,2086.0
204,14,7,7,610,162,222,1110,1110.0
205,14,1,9,494,518,180,899,899.0
206,14,11,3,581,297,212,1057,1057.0
207,14,20,4,334,443,122,608,608.0
208,14,5,2,639,217,233,1162,1162.0
209,14,4,5,610,465,222,1110,1110.0
210,14,9,8,799,380,291,1453,1453.0
211,14,12,9,349,530,127,635,635.0
212,14,3,3,1060,524,386,1928,1928.0
213,14,16,4,1089,485,396,1980,1980.0
214,14,2,2,552,343,201,1004,1004.0
215,14,8,9,1293,518,471,2351,2351.0
216,15,16,4,436,490,159,793,793.0
217,15,8,5,146,114,54,266,266.0
218,15,20,2,1365,397,497,2482,2482.0
219,15,6,7,1046,547,381,1902,1902.0
220,15,5,4,1176,353,428,2139,2139.0
221,15,7,4,1060,352,386,1928,1928.0
222,15,10,2,1205,254,439,2191,2191.0
223,15,17,2,726,368,264,1320,1320.0
224,15,11,2,973,305,354,1770,1770.0
225,15,13,6,625,315,228,1137,1137.0
226,15,2,5,1031,177,375,1875,1875.0
227,15,9,1,276,520,101,502,502.0
228,15,4,1,552,381,201,1004,1004.0
229,15,1,7,552,416,201,1004,1004.0
230,15,18,1,262,254,96,477,477.0
231,15,12,1,567,146,207,1031,1031.0
232,15,3,7,1205,494,439,2191,2191.0
233,15,14,3,1205,246,439,2191,2191.0
234,15,19,9,610,525,222,1110,1110.0
235,16,11,1,668,546,243,1215,1215.0
236,16,12,2,567,162,207,1031,1031.0
237,16,4,7,175,147,64,319,319.0
238,16,13,7,1278,483,465,2324,2324.0
239,16,17,5,363,487,132,660,660.0
240,16,8,4,886,167,323,1611,1611.0
241,16,14,8,959,337,349,1744,1744.0
242,16,20,2,436,503,159,793,793.0
243,16,2,8,886,260,323,1611,1611.0
244,16,5,3,421,440,154,766,766.0
245,16,10,1,639,495,233,1162,1162.0
246,16,19,9,828,326,302,1506,1506.0
247,16,1,8,276,180,101,502,502.0
248,17,14,3,1336,399,486,2430,2430.0
249,17,3,2,639,367,233,1162,1162.0
250,17,13,2,465,382,170,846,846.0
251,17,1,9,1147,507,418,2086,2086.0
252,17,9,5,465,516,170,846,846.0
253,17,4,4,523,536,191,951,951.0
254,17,8,6,596,282,217,1084,1084.0
255,17,20,8,1394,142,507,2535,2535.0
256,17,15,7,378,195,138,688,688.0
257,17,2,4,262,226,96,477,477.0
258,17,18,2,509,451,186,926,926.0
259,18,19,6,262,371,96,477,477.0
260,18,17,4,1075,114,391,1955,1955.0
261,18,20,8,421,518,154,766,766.0
262,18,12,7,1380,315,502,2510,2510.0
263,18,7,8,1046,182,381,1902,1902.0
264,18,13,5,857,540,312,1559,1559.0
265,18,9,7,523,327,191,951,951.0
266,18,2,2,755,239,275,1373,1373.0
267,18,5,5,480,281,175,873,873.0
268,18,3,9,1031,374,375,1875,1875.0
269,18,6,9,1162,297,423,2113,2113.0
270,18,15,4,349,247,127,635,635.0
271,18,14,1,581,290,212,1057,1057.0
272,18,1,1,1147,326,418,2086,2086.0
273,19,15,6,1293,480,471,2351,2351.0
274,19,4,7,146,264,54,266,266.0
275,19,7,4,1205,388,439,2191,2191.0
276,19,13,8,1394,523,507,2535,2535.0
277,19,20,9,654,285,238,1190,1190.0
278,19,17,8,1002,232,365,1822,1822.0
279,19,9,5,1278,285,465,2324,2324.0
280,19,16,7,509,227,186,926,926.0
281,19,5,1,1307,392,476,2377,2377.0
282,19,3,7,421,548,154,766,766.0
283,20,11,4,1220,308,444,2219,2219.0
284,20,15,9,1147,134,418,2086,2086.0
285,20,10,1,625,205,228,1137,1137.0
286,20,1,1,175,454,64,319,319.0
287,20,19,5,247,518,90,450,450.0
288,20,17,5,378,488,138,688,688.0
289,20,2,8,1147,273,418,2086,2086.0
290,20,6,1,828,380,302,1506,1506.0
291,20,8,8,1322,329,481,2404,2404.0
292,20,7,8,233,184,85,424,424.0
293,20,18,6,523,341,191,951,951.0
COMMODITIES,200
0,7,2,44,241,624,1202,3121.0
1,10,5,34,254,537,1268,2688.0
2,8,4,18,236,543,1179,2718.0
3,13,5,59,219,374,1092,1871.0
4,1,11,47,255,679,1271,3397.0
5,5,7,44,231,555,1154,2779.0
6,10,19,38,243,604,1211,3020.0
7,18,2,74,185,588,925,2942.0
8,8,18,46,224,560,1117,2803.0
9,11,10,16,227,452,1131,2261.0
10,19,2,47,208,583,1037,2916.0
11,1,14,19,242,627,1210,3138.0
12,8,1,57,205,486,1024,2433.0
13,15,8,24,229,380,1142,1904.0
14,10,3,18,228,631,1137,3158.0
15,5,14,26,187,594,934,2971.0
16,20,17,16,230,460,1148,2300.0
17,11,8,38,221,646,1105,3231.0
18,12,9,25,207,537,1032,2688.0
19,19,18,36,262,560,1307,2803.0
20,5,17,60,191,586,951,2933.0
21,15,18,46,242,473,1208,2368.0
22,8,17,56,240,557,1200,2785.0
23,7,12,46,227,541,1133,2705.0
24,20,11,17,239,700,1193,3501.0
25,2,10,17,183,683,912,3418.0
26,20,12,45,217,612,1083,3064.0
27,4,11,21,203,546,1015,2730.0
28,19,20,56,215,555,1071,2779.0
29,10,6,66,223,642,1113,3213.0
30,18,16,58,246,664,1227,3321.0
31,14,13,55,203,619,1014,3095.0
32,5,16,52,212,499,1060,2496.0
33,13,3,72,197,464,982,2320.0
34,20,7,32,234,432,1168,2162.0
35,11,17,65,217,647,1084,3238.0
36,11,19,30,195,587,973,2936.0
37,12,14,48,235,635,1171,3179.0
38,7,18,47,226,638,1127,3193.0
39,9,10,19,203,400,1015,2002.0
40,20,16,62,246,637,1228,3188.0
41,6,19,46,213,494,1064,2473.0
42,16,14,46,207,549,1033,2749.0
43,17,16,38,197,604,981,3021.0
44,10,17,32,212,685,1056,3425.0
45,18,10,37,227,612,1133,3060.0
46,1,10,58,240,431,1200,2158.0
47,11,13,59,239,614,1194,3071.0
48,1,3,58,229,525,1141,2628.0
49,10,15,34,231,588,1155,2943.0
50,19,16,19,231,532,1151,2661.0
51,17,19,52,264,640,1319,3204.0
52,8,7,54,241,525,1203,2629.0
53,4,17,59,199,438,995,2192.0
54,3,17,74,217,529,1082,2647.0
55,7,17,22,193,581,963,2906.0
56,15,17,30,214,575,1069,2879.0
57,4,2,42,206,569,1030,2848.0
58,14,2,65,225,530,1121,2650.0
59,13,8,53,236,557,1179,2785.0
60,16,6,30,187,679,933,3398.0
61,19,1,52,232,631,1156,3157.0
62,6,16,60,188,561,936,2809.0
63,2,13,55,225,782,1121,3911.0
64,1,12,53,242,619,1206,3096.0
65,5,3,52,226,392,1128,1964.0
66,13,9,69,220,511,1097,2558.0
67,15,16,62,279,544,1392,2720.0
68,1,16,33,170,569,849,2847.0
69,15,5,57,158,456,786,2280.0
70,2,14,25,238,711,1186,3558.0
71,17,18,34,231,544,1153,2720.0
72,15,11,44,238,613,1188,3066.0
73,6,20,61,248,448,1237,2244.0
74,17,3,23,255,604,1275,3022.0
75,19,6,21,211,696,1054,3481.0
76,12,11,28,230,382,1148,1911.0
77,14,18,33,202,518,1008,2590.0
78,2,9,59,218,590,1086,2954.0
79,8,9,25,199,549,993,2748.0
80,7,8,59,183,564,912,2822.0
81,13,18,52,219,510,1094,2552.0
82,15,2,26,182,577,909,2888.0
83,18,12,29,226,689,1128,3447.0
84,9,11,50,251,569,1253,2846.0
85,7,9,29,245,602,1221,3010.0
86,18,3,21,221,576,1104,2883.0
87,4,15,68,210,565,1047,2828.0
88,6,9,45,222,474,1108,2370.0
89,15,20,33,244,538,1218,2693.0
90,10,16,41,204,583,1018,2917.0
91,9,7,30,210,524,1049,2621.0
92,1,7,29,220,554,1100,2771.0
93,2,20,16,203,609,1015,3048.0
94,20,13,23,238,622,1189,3113.0
95,17,8,73,223,501,1114,2506.0
96,1,13,20,182,498,908,2490.0
97,3,8,19,222,516,1110,2580.0
98,19,14,51,262,591,1306,2958.0
99,16,20,50,208,481,1039,2405.0
100,7,6,38,246,474,1230,2370.0
101,13,11,20,250,500,1246,2503.0
102,13,10,45,220,524,1098,2623.0
103,18,5,42,213,483,1062,2417.0
104,12,15,46,217,559,1082,2797.0
105,14,9,26,200,575,1000,2879.0
106,11,7,35,222,451,1108,2256.0
107,2,16,25,205,664,1023,3320.0
108,20,5,35,238,538,1190,2691.0
109,12,18,47,236,407,1179,2036.0
110,20,15,50,227,608,1132,3041.0
111,16,13,70,204,579,1020,2895.0
112,12,5,23,241,614,1205,3070.0
113,18,14,25,251,565,1253,2825.0
114,4,7,57,207,586,1033,2933.0
115,18,13,69,238,667,1187,3339.0
116,6,8,29,226,500,1130,2500.0
117,6,5,26,213,471,1065,2355.0
118,19,13,45,201,554,1002,2771.0
119,2,7,29,237,758,1184,3792.0
120,9,15,67,179,487,892,2437.0
121,20,3,15,253,603,1264,3019.0
122,16,10,41,266,555,1327,2778.0
123,19,15,41,250,634,1248,3170.0
124,16,4,33,212,406,1058,2031.0
125,15,7,28,269,628,1343,3140.0
126,13,2,71,171,420,853,2101.0
127,13,19,45,216,505,1078,2528.0
128,20,6,31,252,586,1259,2933.0
129,4,19,30,232,573,1158,2869.0
130,8,3,40,238,580,1189,2900.0
131,16,19,42,239,618,1194,3094.0
132,13,7,70,197,607,981,3035.0
133,5,20,62,235,504,1175,2520.0
134,15,4,44,228,514,1139,2572.0
135,13,1,54,209,423,1045,2117.0
136,20,4,54,248,481,1237,2406.0
137,16,2,31,219,551,1092,2755.0
138,8,11,52,215,569,1073,2847.0
139,4,1,23,223,618,1113,3094.0
140,2,18,32,206,479,1027,2398.0
141,13,15,53,201,585,1005,2925.0
142,1,17,17,209,559,1043,2799.0
143,16,15,33,275,675,1374,3376.0
144,15,1,53,208,519,1039,2595.0
145,15,12,70,189,477,945,2387.0
146,6,15,15,214,410,1070,2051.0
147,12,20,20,183,535,911,2677.0
148,1,2,71,253,556,1264,2784.0
149,5,8,73,224,518,1117,2594.0
150,5,18,59,216,591,1080,2956.0
151,17,20,68,271,675,1353,3375.0
152,17,7,27,210,681,1046,3409.0
153,6,3,72,243,549,1214,2747.0
154,20,19,60,226,428,1129,2140.0
155,5,6,36,223,614,1115,3071.0
156,1,15,41,213,628,1063,3144.0
157,8,20,30,226,401,1130,2007.0
158,20,9,62,217,505,1085,2526.0
159,3,16,62,211,596,1053,2981.0
160,6,17,60,235,566,1175,2834.0
161,2,4,24,205,572,1022,2863.0
162,7,10,18,266,666,1327,3333.0
163,3,11,48,242,680,1206,3402.0
164,13,20,31,258,614,1287,3073.0
165,15,9,23,243,447,1214,2236.0
166,13,12,64,225,452,1123,2264.0
167,12,4,31,210,588,1049,2942.0
168,4,6,16,265,683,1322,3418.0
169,17,13,54,237,511,1181,2558.0
170,1,6,46,255,639,1275,3195.0
171,11,14,58,240,591,1199,2956.0
172,3,10,39,203,549,1011,2749.0
173,20,10,15,197,462,982,2310.0
174,8,10,50,269,597,1343,2986.0
175,15,14,71,214,615,1068,3075.0
176,2,17,71,223,715,1111,3576.0
177,18,9,37,253,575,1265,2879.0
178,9,4,31,254,626,1270,3132.0
179,17,2,62,212,414,1057,2073.0
180,12,1,68,246,620,1229,3104.0
181,5,11,45,192,700,960,3502.0
182,15,3,23,225,619,1124,3096.0
183,6,7,49,237,492,1184,2464.0
184,7,15,65,187,530,931,2653.0
185,5,4,47,256,482,1279,2413.0
186,13,4,21,246,448,1227,2240.0
187,6,10,25,225,570,1121,2852.0
188,18,19,21,220,407,1099,2037.0
189,11,6,19,231,635,1151,3178.0
190,4,13,65,243,522,1212,2614.0
191,8,13,70,220,729,1098,3647.0
192,11,16,53,229,751,1141,3755.0
193,12,2,22,246,434,1226,2172.0
194,8,16,43,253,473,1263,2368.0
195,20,1,47,193,374,964,1872.0
196,8,6,27,256,505,1276,2528.0
197,11,20,51,283,632,1414,3163.0
198,17,15,19,213,481,1062,2407.0
199,4,20,20,265,692,1324,3460.0
horizon=782
