NODES,20
1,1,-,-
2,2,-,-
3,3,-,-
4,4,-,-
5,5,-,-
6,6,-,-
7,7,-,-
8,8,-,-
9,9,-,-
10,10,-,-
11,11,-,-
12,12,-,-
13,13,-,-
14,14,-,-
15,15,-,-
16,16,-,-
17,17,-,-
18,18,-,-
19,19,-,-
20,20,-,-
ARCS,291
0,1,14,5,1359,451,495,2471,2471.0
1,1,12,2,984,264,358,1790,1790.0
2,1,15,8,652,513,238,1186,1186.0
3,1,4,4,1054,137,384,1917,1917.0
4,1,18,9,458,214,167,833,833.0
5,1,17,3,167,456,61,304,304.0
6,1,2,5,278,112,102,506,506.0
7,1,6,3,929,219,338,1690,1690.0
8,1,9,7,458,132,167,833,833.0
9,1,3,1,1081,114,394,1966,1966.0
10,1,16,5,735,105,268,1337,1337.0
11,1,19,7,707,448,258,1286,1286.0
12,1,11,3,167,342,61,304,304.0
13,1,13,6,1372,211,499,2495,2495.0
14,1,5,1,361,471,132,657,657.0
15,1,8,2,1095,280,399,1991,1991.0
16,1,10,6,1220,491,444,2219,2219.0
17,1,7,6,347,507,127,631,631.0
18,2,6,8,1012,497,368,1840,1840.0
19,2,5,6,971,427,354,1766,1766.0
20,2,11,1,1262,250,459,2295,2295.0
21,2,1,8,1054,216,384,1917,1917.0
22,2,15,8,1345,220,490,2446,2446.0
23,2,7,5,402,448,147,731,731.0
24,2,14,2,929,433,338,1690,1690.0
25,2,13,9,181,319,66,330,330.0
26,2,4,9,208,516,76,379,379.0
27,2,16,4,1317,117,479,2395,2395.0
28,2,12,4,1095,108,399,1991,1991.0
29,2,20,2,749,317,273,1362,1362.0
30,2,19,9,1137,297,414,2068,2068.0
31,2,18,8,361,463,132,657,657.0
32,2,3,1,416,471,152,757,757.0
33,2,17,2,333,411,122,606,606.0
34,2,8,4,693,189,252,1260,1260.0
35,3,20,5,680,508,248,1237,1237.0
36,3,2,8,402,212,147,731,731.0
37,3,10,4,846,345,308,1539,1539.0
38,3,7,1,860,269,313,1564,1564.0
39,3,8,7,1248,398,454,2270,2270.0
40,3,5,5,458,281,167,833,833.0
41,3,16,5,181,166,66,330,330.0
42,3,1,9,499,490,182,908,908.0
43,3,9,4,167,155,61,304,304.0
44,3,4,8,1095,474,399,1991,1991.0
45,3,18,1,596,332,217,1084,1084.0
46,3,17,6,416,228,152,757,757.0
47,3,15,8,444,223,162,808,808.0
48,3,11,4,430,276,157,782,782.0
49,3,6,8,333,475,122,606,606.0
50,4,1,5,513,414,187,933,933.0
51,4,16,5,583,374,212,1060,1060.0
52,4,8,5,790,428,288,1437,1437.0
53,4,14,9,693,340,252,1260,1260.0
54,4,2,3,305,129,111,555,555.0
55,4,10,7,1095,367,399,1991,1991.0
56,4,12,4,153,514,56,279,279.0
57,4,11,3,1081,509,394,1966,1966.0
58,4,19,4,804,393,293,1462,1462.0
59,4,15,3,929,467,338,1690,1690.0
60,4,3,3,416,378,152,757,757.0
61,4,13,4,416,276,152,757,757.0
62,5,14,1,416,438,152,757,757.0
63,5,2,3,1345,329,490,2446,2446.0
64,5,17,4,666,223,243,1211,1211.0
65,5,15,4,1040,123,379,1891,1891.0
66,5,18,6,680,490,248,1237,1237.0
67,5,10,7,305,344,111,555,555.0
68,5,20,6,693,320,252,1260,1260.0
69,5,6,6,1331,131,484,2420,2420.0
70,5,8,6,887,119,323,1613,1613.0
71,5,16,8,901,149,328,1639,1639.0
72,5,7,7,472,390,172,859,859.0
73,5,4,3,596,382,217,1084,1084.0
74,6,2,9,804,404,293,1462,1462.0
75,6,15,7,666,116,243,1211,1211.0
76,6,20,1,444,214,162,808,808.0
77,6,3,5,610,146,222,1110,1110.0
78,6,7,1,333,161,122,606,606.0
79,6,14,6,1303,437,474,2370,2370.0
80,6,13,7,1262,121,459,2295,2295.0
81,6,12,4,499,201,182,908,908.0
82,6,19,9,998,149,363,1815,1815.0
83,6,16,1,1220,209,444,2219,2219.0
84,6,18,9,416,507,152,757,757.0
85,7,16,2,250,508,91,455,455.0
86,7,3,1,222,360,81,404,404.0
87,7,19,2,763,332,278,1388,1388.0
88,7,10,1,472,334,172,859,859.0
89,7,20,2,638,374,232,1160,1160.0
90,7,18,9,486,105,177,884,884.0
91,7,11,3,222,463,81,404,404.0
92,7,14,1,887,461,323,1613,1613.0
93,7,2,6,1317,324,479,2395,2395.0
94,7,13,5,1054,411,384,1917,1917.0
95,7,12,1,721,184,263,1311,1311.0
96,7,15,9,1012,210,368,1840,1840.0
97,7,1,3,1123,236,409,2042,2042.0
98,8,19,5,486,342,177,884,884.0
99,8,12,2,874,109,318,1590,1590.0
100,8,9,7,1303,189,474,2370,2370.0
101,8,4,3,610,439,222,1110,1110.0
102,8,13,8,389,295,142,708,708.0
103,8,2,5,624,253,227,1135,1135.0
104,8,16,5,915,190,333,1664,1664.0
105,8,11,7,1026,174,374,1866,1866.0
106,8,7,7,1040,236,379,1891,1891.0
107,8,10,6,1165,515,424,2119,2119.0
108,8,20,7,375,260,137,682,682.0
109,8,1,4,874,174,318,1590,1590.0
110,8,18,7,984,295,358,1790,1790.0
111,8,15,6,222,371,81,404,404.0
112,8,14,1,832,512,303,1513,1513.0
113,9,3,2,693,164,252,1260,1260.0
114,9,6,3,222,464,81,404,404.0
115,9,2,6,735,304,268,1337,1337.0
116,9,18,9,887,214,323,1613,1613.0
117,9,14,6,139,109,51,253,253.0
118,9,16,2,1234,487,449,2244,2244.0
119,9,7,4,818,178,298,1488,1488.0
120,9,17,4,167,409,61,304,304.0
121,9,1,5,555,366,202,1010,1010.0
122,9,12,9,208,252,76,379,379.0
123,10,20,6,278,183,102,506,506.0
124,10,4,8,444,362,162,808,808.0
125,10,7,5,333,431,122,606,606.0
126,10,1,7,430,256,157,782,782.0
127,10,16,3,1234,431,449,2244,2244.0
128,10,12,9,624,209,227,1135,1135.0
129,10,17,7,1206,258,439,2193,2193.0
130,10,19,5,901,109,328,1639,1639.0
131,10,8,4,874,513,318,1590,1590.0
132,10,2,2,167,211,61,304,304.0
133,10,14,9,874,357,318,1590,1590.0
134,10,11,4,347,118,127,631,631.0
135,10,3,3,998,175,363,1815,1815.0
136,10,6,9,250,334,91,455,455.0
137,10,5,5,832,340,303,1513,1513.0
138,10,9,9,915,384,333,1664,1664.0
139,11,1,2,319,173,116,580,580.0
140,11,3,8,153,197,56,279,279.0
141,11,16,7,1192,282,434,2168,2168.0
142,11,9,8,444,370,162,808,808.0
143,11,8,5,416,343,152,757,757.0
144,11,15,8,181,131,66,330,330.0
145,11,5,7,804,467,293,1462,1462.0
146,11,6,3,305,284,111,555,555.0
147,11,12,9,777,479,283,1413,1413.0
148,11,18,5,860,334,313,1564,1564.0
149,11,13,9,957,168,348,1740,1740.0
150,11,19,8,1262,163,459,2295,2295.0
151,12,18,9,804,253,293,1462,1462.0
152,12,20,9,569,502,207,1035,1035.0
153,12,8,2,610,501,222,1110,1110.0
154,12,10,5,707,162,258,1286,1286.0
155,12,14,1,652,361,238,1186,1186.0
156,12,1,7,1026,463,374,1866,1866.0
157,12,11,4,957,139,348,1740,1740.0
158,12,19,1,790,190,288,1437,1437.0
159,12,2,3,569,220,207,1035,1035.0
160,12,7,5,1151,307,419,2093,2093.0
161,12,4,9,1275,299,464,2319,2319.0
162,12,17,6,1178,194,429,2142,2142.0
163,12,13,5,818,220,298,1488,1488.0
164,12,16,3,1317,200,479,2395,2395.0
165,12,6,7,541,515,197,984,984.0
166,12,9,4,901,117,328,1639,1639.0
167,12,3,4,1372,520,499,2495,2495.0
168,13,18,4,1109,495,404,2017,2017.0
169,13,12,6,1206,460,439,2193,2193.0
170,13,17,4,1151,446,419,2093,2093.0
171,13,2,7,1303,377,474,2370,2370.0
172,13,9,3,402,414,147,731,731.0
173,13,7,8,818,238,298,1488,1488.0
174,13,10,4,305,385,111,555,555.0
175,13,3,5,1040,381,379,1891,1891.0
176,13,8,8,693,304,252,1260,1260.0
177,13,4,5,1220,286,444,2219,2219.0
178,13,6,1,874,307,318,1590,1590.0
179,13,19,3,1137,141,414,2068,2068.0
180,13,11,1,181,353,66,330,330.0
181,13,14,2,305,191,111,555,555.0
182,13,15,2,416,295,152,757,757.0
183,13,16,4,624,464,227,1135,1135.0
184,13,20,7,1081,393,394,1966,1966.0
185,13,5,8,1151,163,419,2093,2093.0
186,14,7,1,541,300,197,984,984.0
187,14,2,1,943,301,343,1715,1715.0
188,14,8,5,513,317,187,933,933.0
189,14,4,8,499,194,182,908,908.0
190,14,17,6,167,420,61,304,304.0
191,14,10,1,915,283,333,1664,1664.0
192,14,16,2,569,469,207,1035,1035.0
193,14,1,8,1372,481,499,2495,2495.0
194,14,12,6,624,403,227,1135,1135.0
195,14,20,9,430,469,157,782,782.0
196,14,19,8,749,197,273,1362,1362.0
197,14,15,2,375,447,137,682,682.0
198,14,3,2,887,438,323,1613,1613.0
199,14,6,8,305,404,111,555,555.0
200,15,20,3,929,360,338,1690,1690.0
201,15,5,4,1026,172,374,1866,1866.0
202,15,19,9,375,516,137,682,682.0
203,15,17,6,1206,204,439,2193,2193.0
204,15,6,2,181,248,66,330,330.0
205,15,9,1,167,369,61,304,304.0
206,15,2,4,499,358,182,908,908.0
207,15,10,4,998,488,363,1815,1815.0
208,15,7,7,790,417,288,1437,1437.0
209,15,3,6,319,266,116,580,580.0
210,15,11,3,1012,297,368,1840,1840.0
211,15,1,1,1317,351,479,2395,2395.0
212,15,13,5,278,473,102,506,506.0
213,16,11,6,624,367,227,1135,1135.0
214,16,5,8,1026,300,374,1866,1866.0
215,16,14,1,984,272,358,1790,1790.0
216,16,18,7,278,145,102,506,506.0
217,16,15,4,333,154,122,606,606.0
218,16,9,6,707,223,258,1286,1286.0
219,16,4,9,319,150,116,580,580.0
220,16,19,5,735,224,268,1337,1337.0
221,16,13,9,527,139,192,959,959.0
222,16,10,3,1262,296,459,2295,2295.0
223,16,7,7,486,440,177,884,884.0
224,16,17,2,1289,290,469,2344,2344.0
225,16,8,5,1109,276,404,2017,2017.0
226,16,1,4,208,412,76,379,379.0
227,16,20,8,1234,238,449,2244,2244.0
228,16,2,1,1054,345,384,1917,1917.0
229,16,12,2,652,183,238,1186,1186.0
230,16,3,8,1123,133,409,2042,2042.0
231,16,6,6,1331,270,484,2420,2420.0
232,17,12,6,333,446,122,606,606.0
233,17,10,4,777,355,283,1413,1413.0
234,17,18,2,472,197,172,859,859.0
235,17,14,4,693,309,252,1260,1260.0
236,17,6,4,998,224,363,1815,1815.0
237,17,16,8,1372,477,499,2495,2495.0
238,17,20,7,1081,436,394,1966,1966.0
239,17,7,6,347,359,127,631,631.0
240,17,2,3,236,371,86,430,430.0
241,17,13,9,1192,438,434,2168,2168.0
242,17,4,7,416,243,152,757,757.0
243,17,15,9,1123,449,409,2042,2042.0
244,17,11,9,444,128,162,808,808.0
245,17,8,7,998,450,363,1815,1815.0
246,17,1,1,1040,329,379,1891,1891.0
247,17,3,8,1081,446,394,1966,1966.0
248,17,9,9,541,143,197,984,984.0
249,18,2,9,610,249,222,1110,1110.0
250,18,10,9,139,124,51,253,253.0
251,18,5,7,569,136,207,1035,1035.0
252,18,4,3,195,475,71,355,355.0
253,18,16,5,375,220,137,682,682.0
254,18,11,5,984,326,358,1790,1790.0
255,18,7,1,1151,463,419,2093,2093.0
256,18,20,1,1165,239,424,2119,2119.0
257,18,13,7,153,373,56,279,279.0
258,18,1,3,846,138,308,1539,1539.0
259,18,17,4,1040,305,379,1891,1891.0
260,18,14,6,707,467,258,1286,1286.0
261,19,9,7,680,345,248,1237,1237.0
262,19,10,9,929,471,338,1690,1690.0
263,19,11,8,777,204,283,1413,1413.0
264,19,20,9,1095,228,399,1991,1991.0
265,19,13,6,971,199,354,1766,1766.0
266,19,6,3,1151,163,419,2093,2093.0
267,19,16,2,1234,206,449,2244,2244.0
268,19,17,9,624,465,227,1135,1135.0
269,19,12,9,1040,183,379,1891,1891.0
270,19,14,2,292,264,107,531,531.0
271,19,18,6,278,454,102,506,506.0
272,19,1,2,527,385,192,959,959.0
273,19,2,4,319,503,116,580,580.0
274,19,3,7,749,399,273,1362,1362.0
275,19,15,7,1081,428,394,1966,1966.0
276,19,8,5,929,367,338,1690,1690.0
277,19,5,1,264,332,96,480,480.0
278,20,19,3,915,206,333,1664,1664.0
279,20,5,6,195,381,71,355,355.0
280,20,18,2,444,448,162,808,808.0
281,20,12,3,1275,308,464,2319,2319.0
282,20,4,5,195,484,71,355,355.0
283,20,15,7,846,163,308,1539,1539.0
284,20,16,8,319,256,116,580,580.0
285,20,14,3,763,322,278,1388,1388.0
286,20,17,5,666,115,243,1211,1211.0
287,20,6,3,624,121,227,1135,1135.0
288,20,8,8,818,126,298,1488,1488.0
289,20,13,4,1151,118,419,2093,2093.0
290,20,2,7,416,490,152,757,757.0
COMMODITIES,200
0,13,12,23,228,505,1136,2527.0
1,14,10,29,145,472,724,2364.0
2,7,1,60,66,266,330,1333.0
3,12,13,26,172,483,857,2418.0
4,17,10,22,153,411,764,2055.0
5,13,7,33,177,447,885,2238.0
6,17,6,15,210,521,1047,2605.0
7,13,3,40,143,305,713,1529.0
8,8,13,51,147,342,733,1711.0
9,17,2,27,166,289,827,1445.0
10,8,9,69,292,492,1458,2462.0
11,13,2,18,228,458,1138,2290.0
12,16,10,65,196,393,980,1967.0
13,7,13,31,66,358,327,1791.0
14,16,3,74,112,362,556,1810.0
15,4,1,43,223,460,1115,2302.0
16,8,14,16,204,451,1016,2257.0
17,1,13,45,140,357,697,1789.0
18,17,7,51,212,380,1057,1901.0
19,18,13,70,219,324,1095,1620.0
20,17,18,22,135,361,672,1808.0
21,13,16,23,143,380,712,1901.0
22,20,14,42,263,547,1313,2737.0
23,1,19,70,174,471,866,2356.0
24,9,13,67,147,411,735,2057.0
25,9,8,60,181,463,901,2318.0
26,16,19,40,184,485,917,2429.0
27,14,20,26,193,407,961,2039.0
28,20,7,58,207,508,1034,2544.0
29,10,13,60,237,415,1184,2075.0
30,7,10,43,247,465,1235,2328.0
31,13,20,53,211,469,1055,2349.0
32,13,18,67,263,597,1313,2988.0
33,5,19,66,66,547,327,2736.0
34,12,15,45,176,526,878,2632.0
35,2,13,25,270,394,1350,1971.0
36,13,6,49,190,412,948,2064.0
37,7,3,23,135,264,674,1322.0
38,5,20,38,163,427,813,2138.0
39,14,12,32,200,429,996,2149.0
40,6,15,62,182,470,910,2352.0
41,13,4,35,314,609,1568,3046.0
42,1,18,50,296,506,1476,2533.0
43,10,11,45,345,526,1725,2630.0
44,20,12,26,244,414,1219,2072.0
45,13,5,43,138,467,686,2336.0
46,19,10,31,220,421,1098,2107.0
47,20,4,61,226,349,1129,1748.0
48,10,5,15,321,537,1602,2685.0
49,17,15,49,246,524,1227,2624.0
50,12,18,38,213,552,1065,2761.0
51,6,16,28,154,408,768,2042.0
52,3,2,61,114,312,569,1562.0
53,5,2,73,157,378,781,1892.0
54,4,12,72,216,326,1077,1630.0
55,3,7,27,217,498,1083,2491.0
56,19,5,34,250,402,1249,2013.0
57,19,14,23,251,412,1251,2063.0
58,20,15,25,83,366,412,1834.0
59,7,15,51,274,477,1367,2387.0
60,3,10,25,199,465,991,2329.0
61,2,12,69,248,446,1237,2232.0
62,6,19,35,179,582,892,2914.0
63,5,16,27,218,522,1087,2610.0
64,15,5,40,166,460,830,2304.0
65,10,2,59,182,297,906,1488.0
66,3,20,72,149,440,742,2203.0
67,4,18,33,118,412,587,2060.0
68,14,18,34,311,593,1553,2966.0
69,1,8,25,264,518,1316,2593.0
70,15,8,24,216,551,1078,2759.0
71,14,13,42,87,350,432,1751.0
72,20,19,23,211,587,1052,2937.0
73,7,2,43,213,496,1062,2481.0
74,2,10,73,268,481,1336,2407.0
75,9,12,56,219,359,1092,1797.0
76,4,9,61,86,350,427,1753.0
77,17,14,17,157,459,785,2296.0
78,14,8,70,145,375,722,1879.0
79,1,11,66,309,413,1545,2067.0
80,10,1,62,262,463,1310,2319.0
81,15,3,42,327,496,1635,2481.0
82,8,16,61,210,531,1050,2655.0
83,3,1,39,155,335,773,1675.0
84,11,4,22,129,408,643,2040.0
85,17,16,24,221,473,1102,2368.0
86,8,11,24,282,538,1408,2694.0
87,10,20,36,153,310,763,1553.0
88,9,5,42,159,491,793,2458.0
89,20,6,26,173,441,861,2209.0
90,19,16,56,93,383,465,1918.0
91,14,1,16,205,525,1022,2629.0
92,8,12,16,171,439,852,2197.0
93,10,16,22,319,595,1595,2978.0
94,19,11,16,125,389,625,1945.0
95,3,9,71,170,271,846,1355.0
96,4,11,41,249,513,1241,2567.0
97,6,2,31,274,579,1367,2896.0
98,12,14,45,225,510,1121,2550.0
99,5,10,45,76,224,376,1120.0
100,20,18,66,242,452,1207,2264.0
101,2,6,71,81,375,403,1875.0
102,19,6,27,177,466,884,2331.0
103,19,7,35,185,496,923,2483.0
104,3,12,68,211,394,1051,1971.0
105,18,2,72,120,278,599,1394.0
106,10,19,70,302,681,1507,3405.0
107,17,19,21,308,724,1538,3624.0
108,13,19,54,266,579,1327,2896.0
109,7,19,25,249,570,1242,2850.0
110,2,17,66,227,405,1133,2028.0
111,13,14,68,304,458,1520,2292.0
112,8,1,55,122,495,609,2478.0
113,8,19,30,164,376,818,1880.0
114,8,5,37,158,425,786,2125.0
115,8,3,46,167,405,832,2025.0
116,8,17,48,161,422,801,2110.0
117,12,19,26,223,549,1113,2746.0
118,19,1,24,225,464,1123,2321.0
119,6,3,63,151,397,752,1985.0
120,16,20,66,162,482,808,2410.0
121,19,9,28,211,505,1053,2525.0
122,1,4,57,185,424,922,2124.0
123,15,11,53,175,397,874,1986.0
124,9,6,62,68,198,340,991.0
125,20,11,30,202,500,1008,2500.0
126,7,9,27,261,445,1303,2227.0
127,2,20,29,111,435,553,2178.0
128,5,14,27,148,356,736,1783.0
129,16,6,64,181,412,903,2062.0
130,18,17,50,338,622,1686,3111.0
131,12,16,42,122,501,608,2506.0
132,7,4,26,281,534,1402,2673.0
133,13,10,72,211,358,1052,1790.0
134,2,18,45,262,444,1308,2223.0
135,12,8,51,232,503,1157,2515.0
136,14,9,52,253,513,1261,2567.0
137,8,15,69,160,302,799,1514.0
138,19,8,62,188,517,938,2587.0
139,3,18,22,204,438,1018,2194.0
140,4,15,37,219,551,1092,2758.0
141,19,4,56,305,525,1521,2628.0
142,10,7,49,185,337,921,1688.0
143,10,17,34,302,526,1510,2631.0
144,4,19,63,176,528,878,2641.0
145,18,14,61,263,467,1311,2335.0
146,1,15,54,219,393,1091,1969.0
147,12,2,46,264,525,1320,2627.0
148,13,11,64,131,259,652,1295.0
149,2,9,31,198,468,987,2343.0
150,4,20,59,205,515,1023,2577.0
151,15,7,24,149,372,744,1860.0
152,18,6,26,250,441,1250,2208.0
153,14,15,60,229,418,1141,2091.0
154,4,2,26,109,269,545,1347.0
155,1,12,71,221,447,1105,2238.0
156,10,14,27,75,352,374,1763.0
157,4,14,29,255,568,1274,2843.0
158,4,3,53,242,444,1207,2224.0
159,20,3,40,163,445,814,2225.0
160,19,17,67,310,515,1550,2578.0
161,6,12,54,124,353,620,1767.0
162,11,17,23,246,469,1229,2348.0
163,9,18,32,217,500,1081,2500.0
164,14,11,59,197,474,985,2372.0
165,5,9,33,85,452,424,2260.0
166,16,15,18,76,252,380,1261.0
167,10,9,33,144,437,717,2185.0
168,7,16,33,194,328,968,1644.0
169,17,3,15,215,469,1073,2348.0
170,14,5,19,278,564,1387,2822.0
171,17,11,73,155,364,775,1822.0
172,20,10,38,168,384,840,1920.0
173,13,8,25,148,419,737,2095.0
174,8,7,44,248,567,1239,2839.0
175,11,9,40,150,316,750,1584.0
176,15,16,62,81,317,403,1585.0
177,16,1,44,160,277,797,1387.0
178,16,13,71,310,505,1548,2526.0
179,3,5,46,171,397,853,1988.0
180,10,18,73,158,395,790,1978.0
181,9,10,24,163,490,814,2453.0
182,3,6,32,248,402,1240,2013.0
183,6,1,24,181,514,902,2571.0
184,5,4,61,164,430,818,2154.0
185,3,13,23,295,554,1471,2772.0
186,16,9,51,330,566,1646,2830.0
187,9,14,36,129,222,641,1114.0
188,7,20,57,162,439,806,2196.0
189,8,10,27,291,591,1455,2956.0
190,20,2,55,105,294,525,1474.0
191,12,11,49,252,633,1256,3169.0
192,20,9,16,179,504,891,2524.0
193,3,19,20,123,484,614,2423.0
194,20,13,58,237,509,1183,2547.0
195,8,2,66,192,474,956,2373.0
196,4,13,21,196,398,977,1992.0
197,20,8,57,228,581,1139,2905.0
198,6,8,64,139,540,691,2703.0
199,7,8,44,158,434,790,2173.0
horizon=724
