NODES,20
1,1,-,-
2,2,-,-
3,3,-,-
4,4,-,-
5,5,-,-
6,6,-,-
7,7,-,-
8,8,-,-
9,9,-,-
10,10,-,-
11,11,-,-
12,12,-,-
13,13,-,-
14,14,-,-
15,15,-,-
16,16,-,-
17,17,-,-
18,18,-,-
19,19,-,-
20,20,-,-
ARCS,291
0,1,14,5,1359,451,495,2471,2471.0
1,1,12,2,984,264,358,1790,1790.0
2,1,15,8,652,513,238,1186,1186.0
3,1,4,4,1054,137,384,1917,1917.0
4,1,18,9,458,214,167,833,833.0
5,1,17,3,167,456,61,304,304.0
6,1,2,5,278,112,102,506,506.0
7,1,6,3,929,219,338,1690,1690.0
8,1,9,7,458,132,167,833,833.0
9,1,3,1,1081,114,394,1966,1966.0
10,1,16,5,735,105,268,1337,1337.0
11,1,19,7,707,448,258,1286,1286.0
12,1,11,3,167,342,61,304,304.0
13,1,13,6,1372,211,499,2495,2495.0
14,1,5,1,361,471,132,657,657.0
15,1,8,2,1095,280,399,1991,1991.0
16,1,10,6,1220,491,444,2219,2219.0
17,1,7,6,347,507,127,631,631.0
18,2,6,8,1012,497,368,1840,1840.0
19,2,5,6,971,427,354,1766,1766.0
20,2,11,1,1262,250,459,2295,2295.0
21,2,1,8,1054,216,384,1917,1917.0
22,2,15,8,1345,220,490,2446,2446.0
23,2,7,5,402,448,147,731,731.0
24,2,14,2,929,433,338,1690,1690.0
25,2,13,9,181,319,66,330,330.0
26,2,4,9,208,516,76,379,379.0
27,2,16,4,1317,117,479,2395,2395.0
28,2,12,4,1095,108,399,1991,1991.0
29,2,20,2,749,317,273,1362,1362.0
30,2,19,9,1137,297,414,2068,2068.0
31,2,18,8,361,463,132,657,657.0
32,2,3,1,416,471,152,757,757.0
33,2,17,2,333,411,122,606,606.0
34,2,8,4,693,189,252,1260,1260.0
35,3,20,5,680,508,248,1237,1237.0
36,3,2,8,402,212,147,731,731.0
37,3,10,4,846,345,308,1539,1539.0
38,3,7,1,860,269,313,1564,1564.0
39,3,8,7,1248,398,454,2270,2270.0
40,3,5,5,458,281,167,833,833.0
41,3,16,5,181,166,66,330,330.0
42,3,1,9,499,490,182,908,908.0
43,3,9,4,167,155,61,304,304.0
44,3,4,8,1095,474,399,1991,1991.0
45,3,18,1,596,332,217,1084,1084.0
46,3,17,6,416,228,152,757,757.0
47,3,15,8,444,223,162,808,808.0
48,3,11,4,430,276,157,782,782.0
49,3,6,8,333,475,122,606,606.0
50,4,1,5,513,414,187,933,933.0
51,4,16,5,583,374,212,1060,1060.0
52,4,8,5,790,428,288,1437,1437.0
53,4,14,9,693,340,252,1260,1260.0
54,4,2,3,305,129,111,555,555.0
55,4,10,7,1095,367,399,1991,1991.0
56,4,12,4,153,514,56,279,279.0
57,4,11,3,1081,509,394,1966,1966.0
58,4,19,4,804,393,293,1462,1462.0
59,4,15,3,929,467,338,1690,1690.0
60,4,3,3,416,378,152,757,757.0
61,4,13,4,416,276,152,757,757.0
62,5,14,1,416,438,152,757,757.0
63,5,2,3,1345,329,490,2446,2446.0
64,5,17,4,666,223,243,1211,1211.0
65,5,15,4,1040,123,379,1891,1891.0
66,5,18,6,680,490,248,1237,1237.0
67,5,10,7,305,344,111,555,555.0
68,5,20,6,693,320,252,1260,1260.0
69,5,6,6,1331,131,484,2420,2420.0
70,5,8,6,887,119,323,1613,1613.0
71,5,16,8,901,149,328,1639,1639.0
72,5,7,7,472,390,172,859,859.0
73,5,4,3,596,382,217,1084,1084.0
74,6,2,9,804,404,293,1462,1462.0
75,6,15,7,666,116,243,1211,1211.0
76,6,20,1,444,214,162,808,808.0
77,6,3,5,610,146,222,1110,1110.0
78,6,7,1,333,161,122,606,606.0
79,6,14,6,1303,437,474,2370,2370.0
80,6,13,7,1262,121,459,2295,2295.0
81,6,12,4,499,201,182,908,908.0
82,6,19,9,998,149,363,1815,1815.0
83,6,16,1,1220,209,444,2219,2219.0
84,6,18,9,416,507,152,757,757.0
85,7,16,2,250,508,91,455,455.0
86,7,3,1,222,360,81,404,404.0
87,7,19,2,763,332,278,1388,1388.0
88,7,10,1,472,334,172,859,859.0
89,7,20,2,638,374,232,1160,1160.0
90,7,18,9,486,105,177,884,884.0
91,7,11,3,222,463,81,404,404.0
92,7,14,1,887,461,323,1613,1613.0
93,7,2,6,1317,324,479,2395,2395.0
94,7,13,5,1054,411,384,1917,1917.0
95,7,12,1,721,184,263,1311,1311.0
96,7,15,9,1012,210,368,1840,1840.0
97,7,1,3,1123,236,409,2042,2042.0
98,8,19,5,486,342,177,884,884.0
99,8,12,2,874,109,318,1590,1590.0
100,8,9,7,1303,189,474,2370,2370.0
101,8,4,3,610,439,222,1110,1110.0
102,8,13,8,389,295,142,708,708.0
103,8,2,5,624,253,227,1135,1135.0
104,8,16,5,915,190,333,1664,1664.0
105,8,11,7,1026,174,374,1866,1866.0
106,8,7,7,1040,236,379,1891,1891.0
107,8,10,6,1165,515,424,2119,2119.0
108,8,20,7,375,260,137,682,682.0
109,8,1,4,874,174,318,1590,1590.0
110,8,18,7,984,295,358,1790,1790.0
111,8,15,6,222,371,81,404,404.0
112,8,14,1,832,512,303,1513,1513.0
113,9,3,2,693,164,252,1260,1260.0
114,9,6,3,222,464,81,404,404.0
115,9,2,6,735,304,268,1337,1337.0
116,9,18,9,887,214,323,1613,1613.0
117,9,14,6,139,109,51,253,253.0
118,9,16,2,1234,487,449,2244,2244.0
119,9,7,4,818,178,298,1488,1488.0
120,9,17,4,167,409,61,304,304.0
121,9,1,5,555,366,202,1010,1010.0
122,9,12,9,208,252,76,379,379.0
123,10,20,6,278,183,102,506,506.0
124,10,4,8,444,362,162,808,808.0
125,10,7,5,333,431,122,606,606.0
126,10,1,7,430,256,157,782,782.0
127,10,16,3,1234,431,449,2244,2244.0
128,10,12,9,624,209,227,1135,1135.0
129,10,17,7,1206,258,439,2193,2193.0
130,10,19,5,901,109,328,1639,1639.0
131,10,8,4,874,513,318,1590,1590.0
132,10,2,2,167,211,61,304,304.0
133,10,14,9,874,357,318,1590,1590.0
134,10,11,4,347,118,127,631,631.0
135,10,3,3,998,175,363,1815,1815.0
136,10,6,9,250,334,91,455,455.0
137,10,5,5,832,340,303,1513,1513.0
138,10,9,9,915,384,333,1664,1664.0
139,11,1,2,319,173,116,580,580.0
140,11,3,8,153,197,56,279,279.0
141,11,16,7,1192,282,434,2168,2168.0
142,11,9,8,444,370,162,808,808.0
143,11,8,5,416,343,152,757,757.0
144,11,15,8,181,131,66,330,330.0
145,11,5,7,804,467,293,1462,1462.0
146,11,6,3,305,284,111,555,555.0
147,11,12,9,777,479,283,1413,1413.0
148,11,18,5,860,334,313,1564,1564.0
149,11,13,9,957,168,348,1740,1740.0
150,11,19,8,1262,163,459,2295,2295.0
151,12,18,9,804,253,293,1462,1462.0
152,12,20,9,569,502,207,1035,1035.0
153,12,8,2,610,501,222,1110,1110.0
154,12,10,5,707,162,258,1286,1286.0
155,12,14,1,652,361,238,1186,1186.0
156,12,1,7,1026,463,374,1866,1866.0
157,12,11,4,957,139,348,1740,1740.0
158,12,19,1,790,190,288,1437,1437.0
159,12,2,3,569,220,207,1035,1035.0
160,12,7,5,1151,307,419,2093,2093.0
161,12,4,9,1275,299,464,2319,2319.0
162,12,17,6,1178,194,429,2142,2142.0
163,12,13,5,818,220,298,1488,1488.0
164,12,16,3,1317,200,479,2395,2395.0
165,12,6,7,541,515,197,984,984.0
166,12,9,4,901,117,328,1639,1639.0
167,12,3,4,1372,520,499,2495,2495.0
168,13,18,4,1109,495,404,2017,2017.0
169,13,12,6,1206,460,439,2193,2193.0
170,13,17,4,1151,446,419,2093,2093.0
171,13,2,7,1303,377,474,2370,2370.0
172,13,9,3,402,414,147,731,731.0
173,13,7,8,818,238,298,1488,1488.0
174,13,10,4,305,385,111,555,555.0
175,13,3,5,1040,381,379,1891,1891.0
176,13,8,8,693,304,252,1260,1260.0
177,13,4,5,1220,286,444,2219,2219.0
178,13,6,1,874,307,318,1590,1590.0
179,13,19,3,1137,141,414,2068,2068.0
180,13,11,1,181,353,66,330,330.0
181,13,14,2,305,191,111,555,555.0
182,13,15,2,416,295,152,757,757.0
183,13,16,4,624,464,227,1135,1135.0
184,13,20,7,1081,393,394,1966,1966.0
185,13,5,8,1151,163,419,2093,2093.0
186,14,7,1,541,300,197,984,984.0
187,14,2,1,943,301,343,1715,1715.0
188,14,8,5,513,317,187,933,933.0
189,14,4,8,499,194,182,908,908.0
190,14,17,6,167,420,61,304,304.0
191,14,10,1,915,283,333,1664,1664.0
192,14,16,2,569,469,207,1035,1035.0
193,14,1,8,1372,481,499,2495,2495.0
194,14,12,6,624,403,227,1135,1135.0
195,14,20,9,430,469,157,782,782.0
196,14,19,8,749,197,273,1362,1362.0
197,14,15,2,375,447,137,682,682.0
198,14,3,2,887,438,323,1613,1613.0
199,14,6,8,305,404,111,555,555.0
200,15,20,3,929,360,338,1690,1690.0
201,15,5,4,1026,172,374,1866,1866.0
202,15,19,9,375,516,137,682,682.0
203,15,17,6,1206,204,439,2193,2193.0
204,15,6,2,181,248,66,330,330.0
205,15,9,1,167,369,61,304,304.0
206,15,2,4,499,358,182,908,908.0
207,15,10,4,998,488,363,1815,1815.0
208,15,7,7,790,417,288,1437,1437.0
209,15,3,6,319,266,116,580,580.0
210,15,11,3,1012,297,368,1840,1840.0
211,15,1,1,1317,351,479,2395,2395.0
212,15,13,5,278,473,102,506,506.0
213,16,11,6,624,367,227,1135,1135.0
214,16,5,8,1026,300,374,1866,1866.0
215,16,14,1,984,272,358,1790,1790.0
216,16,18,7,278,145,102,506,506.0
217,16,15,4,333,154,122,606,606.0
218,16,9,6,707,223,258,1286,1286.0
219,16,4,9,319,150,116,580,580.0
220,16,19,5,735,224,268,1337,1337.0
221,16,13,9,527,139,192,959,959.0
222,16,10,3,1262,296,459,2295,2295.0
223,16,7,7,486,440,177,884,884.0
224,16,17,2,1289,290,469,2344,2344.0
225,16,8,5,1109,276,404,2017,2017.0
226,16,1,4,208,412,76,379,379.0
227,16,20,8,1234,238,449,2244,2244.0
228,16,2,1,1054,345,384,1917,1917.0
229,16,12,2,652,183,238,1186,1186.0
230,16,3,8,1123,133,409,2042,2042.0
231,16,6,6,1331,270,484,2420,2420.0
232,17,12,6,333,446,122,606,606.0
233,17,10,4,777,355,283,1413,1413.0
234,17,18,2,472,197,172,859,859.0
235,17,14,4,693,309,252,1260,1260.0
236,17,6,4,998,224,363,1815,1815.0
237,17,16,8,1372,477,499,2495,2495.0
238,17,20,7,1081,436,394,1966,1966.0
239,17,7,6,347,359,127,631,631.0
240,17,2,3,236,371,86,430,430.0
241,17,13,9,1192,438,434,2168,2168.0
242,17,4,7,416,243,152,757,757.0
243,17,15,9,1123,449,409,2042,2042.0
244,17,11,9,444,128,162,808,808.0
245,17,8,7,998,450,363,1815,1815.0
246,17,1,1,1040,329,379,1891,1891.0
247,17,3,8,1081,446,394,1966,1966.0
248,17,9,9,541,143,197,984,984.0
249,18,2,9,610,249,222,1110,1110.0
250,18,10,9,139,124,51,253,253.0
251,18,5,7,569,136,207,1035,1035.0
252,18,4,3,195,475,71,355,355.0
253,18,16,5,375,220,137,682,682.0
254,18,11,5,984,326,358,1790,1790.0
255,18,7,1,1151,463,419,2093,2093.0
256,18,20,1,1165,239,424,2119,2119.0
257,18,13,7,153,373,56,279,279.0
258,18,1,3,846,138,308,1539,1539.0
259,18,17,4,1040,305,379,1891,1891.0
260,18,14,6,707,467,258,1286,1286.0
261,19,9,7,680,345,248,1237,1237.0
262,19,10,9,929,471,338,1690,1690.0
263,19,11,8,777,204,283,1413,1413.0
264,19,20,9,1095,228,399,1991,1991.0
265,19,13,6,971,199,354,1766,1766.0
266,19,6,3,1151,163,419,2093,2093.0
267,19,16,2,1234,206,449,2244,2244.0
268,19,17,9,624,465,227,1135,1135.0
269,19,12,9,1040,183,379,1891,1891.0
270,19,14,2,292,264,107,531,531.0
271,19,18,6,278,454,102,506,506.0
272,19,1,2,527,385,192,959,959.0
273,19,2,4,319,503,116,580,580.0
274,19,3,7,749,399,273,1362,1362.0
275,19,15,7,1081,428,394,1966,1966.0
276,19,8,5,929,367,338,1690,1690.0
277,19,5,1,264,332,96,480,480.0
278,20,19,3,915,206,333,1664,1664.0
279,20,5,6,195,381,71,355,355.0
280,20,18,2,444,448,162,808,808.0
281,20,12,3,1275,308,464,2319,2319.0
282,20,4,5,195,484,71,355,355.0
283,20,15,7,846,163,308,1539,1539.0
284,20,16,8,319,256,116,580,580.0
285,20,14,3,763,322,278,1388,1388.0
286,20,17,5,666,115,243,1211,1211.0
287,20,6,3,624,121,227,1135,1135.0
288,20,8,8,818,126,298,1488,1488.0
289,20,13,4,1151,118,419,2093,2093.0
290,20,2,7,416,490,152,757,757.0
COMMODITIES,200
0,13,12,23,227,557,1135,2785.0
1,14,10,29,185,562,923,2811.0
2,7,1,60,150,421,749,2107.0
3,12,13,26,193,575,963,2879.0
4,17,10,22,179,489,891,2448.0
5,13,7,33,248,579,1238,2899.0
6,17,6,15,167,527,833,2638.0
7,13,3,40,71,283,355,1415.0
8,8,13,51,197,411,981,2058.0
9,17,2,27,139,313,693,1567.0
10,8,9,69,232,454,1158,2274.0
11,13,2,18,217,476,1084,2380.0
12,16,10,65,182,440,906,2200.0
13,7,13,31,231,571,1151,2859.0
14,16,3,74,202,495,1009,2477.0
15,4,1,43,128,450,636,2250.0
16,8,14,16,44,340,219,1702.0
17,1,13,45,155,420,772,2103.0
18,17,7,51,160,413,798,2065.0
19,18,13,70,235,371,1173,1855.0
20,17,18,22,142,393,707,1965.0
21,13,16,23,196,461,977,2306.0
22,20,14,42,167,478,834,2391.0
23,1,19,70,69,403,341,2019.0
24,9,13,67,149,478,741,2391.0
25,9,8,60,323,679,1614,3398.0
26,16,19,40,196,523,978,2615.0
27,14,20,26,360,608,1797,3044.0
28,20,7,58,279,619,1393,3099.0
29,10,13,60,193,424,964,2120.0
30,7,10,43,155,430,774,2153.0
31,13,20,53,230,542,1147,2713.0
32,13,18,67,150,555,747,2776.0
33,5,19,66,129,658,643,3293.0
34,12,15,45,113,469,563,2347.0
35,2,13,25,284,476,1419,2383.0
36,13,6,49,188,467,936,2337.0
37,7,3,23,373,543,1862,2718.0
38,5,20,38,232,563,1156,2819.0
39,14,12,32,264,560,1319,2804.0
40,6,15,62,255,622,1274,3111.0
41,13,4,35,260,599,1297,2999.0
42,1,18,50,272,540,1357,2700.0
43,10,11,45,144,364,718,1822.0
44,20,12,26,216,407,1078,2038.0
45,13,5,43,144,514,719,2574.0
46,19,10,31,199,461,991,2309.0
47,20,4,61,143,327,713,1635.0
48,10,5,15,143,443,711,2217.0
49,17,15,49,171,482,855,2410.0
50,12,18,38,192,570,959,2852.0
51,6,16,28,242,523,1207,2616.0
52,3,2,61,157,378,783,1890.0
53,5,2,73,168,451,839,2257.0
54,4,12,72,59,230,292,1154.0
55,3,7,27,39,385,195,1928.0
56,19,5,34,201,419,1005,2095.0
57,19,14,23,307,509,1532,2545.0
58,20,15,25,205,555,1021,2779.0
59,7,15,51,225,430,1123,2151.0
60,3,10,25,131,421,654,2108.0
61,2,12,69,234,470,1169,2351.0
62,6,19,35,233,701,1162,3506.0
63,5,16,27,251,617,1255,3088.0
64,15,5,40,170,504,850,2521.0
65,10,2,59,172,298,856,1493.0
66,3,20,72,97,425,484,2129.0
67,4,18,33,210,542,1050,2713.0
68,14,18,34,257,592,1281,2964.0
69,1,8,25,182,539,907,2696.0
70,15,8,24,170,545,850,2728.0
71,14,13,42,194,507,968,2538.0
72,20,19,23,131,559,651,2796.0
73,7,2,43,345,651,1723,3259.0
74,2,10,73,195,424,971,2123.0
75,9,12,56,284,458,1416,2293.0
76,4,9,61,99,410,492,2051.0
77,17,14,17,257,606,1285,3034.0
78,14,8,70,110,403,546,2018.0
79,1,11,66,146,302,729,1510.0
80,10,1,62,251,522,1255,2610.0
81,15,3,42,145,362,723,1814.0
82,8,16,61,294,663,1466,3317.0
83,3,1,39,185,426,924,2134.0
84,11,4,22,313,619,1563,3099.0
85,17,16,24,212,566,1058,2832.0
86,8,11,24,161,488,801,2441.0
87,10,20,36,175,360,871,1803.0
88,9,5,42,164,552,819,2763.0
89,20,6,26,216,543,1080,2719.0
90,19,16,56,205,559,1023,2797.0
91,14,1,16,118,480,586,2400.0
92,8,12,16,145,464,725,2321.0
93,10,16,22,241,548,1202,2740.0
94,19,11,16,138,475,690,2377.0
95,3,9,71,220,370,1096,1852.0
96,4,11,41,179,482,891,2410.0
97,6,2,31,254,618,1267,3094.0
98,12,14,45,185,513,925,2568.0
99,5,10,45,142,332,709,1660.0
100,20,18,66,259,531,1291,2655.0
101,2,6,71,195,542,975,2713.0
102,19,6,27,306,632,1529,3162.0
103,19,7,35,121,478,605,2390.0
104,3,12,68,246,520,1230,2601.0
105,18,2,72,141,325,702,1628.0
106,10,19,70,110,535,548,2679.0
107,17,19,21,69,544,343,2720.0
108,13,19,54,216,570,1078,2854.0
109,7,19,25,128,494,639,2472.0
110,2,17,66,363,560,1811,2803.0
111,13,14,68,157,379,784,1896.0
112,8,1,55,246,648,1226,3244.0
113,8,19,30,208,486,1039,2433.0
114,8,5,37,191,489,952,2446.0
115,8,3,46,82,377,407,1885.0
116,8,17,48,220,504,1097,2523.0
117,12,19,26,355,715,1774,3579.0
118,19,1,24,95,379,473,1899.0
119,6,3,63,210,506,1049,2534.0
120,16,20,66,221,568,1103,2842.0
121,19,9,28,213,571,1061,2857.0
122,1,4,57,202,493,1006,2469.0
123,15,11,53,186,483,926,2418.0
124,9,6,62,192,370,957,1854.0
125,20,11,30,250,607,1250,3035.0
126,7,9,27,183,422,912,2112.0
127,2,20,29,194,593,966,2966.0
128,5,14,27,236,497,1180,2487.0
129,16,6,64,151,425,751,2127.0
130,18,17,50,275,616,1374,3081.0
131,12,16,42,83,524,411,2621.0
132,7,4,26,180,499,900,2495.0
133,13,10,72,127,326,635,1633.0
134,2,18,45,175,421,872,2105.0
135,12,8,51,225,551,1121,2758.0
136,14,9,52,246,554,1228,2774.0
137,8,15,69,318,509,1586,2546.0
138,19,8,62,317,676,1581,3381.0
139,3,18,22,127,397,632,1988.0
140,4,15,37,241,632,1204,3162.0
141,19,4,56,193,462,961,2313.0
142,10,7,49,215,446,1073,2233.0
143,10,17,34,296,587,1480,2939.0
144,4,19,63,128,533,637,2667.0
145,18,14,61,319,592,1593,2962.0
146,1,15,54,133,353,662,1765.0
147,12,2,46,137,437,683,2186.0
148,13,11,64,88,256,439,1284.0
149,2,9,31,211,529,1051,2649.0
150,4,20,59,156,495,780,2475.0
151,15,7,24,151,460,751,2304.0
152,18,6,26,202,445,1010,2225.0
153,14,15,60,114,350,566,1753.0
154,4,2,26,191,375,951,1879.0
155,1,12,71,168,461,838,2306.0
156,10,14,27,163,500,815,2502.0
157,4,14,29,243,604,1213,3024.0
158,4,3,53,200,434,999,2171.0
159,20,3,40,189,510,941,2550.0
160,19,17,67,186,467,930,2336.0
161,6,12,54,185,479,924,2399.0
162,11,17,23,212,473,1060,2365.0
163,9,18,32,248,609,1237,3046.0
164,14,11,59,281,594,1405,2971.0
165,5,9,33,123,536,614,2682.0
166,16,15,18,248,469,1240,2349.0
167,10,9,33,255,572,1271,2860.0
168,7,16,33,301,471,1503,2355.0
169,17,3,15,207,530,1034,2654.0
170,14,5,19,183,532,915,2663.0
171,17,11,73,219,489,1094,2445.0
172,20,10,38,237,501,1184,2506.0
173,13,8,25,283,607,1414,3036.0
174,8,7,44,356,722,1778,3611.0
175,11,9,40,174,393,868,1969.0
176,15,16,62,300,579,1497,2895.0
177,16,1,44,187,371,931,1859.0
178,16,13,71,74,334,366,1671.0
179,3,5,46,271,534,1355,2673.0
180,10,18,73,168,468,839,2343.0
181,9,10,24,53,443,261,2217.0
182,3,6,32,183,389,914,1945.0
183,6,1,24,94,490,467,2450.0
184,5,4,61,245,574,1224,2872.0
185,3,13,23,118,440,589,2203.0
186,16,9,51,229,506,1145,2533.0
187,9,14,36,266,419,1330,2098.0
188,7,20,57,169,500,844,2500.0
189,8,10,27,176,519,878,2598.0
190,20,2,55,214,456,1068,2281.0
191,12,11,49,170,593,847,2968.0
192,20,9,16,209,603,1045,3018.0
193,3,19,20,268,643,1337,3219.0
194,20,13,58,46,345,226,1729.0
195,8,2,66,83,433,414,2165.0
196,4,13,21,294,515,1466,2577.0
197,20,8,57,100,490,498,2453.0
198,6,8,64,257,704,1285,3523.0
199,7,8,44,181,521,905,2608.0
horizon=722
