NODES,20
1,1,-,-
2,2,-,-
3,3,-,-
4,4,-,-
5,5,-,-
6,6,-,-
7,7,-,-
8,8,-,-
9,9,-,-
10,10,-,-
11,11,-,-
12,12,-,-
13,13,-,-
14,14,-,-
15,15,-,-
16,16,-,-
17,17,-,-
18,18,-,-
19,19,-,-
20,20,-,-
ARCS,291
0,1,8,1,1310,234,477,2382,2382.0
1,1,6,7,2428,370,883,4415,4415.0
2,1,4,8,2428,294,883,4415,4415.0
3,1,9,1,1746,245,635,3175,3175.0
4,1,17,1,464,440,169,844,844.0
5,1,15,7,355,121,130,646,646.0
6,1,20,5,955,224,348,1737,1737.0
7,1,13,7,601,133,219,1093,1093.0
8,1,2,7,1364,293,496,2480,2480.0
9,1,16,9,1064,164,387,1935,1935.0
10,1,19,7,1501,490,546,2730,2730.0
11,2,12,2,382,453,139,695,695.0
12,2,8,1,1392,260,507,2531,2531.0
13,2,7,2,1582,159,576,2877,2877.0
14,2,5,9,601,515,219,1093,1093.0
15,2,11,3,519,465,189,944,944.0
16,2,20,9,437,310,159,795,795.0
17,2,4,6,1801,254,655,3275,3275.0
18,2,17,9,573,495,209,1042,1042.0
19,2,1,5,737,329,268,1340,1340.0
20,2,3,9,1364,128,496,2480,2480.0
21,2,14,6,382,118,139,695,695.0
22,2,19,7,1228,235,447,2233,2233.0
23,2,15,3,655,345,239,1191,1191.0
24,2,16,5,2319,457,844,4217,4217.0
25,2,9,7,1446,348,526,2630,2630.0
26,2,6,2,1992,253,725,3622,3622.0
27,2,13,1,546,168,199,993,993.0
28,2,18,2,491,443,179,893,893.0
29,2,10,9,1037,250,378,1886,1886.0
30,3,10,8,2701,407,983,4911,4911.0
31,3,6,4,2264,396,824,4117,4117.0
32,3,17,1,2128,132,774,3870,3870.0
33,3,4,6,1719,509,626,3126,3126.0
34,3,8,6,2373,149,863,4315,4315.0
35,3,7,2,273,409,100,497,497.0
36,3,15,4,846,346,308,1539,1539.0
37,3,2,1,2155,123,784,3919,3919.0
38,3,20,3,955,527,348,1737,1737.0
39,3,18,3,2537,342,923,4613,4613.0
40,3,5,8,2483,224,903,4515,4515.0
41,3,9,7,1910,367,695,3473,3473.0
42,3,12,2,1773,411,645,3224,3224.0
43,3,14,7,764,187,278,1390,1390.0
44,4,14,3,1773,517,645,3224,3224.0
45,4,19,1,437,155,159,795,795.0
46,4,10,3,1064,447,387,1935,1935.0
47,4,3,1,1910,163,695,3473,3473.0
48,4,9,2,519,207,189,944,944.0
49,4,2,2,1773,388,645,3224,3224.0
50,4,11,9,1255,326,457,2282,2282.0
51,4,20,3,1828,411,665,3324,3324.0
52,4,6,9,1364,128,496,2480,2480.0
53,4,5,5,573,361,209,1042,1042.0
54,4,1,8,2346,259,854,4266,4266.0
55,4,13,7,2401,255,874,4366,4366.0
56,4,12,8,1337,493,487,2431,2431.0
57,4,17,8,1201,216,437,2184,2184.0
58,4,16,9,2592,509,943,4713,4713.0
59,4,8,2,1419,199,516,2580,2580.0
60,4,7,1,1092,438,398,1986,1986.0
61,4,15,6,328,508,120,597,597.0
62,4,18,8,846,331,308,1539,1539.0
63,5,19,1,2155,222,784,3919,3919.0
64,5,1,1,655,185,239,1191,1191.0
65,5,11,9,2592,155,943,4713,4713.0
66,5,15,6,273,172,100,497,497.0
67,5,20,2,846,531,308,1539,1539.0
68,5,2,9,2401,190,874,4366,4366.0
69,5,14,4,410,418,150,746,746.0
70,5,6,7,2592,310,943,4713,4713.0
71,5,16,6,1201,330,437,2184,2184.0
72,5,17,6,2292,120,834,4168,4168.0
73,5,12,8,1446,451,526,2630,2630.0
74,5,8,3,655,294,239,1191,1191.0
75,6,4,3,1937,190,705,3522,3522.0
76,6,15,1,1883,416,685,3424,3424.0
77,6,17,7,2401,349,874,4366,4366.0
78,6,11,9,1201,225,437,2184,2184.0
79,6,13,5,2346,393,854,4266,4266.0
80,6,20,1,1828,196,665,3324,3324.0
81,6,1,7,1582,193,576,2877,2877.0
82,6,7,7,2073,476,754,3770,3770.0
83,6,5,8,1801,317,655,3275,3275.0
84,6,12,9,1419,182,516,2580,2580.0
85,6,9,4,2537,493,923,4613,4613.0
86,6,18,2,1092,359,398,1986,1986.0
87,6,14,9,2210,406,804,4019,4019.0
88,6,10,7,2510,334,913,4564,4564.0
89,7,1,8,791,190,288,1439,1439.0
90,7,20,8,682,416,248,1240,1240.0
91,7,12,1,737,466,268,1340,1340.0
92,7,14,9,1310,225,477,2382,2382.0
93,7,15,2,1282,342,467,2331,2331.0
94,7,6,6,1692,358,616,3077,3077.0
95,7,18,7,1037,194,378,1886,1886.0
96,7,2,9,2592,312,943,4713,4713.0
97,7,17,3,328,273,120,597,597.0
98,7,5,9,2237,212,814,4068,4068.0
99,8,9,1,2292,279,834,4168,4168.0
100,8,20,1,573,461,209,1042,1042.0
101,8,1,6,1910,436,695,3473,3473.0
102,8,10,6,1637,350,596,2977,2977.0
103,8,16,2,1064,427,387,1935,1935.0
104,8,11,3,2319,305,844,4217,4217.0
105,8,18,4,273,537,100,497,497.0
106,8,15,6,491,388,179,893,893.0
107,8,6,9,710,257,259,1291,1291.0
108,8,5,1,2428,530,883,4415,4415.0
109,8,13,7,2592,358,943,4713,4713.0
110,8,19,1,1501,287,546,2730,2730.0
111,8,4,9,1555,429,566,2828,2828.0
112,8,7,5,2019,474,735,3671,3671.0
113,8,14,9,1337,336,487,2431,2431.0
114,8,2,2,464,489,169,844,844.0
115,9,8,5,791,385,288,1439,1439.0
116,9,16,8,1992,342,725,3622,3622.0
117,9,19,1,2264,358,824,4117,4117.0
118,9,17,4,1255,293,457,2282,2282.0
119,9,18,5,2564,493,933,4662,4662.0
120,9,4,8,1555,312,566,2828,2828.0
121,9,2,7,1037,115,378,1886,1886.0
122,9,6,7,2619,418,953,4762,4762.0
123,9,13,4,2101,255,764,3820,3820.0
124,10,18,3,2564,476,933,4662,4662.0
125,10,5,5,1855,356,675,3373,3373.0
126,10,12,5,2292,399,834,4168,4168.0
127,10,4,3,2701,369,983,4911,4911.0
128,10,17,7,355,404,130,646,646.0
129,10,7,7,1146,320,417,2084,2084.0
130,10,1,9,764,371,278,1390,1390.0
131,10,9,3,2019,121,735,3671,3671.0
132,10,16,1,1419,431,516,2580,2580.0
133,10,3,9,573,491,209,1042,1042.0
134,10,20,4,1119,227,407,2035,2035.0
135,10,2,4,1310,140,477,2382,2382.0
136,10,13,2,955,288,348,1737,1737.0
137,10,11,8,655,224,239,1191,1191.0
138,11,6,1,1419,302,516,2580,2580.0
139,11,16,8,273,179,100,497,497.0
140,11,13,9,2537,489,923,4613,4613.0
141,11,7,2,273,190,100,497,497.0
142,11,15,8,2237,526,814,4068,4068.0
143,11,4,4,1228,237,447,2233,2233.0
144,11,14,4,328,489,120,597,597.0
145,11,20,1,1582,233,576,2877,2877.0
146,11,8,7,2373,152,863,4315,4315.0
147,11,12,1,1228,440,447,2233,2233.0
148,11,19,5,519,138,189,944,944.0
149,11,2,1,1692,327,616,3077,3077.0
150,11,10,4,1010,532,368,1837,1837.0
151,11,1,4,901,426,328,1639,1639.0
152,11,17,8,1992,469,725,3622,3622.0
153,12,7,2,2019,485,735,3671,3671.0
154,12,20,6,355,523,130,646,646.0
155,12,13,8,873,122,318,1588,1588.0
156,12,8,5,2564,459,933,4662,4662.0
157,12,10,4,2483,192,903,4515,4515.0
158,12,18,8,710,180,259,1291,1291.0
159,12,3,1,2210,230,804,4019,4019.0
160,12,19,8,1446,128,526,2630,2630.0
161,12,5,4,2346,157,854,4266,4266.0
162,12,9,7,301,234,110,548,548.0
163,12,15,4,437,224,159,795,795.0
164,12,17,6,1664,425,606,3026,3026.0
165,12,4,9,1746,480,635,3175,3175.0
166,12,2,4,764,400,278,1390,1390.0
167,12,11,1,2128,518,774,3870,3870.0
168,12,14,3,1146,285,417,2084,2084.0
169,12,1,9,1310,372,477,2382,2382.0
170,13,15,1,1664,460,606,3026,3026.0
171,13,4,6,2510,530,913,4564,4564.0
172,13,19,4,2046,385,744,3720,3720.0
173,13,5,3,2237,453,814,4068,4068.0
174,13,1,2,1146,258,417,2084,2084.0
175,13,8,1,655,214,239,1191,1191.0
176,13,11,2,1392,476,507,2531,2531.0
177,13,18,2,1037,494,378,1886,1886.0
178,13,3,1,1773,302,645,3224,3224.0
179,13,17,6,1964,479,715,3571,3571.0
180,13,7,7,2619,438,953,4762,4762.0
181,14,5,5,1419,236,516,2580,2580.0
182,14,18,1,1582,139,576,2877,2877.0
183,14,7,4,1555,141,566,2828,2828.0
184,14,19,3,1228,271,447,2233,2233.0
185,14,6,9,437,356,159,795,795.0
186,14,9,7,846,461,308,1539,1539.0
187,14,17,1,2483,227,903,4515,4515.0
188,14,8,3,2428,176,883,4415,4415.0
189,14,13,5,2510,341,913,4564,4564.0
190,14,3,2,1473,170,536,2679,2679.0
191,14,20,3,1883,157,685,3424,3424.0
192,14,2,3,1473,206,536,2679,2679.0
193,14,15,6,1910,380,695,3473,3473.0
194,15,16,2,2128,323,774,3870,3870.0
195,15,1,9,2128,415,774,3870,3870.0
196,15,18,8,1419,226,516,2580,2580.0
197,15,5,6,2428,494,883,4415,4415.0
198,15,12,1,1255,530,457,2282,2282.0
199,15,13,6,2455,195,893,4464,4464.0
200,15,17,9,1228,443,447,2233,2233.0
201,15,14,5,1419,498,516,2580,2580.0
202,15,9,9,1010,454,368,1837,1837.0
203,15,4,5,2292,428,834,4168,4168.0
204,15,3,8,1310,212,477,2382,2382.0
205,15,20,3,2401,459,874,4366,4366.0
206,15,8,5,2210,197,804,4019,4019.0
207,15,2,5,1582,453,576,2877,2877.0
208,15,19,1,1582,387,576,2877,2877.0
209,15,6,5,982,314,358,1786,1786.0
210,15,7,1,573,297,209,1042,1042.0
211,15,11,9,1719,237,626,3126,3126.0
212,16,3,8,2592,249,943,4713,4713.0
213,16,8,2,2401,198,874,4366,4366.0
214,16,14,8,1801,142,655,3275,3275.0
215,16,13,3,655,124,239,1191,1191.0
216,16,5,6,1855,315,675,3373,3373.0
217,16,1,1,1419,157,516,2580,2580.0
218,16,6,5,2455,459,893,4464,4464.0
219,16,19,7,2564,361,933,4662,4662.0
220,16,20,3,1855,468,675,3373,3373.0
221,16,18,9,2046,170,744,3720,3720.0
222,16,7,3,2019,132,735,3671,3671.0
223,16,12,1,1883,120,685,3424,3424.0
224,16,15,9,955,390,348,1737,1737.0
225,16,4,3,1855,302,675,3373,3373.0
226,16,9,1,791,531,288,1439,1439.0
227,17,3,2,1855,505,675,3373,3373.0
228,17,5,2,1473,444,536,2679,2679.0
229,17,10,2,2455,162,893,4464,4464.0
230,17,12,3,2619,129,953,4762,4762.0
231,17,7,4,491,112,179,893,893.0
232,17,2,8,2155,151,784,3919,3919.0
233,17,14,2,2155,236,784,3919,3919.0
234,17,16,5,928,127,338,1688,1688.0
235,17,9,7,1992,154,725,3622,3622.0
236,17,11,4,573,423,209,1042,1042.0
237,17,19,2,2564,136,933,4662,4662.0
238,17,18,3,1910,252,695,3473,3473.0
239,17,15,6,846,377,308,1539,1539.0
240,18,2,9,1883,527,685,3424,3424.0
241,18,15,5,628,242,229,1142,1142.0
242,18,11,5,2155,335,784,3919,3919.0
243,18,8,7,1146,455,417,2084,2084.0
244,18,12,5,328,395,120,597,597.0
245,18,13,9,1773,437,645,3224,3224.0
246,18,3,6,2046,210,744,3720,3720.0
247,18,16,3,2646,453,963,4811,4811.0
248,18,19,9,1310,443,477,2382,2382.0
249,18,4,5,1228,483,447,2233,2233.0
250,18,10,8,1364,140,496,2480,2480.0
251,18,1,1,1010,288,368,1837,1837.0
252,18,6,6,2646,359,963,4811,4811.0
253,18,20,1,2455,176,893,4464,4464.0
254,18,7,2,1883,244,685,3424,3424.0
255,19,18,3,764,530,278,1390,1390.0
256,19,14,7,819,229,298,1490,1490.0
257,19,4,9,1228,451,447,2233,2233.0
258,19,8,7,464,513,169,844,844.0
259,19,20,3,2019,208,735,3671,3671.0
260,19,9,5,410,237,150,746,746.0
261,19,5,1,328,163,120,597,597.0
262,19,10,4,982,269,358,1786,1786.0
263,19,16,7,901,373,328,1639,1639.0
264,19,12,1,2428,512,883,4415,4415.0
265,19,1,3,2673,317,972,4860,4860.0
266,19,2,2,601,244,219,1093,1093.0
267,19,15,5,1173,455,427,2133,2133.0
268,19,6,3,1883,409,685,3424,3424.0
269,19,13,9,2183,427,794,3970,3970.0
270,19,7,7,2264,154,824,4117,4117.0
271,19,17,5,955,447,348,1737,1737.0
272,19,11,4,1146,515,417,2084,2084.0
273,20,7,9,819,126,298,1490,1490.0
274,20,8,5,1828,309,665,3324,3324.0
275,20,5,5,1392,229,507,2531,2531.0
276,20,6,9,464,309,169,844,844.0
277,20,10,5,1501,354,546,2730,2730.0
278,20,14,9,1610,179,586,2928,2928.0
279,20,17,6,2701,197,983,4911,4911.0
280,20,13,3,819,298,298,1490,1490.0
281,20,2,5,1337,287,487,2431,2431.0
282,20,9,4,2237,458,814,4068,4068.0
283,20,12,2,873,268,318,1588,1588.0
284,20,11,6,1364,341,496,2480,2480.0
285,20,16,2,982,186,358,1786,1786.0
286,20,15,9,2101,254,764,3820,3820.0
287,20,4,6,2673,350,972,4860,4860.0
288,20,1,7,1637,432,596,2977,2977.0
289,20,3,1,1173,510,427,2133,2133.0
290,20,18,8,1228,180,447,2233,2233.0
COMMODITIES,200
0,9,18,49,548,1167,2740,5835.0
1,20,16,39,477,1019,2381,5097.0
2,19,5,50,475,814,2372,4071.0
3,4,17,57,570,1243,2849,6215.0
4,1,8,65,438,1117,2188,5585.0
5,12,8,16,504,1144,2518,5724.0
6,2,7,58,474,1051,2369,5257.0
7,5,2,62,385,992,1923,4961.0
8,9,19,27,422,1404,2108,7024.0
9,13,10,74,392,1437,1957,7188.0
10,4,10,59,561,1139,2805,5697.0
11,1,10,28,426,1380,2126,6904.0
12,12,6,18,522,1079,2610,5399.0
13,8,13,19,411,1061,2054,5308.0
14,18,6,57,407,1093,2031,5467.0
15,1,13,30,444,881,2217,4409.0
16,19,1,50,491,1064,2451,5321.0
17,15,8,71,467,1272,2334,6363.0
18,1,5,58,499,1375,2494,6876.0
19,12,19,21,436,1246,2178,6231.0
20,1,11,61,385,1014,1921,5071.0
21,16,12,71,524,1511,2617,7556.0
22,16,19,24,396,1469,1976,7345.0
23,20,8,24,418,1102,2089,5513.0
24,3,13,17,519,1317,2594,6587.0
25,20,13,74,524,1030,2616,5153.0
26,15,5,43,467,1353,2335,6767.0
27,6,20,63,441,1327,2202,6636.0
28,11,1,57,359,944,1793,4723.0
29,13,19,20,436,1359,2177,6799.0
30,17,3,19,520,1459,2599,7298.0
31,3,12,33,431,1118,2151,5593.0
32,10,12,65,498,1283,2490,6418.0
33,13,16,39,472,1337,2359,6689.0
34,18,10,67,459,1179,2291,5899.0
35,5,6,56,457,959,2285,4796.0
36,16,8,19,431,1130,2154,5652.0
37,20,4,47,500,1618,2498,8093.0
38,16,13,25,476,946,2377,4733.0
39,17,5,47,396,1074,1977,5374.0
40,19,13,18,451,1128,2253,5644.0
41,8,18,39,382,656,1908,3282.0
42,17,13,32,508,1293,2540,6467.0
43,7,10,35,322,1237,1606,6187.0
44,10,17,64,456,797,2278,3985.0
45,4,6,41,479,1142,2393,5710.0
46,7,11,59,516,1138,2578,5694.0
47,1,16,53,310,913,1546,4566.0
48,15,2,39,476,1213,2376,6068.0
49,20,18,72,449,1146,2241,5734.0
50,8,17,49,486,1108,2427,5542.0
51,14,2,73,372,1166,1858,5832.0
52,12,14,72,525,1175,2622,5876.0
53,4,2,57,472,1054,2359,5273.0
54,7,6,34,409,1046,2045,5232.0
55,4,13,44,489,1321,2444,6608.0
56,6,11,30,549,1214,2742,6073.0
57,16,5,73,479,1353,2391,6766.0
58,14,19,38,432,1116,2156,5584.0
59,11,20,16,472,1013,2358,5065.0
60,2,11,36,497,878,2483,4394.0
61,1,12,49,446,1208,2228,6040.0
62,3,1,21,484,1112,2420,5560.0
63,4,12,25,435,1071,2174,5355.0
64,16,17,73,412,1319,2059,6596.0
65,5,19,58,381,1196,1905,5982.0
66,5,10,41,431,1449,2154,7248.0
67,2,10,68,386,1039,1929,5197.0
68,17,18,44,399,1171,1991,5859.0
69,9,3,70,406,1444,2026,7224.0
70,9,5,15,493,1386,2465,6930.0
71,12,4,64,431,1294,2155,6473.0
72,1,18,45,549,1313,2741,6565.0
73,15,14,26,499,1219,2491,6097.0
74,18,9,53,418,892,2088,4463.0
75,2,20,17,513,863,2564,4318.0
76,18,1,35,519,1108,2592,5543.0
77,20,2,74,442,1185,2210,5928.0
78,20,19,53,464,1351,2316,6755.0
79,6,18,38,445,1121,2225,5607.0
80,4,5,45,563,1093,2812,5466.0
81,15,1,22,527,1236,2631,6180.0
82,4,19,55,385,773,1925,3867.0
83,13,15,15,451,1052,2255,5260.0
84,20,7,57,375,885,1874,4427.0
85,2,12,50,446,822,2226,4112.0
86,3,15,25,396,1009,1979,5049.0
87,9,17,54,443,1117,2214,5589.0
88,18,12,35,503,871,2511,4356.0
89,19,14,22,432,912,2158,4563.0
90,3,6,66,473,1174,2364,5871.0
91,5,20,49,394,847,1967,4235.0
92,10,13,33,421,994,2105,4974.0
93,17,10,64,531,1321,2652,6607.0
94,15,7,24,457,885,2284,4427.0
95,8,10,22,538,1322,2689,6612.0
96,10,3,26,408,829,2039,4146.0
97,4,11,69,461,1158,2303,5791.0
98,12,20,29,478,834,2387,4173.0
99,3,10,60,406,1519,2029,7599.0
100,5,3,59,387,1204,1933,6022.0
101,6,8,70,335,1334,1671,6671.0
102,1,6,61,314,1013,1566,5069.0
103,12,17,49,371,1036,1855,5180.0
104,15,17,28,477,1011,2384,5057.0
105,4,18,17,414,957,2066,4787.0
106,6,13,29,434,1475,2166,7375.0
107,7,8,35,518,1336,2590,6681.0
108,10,20,16,530,1135,2649,5675.0
109,17,16,53,473,954,2365,4774.0
110,2,18,68,465,822,2321,4112.0
111,12,18,73,527,995,2631,4975.0
112,17,11,49,527,922,2631,4611.0
113,3,7,52,493,791,2462,3955.0
114,1,17,28,538,925,2690,4628.0
115,3,5,32,478,1401,2386,7007.0
116,18,8,49,474,1127,2366,5635.0
117,8,9,61,436,947,2177,4736.0
118,16,10,16,459,1671,2295,8359.0
119,7,2,17,467,1239,2332,6197.0
120,11,5,65,463,992,2312,4960.0
121,16,4,23,512,1429,2556,7145.0
122,10,7,41,442,960,2209,4803.0
123,8,19,66,507,1231,2532,6157.0
124,14,13,38,448,1429,2238,7145.0
125,5,8,45,378,856,1888,4284.0
126,9,10,51,457,1468,2283,7344.0
127,4,14,35,444,1095,2217,5477.0
128,7,20,63,346,786,1728,3932.0
129,3,14,62,421,895,2105,4479.0
130,7,5,31,462,1281,2306,6407.0
131,5,15,43,497,809,2485,4049.0
132,3,4,26,383,1229,1914,6147.0
133,16,1,38,307,1010,1531,5050.0
134,17,20,48,485,1100,2424,5501.0
135,9,6,49,364,1132,1820,5663.0
136,15,12,60,407,1097,2034,5486.0
137,16,18,20,472,1324,2360,6624.0
138,3,2,41,465,1367,2321,6837.0
139,8,4,51,440,1186,2199,5931.0
140,2,4,63,420,1231,2098,6159.0
141,19,16,72,470,1046,2350,5232.0
142,7,9,60,496,1103,2477,5519.0
143,12,9,57,471,794,2353,3972.0
144,3,19,48,491,1338,2453,6693.0
145,1,4,42,460,1493,2300,7469.0
146,13,2,23,411,1038,2053,5191.0
147,15,3,60,535,1330,2671,6651.0
148,18,15,66,463,899,2311,4499.0
149,8,20,32,467,844,2335,4220.0
150,9,16,48,426,1324,2129,6620.0
151,16,15,59,443,1048,2212,5243.0
152,16,3,35,500,1543,2498,7718.0
153,8,2,36,439,841,2191,4206.0
154,20,11,41,415,1090,2075,5453.0
155,2,16,74,482,998,2410,4990.0
156,15,11,43,487,1295,2434,6477.0
157,18,20,31,528,987,2638,4936.0
158,18,2,41,500,1049,2497,5248.0
159,8,7,68,379,999,1891,4996.0
160,12,16,52,454,1175,2266,5878.0
161,7,3,42,402,1280,2009,6401.0
162,12,13,19,435,968,2171,4840.0
163,12,1,35,506,1159,2530,5796.0
164,16,7,31,440,1226,2199,6131.0
165,10,4,67,438,1385,2189,6926.0
166,17,6,67,474,1177,2370,5889.0
167,3,18,31,409,1105,2044,5527.0
168,8,15,56,386,742,1930,3714.0
169,14,20,40,452,1334,2258,6672.0
170,19,9,72,424,774,2117,3871.0
171,17,7,19,523,892,2614,4460.0
172,14,5,17,507,1248,2533,6240.0
173,7,14,16,493,1199,2464,5995.0
174,2,8,45,371,1035,1851,5178.0
175,17,14,34,513,1138,2564,5694.0
176,5,4,62,427,1397,2131,6985.0
177,6,12,56,538,1268,2687,6340.0
178,15,9,16,411,1044,2053,5222.0
179,2,1,55,470,916,2348,4582.0
180,5,12,37,456,1156,2279,5780.0
181,19,18,21,504,972,2519,4861.0
182,4,9,65,459,813,2294,4066.0
183,6,19,43,427,1296,2132,6481.0
184,20,17,26,422,1032,2108,5164.0
185,1,20,69,436,1017,2177,5085.0
186,1,14,23,391,1054,1952,5270.0
187,20,10,45,478,1200,2389,6002.0
188,7,4,51,473,1429,2363,7145.0
189,14,10,35,421,1439,2103,7197.0
190,19,12,48,500,1102,2496,5514.0
191,14,1,63,451,1445,2253,7229.0
192,4,15,54,455,820,2272,4104.0
193,4,8,51,473,1001,2365,5009.0
194,1,19,69,563,1398,2811,6991.0
195,7,17,59,499,822,2494,4112.0
196,3,17,57,581,1016,2903,5082.0
197,8,3,17,394,1167,1969,5835.0
198,9,20,67,437,1141,2184,5709.0
199,16,6,74,424,1323,2118,6619.0
horizon=1671
