NODES,30
1,1,-,-
2,2,-,-
3,3,-,-
4,4,-,-
5,5,-,-
6,6,-,-
7,7,-,-
8,8,-,-
9,9,-,-
10,10,-,-
11,11,-,-
12,12,-,-
13,13,-,-
14,14,-,-
15,15,-,-
16,16,-,-
17,17,-,-
18,18,-,-
19,19,-,-
20,20,-,-
21,21,-,-
22,22,-,-
23,23,-,-
24,24,-,-
25,25,-,-
26,26,-,-
27,27,-,-
28,28,-,-
29,29,-,-
30,30,-,-
ARCS,520
0,1,18,7,564,612,206,1026,1026.0
1,1,6,2,383,374,140,697,697.0
2,1,27,3,513,157,187,933,933.0
3,1,19,2,181,545,66,330,330.0
4,1,30,7,145,637,53,264,264.0
5,1,20,2,600,687,219,1091,1091.0
6,1,25,9,94,279,35,171,171.0
7,1,4,4,73,640,27,133,133.0
8,1,21,2,420,220,153,764,764.0
9,1,16,4,477,182,174,868,868.0
10,1,29,6,644,532,235,1171,1171.0
11,1,8,9,131,300,48,239,239.0
12,2,17,3,159,272,58,290,290.0
13,2,10,9,600,354,219,1091,1091.0
14,2,15,2,622,310,227,1131,1131.0
15,2,13,7,542,462,198,986,986.0
16,2,19,9,152,373,56,277,277.0
17,2,14,4,261,612,95,475,475.0
18,2,20,5,485,393,177,882,882.0
19,2,9,2,210,655,77,382,382.0
20,2,11,6,615,644,224,1119,1119.0
21,2,16,5,607,189,221,1104,1104.0
22,2,26,4,275,417,100,500,500.0
23,2,5,8,535,163,195,973,973.0
24,2,27,5,535,412,195,973,973.0
25,2,12,5,521,685,190,948,948.0
26,2,18,4,391,722,143,711,711.0
27,3,20,1,586,682,214,1066,1066.0
28,3,16,4,672,681,245,1222,1222.0
29,3,24,4,644,513,235,1171,1171.0
30,3,17,5,311,244,114,566,566.0
31,3,5,8,427,558,156,777,777.0
32,3,29,4,644,647,235,1171,1171.0
33,3,28,6,210,639,77,382,382.0
34,3,7,7,441,626,161,802,802.0
35,3,13,2,87,373,32,159,159.0
36,3,25,4,268,155,98,488,488.0
37,3,22,3,239,520,87,435,435.0
38,3,18,5,615,723,224,1119,1119.0
39,3,14,3,441,374,161,802,802.0
40,3,11,6,571,437,208,1039,1039.0
41,3,19,5,593,415,216,1079,1079.0
42,3,27,3,672,580,245,1222,1222.0
43,3,12,9,427,716,156,777,777.0
44,3,6,8,528,392,192,960,960.0
45,3,8,9,593,395,216,1079,1079.0
46,3,15,9,470,344,171,855,855.0
47,3,4,5,571,561,208,1039,1039.0
48,3,10,1,87,182,32,159,159.0
49,3,9,2,672,360,245,1222,1222.0
50,3,1,3,224,507,82,408,408.0
51,4,11,8,398,440,145,724,724.0
52,4,10,8,456,456,166,830,830.0
53,4,1,8,644,680,235,1171,1171.0
54,4,21,2,217,317,79,395,395.0
55,4,23,6,557,469,203,1013,1013.0
56,4,27,1,333,496,122,606,606.0
57,4,24,5,528,325,192,960,960.0
58,4,28,7,145,234,53,264,264.0
59,4,30,9,456,440,166,830,830.0
60,4,9,1,217,227,79,395,395.0
61,4,3,3,521,370,190,948,948.0
62,4,17,7,665,659,242,1210,1210.0
63,4,13,2,521,148,190,948,948.0
64,5,12,6,369,291,135,671,671.0
65,5,2,2,203,329,74,370,370.0
66,5,30,4,636,439,232,1157,1157.0
67,5,19,6,87,550,32,159,159.0
68,5,13,1,188,700,69,342,342.0
69,5,22,5,636,685,232,1157,1157.0
70,5,4,5,268,713,98,488,488.0
71,5,10,7,456,176,166,830,830.0
72,5,26,6,535,399,195,973,973.0
73,5,25,9,528,284,192,960,960.0
74,5,3,6,304,590,111,553,553.0
75,5,8,1,506,231,184,920,920.0
76,5,27,4,441,246,161,802,802.0
77,5,24,6,557,634,203,1013,1013.0
78,5,21,3,448,465,163,815,815.0
79,6,11,9,138,195,51,251,251.0
80,6,30,5,521,504,190,948,948.0
81,6,1,8,383,682,140,697,697.0
82,6,19,8,326,344,119,593,593.0
83,6,3,8,578,195,211,1051,1051.0
84,6,10,5,434,201,158,790,790.0
85,6,22,5,391,284,143,711,711.0
86,6,4,2,73,258,27,133,133.0
87,6,26,6,275,147,100,500,500.0
88,6,18,2,268,459,98,488,488.0
89,6,27,5,405,243,148,737,737.0
90,6,17,9,600,228,219,1091,1091.0
91,6,28,1,398,157,145,724,724.0
92,6,14,4,232,338,85,422,422.0
93,6,16,5,376,493,137,684,684.0
94,6,5,1,564,680,206,1026,1026.0
95,7,23,9,87,222,32,159,159.0
96,7,11,6,420,631,153,764,764.0
97,7,8,8,600,298,219,1091,1091.0
98,7,26,5,340,297,124,619,619.0
99,7,27,8,80,607,30,146,146.0
100,7,20,5,369,481,135,671,671.0
101,7,22,9,644,604,235,1171,1171.0
102,7,3,7,347,436,127,631,631.0
103,7,24,5,593,526,216,1079,1079.0
104,7,10,4,398,491,145,724,724.0
105,7,9,9,622,671,227,1131,1131.0
106,7,1,3,564,272,206,1026,1026.0
107,8,14,4,694,206,253,1262,1262.0
108,8,30,6,102,325,38,186,186.0
109,8,9,7,571,212,208,1039,1039.0
110,8,17,8,448,231,163,815,815.0
111,8,25,6,232,215,85,422,422.0
112,8,4,5,701,513,255,1275,1275.0
113,8,27,9,557,452,203,1013,1013.0
114,8,13,7,188,314,69,342,342.0
115,8,26,3,152,487,56,277,277.0
116,8,10,2,123,332,45,224,224.0
117,8,19,6,593,666,216,1079,1079.0
118,8,28,3,80,453,30,146,146.0
119,8,11,1,701,278,255,1275,1275.0
120,8,2,7,217,682,79,395,395.0
121,8,16,7,434,218,158,790,790.0
122,8,7,7,174,582,64,317,317.0
123,8,12,6,680,260,248,1237,1237.0
124,8,6,7,644,417,235,1171,1171.0
125,8,20,6,593,478,216,1079,1079.0
126,8,24,7,391,268,143,711,711.0
127,8,22,4,492,317,179,895,895.0
128,8,3,2,658,586,240,1197,1197.0
129,8,5,4,145,358,53,264,264.0
130,8,15,1,261,363,95,475,475.0
131,8,18,4,644,459,235,1171,1171.0
132,9,16,2,535,387,195,973,973.0
133,9,4,6,224,252,82,408,408.0
134,9,17,6,513,306,187,933,933.0
135,9,11,3,694,379,253,1262,1262.0
136,9,27,6,362,411,132,659,659.0
137,9,13,6,116,348,43,211,211.0
138,9,26,8,593,608,216,1079,1079.0
139,9,25,7,427,176,156,777,777.0
140,9,24,6,463,408,169,842,842.0
141,9,6,1,224,710,82,408,408.0
142,9,3,9,80,447,30,146,146.0
143,9,5,6,672,312,245,1222,1222.0
144,9,8,8,644,636,235,1171,1171.0
145,9,2,8,311,268,114,566,566.0
146,9,19,6,311,482,114,566,566.0
147,9,7,6,369,728,135,671,671.0
148,9,29,1,289,345,106,526,526.0
149,9,10,3,405,269,148,737,737.0
150,9,20,3,448,415,163,815,815.0
151,9,14,1,571,430,208,1039,1039.0
152,9,21,2,535,513,195,973,973.0
153,9,18,6,463,522,169,842,842.0
154,10,3,4,644,618,235,1171,1171.0
155,10,24,5,246,534,90,448,448.0
156,10,9,8,275,526,100,500,500.0
157,10,6,5,456,680,166,830,830.0
158,10,29,9,232,278,85,422,422.0
159,10,11,2,253,551,92,460,460.0
160,10,23,2,535,233,195,973,973.0
161,10,26,7,152,338,56,277,277.0
162,10,4,5,434,211,158,790,790.0
163,10,22,9,463,552,169,842,842.0
164,10,2,9,463,320,169,842,842.0
165,10,7,6,644,203,235,1171,1171.0
166,10,30,6,152,411,56,277,277.0
167,10,14,6,557,694,203,1013,1013.0
168,10,15,4,420,437,153,764,764.0
169,11,20,2,102,221,38,186,186.0
170,11,18,4,658,688,240,1197,1197.0
171,11,3,1,224,428,82,408,408.0
172,11,21,3,644,452,235,1171,1171.0
173,11,7,8,694,171,253,1262,1262.0
174,11,5,8,420,215,153,764,764.0
175,11,12,2,362,443,132,659,659.0
176,11,17,7,275,344,100,500,500.0
177,11,16,1,355,411,130,646,646.0
178,11,26,8,275,450,100,500,500.0
179,11,9,7,239,370,87,435,435.0
180,11,6,2,268,408,98,488,488.0
181,11,25,5,571,345,208,1039,1039.0
182,11,4,5,506,571,184,920,920.0
183,11,15,4,716,599,261,1302,1302.0
184,11,24,5,535,547,195,973,973.0
185,11,8,9,420,307,153,764,764.0
186,11,29,9,593,471,216,1079,1079.0
187,11,1,2,709,199,258,1290,1290.0
188,12,21,8,131,637,48,239,239.0
189,12,27,9,347,335,127,631,631.0
190,12,6,4,138,681,51,251,251.0
191,12,8,4,318,564,116,579,579.0
192,12,5,8,658,414,240,1197,1197.0
193,12,24,1,181,696,66,330,330.0
194,12,10,2,506,707,184,920,920.0
195,12,16,8,80,582,30,146,146.0
196,12,13,6,680,515,248,1237,1237.0
197,12,30,2,672,259,245,1222,1222.0
198,12,11,7,448,520,163,815,815.0
199,12,17,6,304,577,111,553,553.0
200,12,25,1,203,669,74,370,370.0
201,12,2,7,282,590,103,513,513.0
202,12,4,1,152,266,56,277,277.0
203,12,3,6,651,665,237,1184,1184.0
204,12,22,8,383,382,140,697,697.0
205,13,5,9,593,220,216,1079,1079.0
206,13,26,9,188,444,69,342,342.0
207,13,17,8,506,319,184,920,920.0
208,13,20,3,622,276,227,1131,1131.0
209,13,23,8,651,682,237,1184,1184.0
210,13,3,1,398,211,145,724,724.0
211,13,27,9,607,453,221,1104,1104.0
212,13,9,9,224,192,82,408,408.0
213,13,25,1,145,615,53,264,264.0
214,13,8,6,716,453,261,1302,1302.0
215,13,6,5,513,447,187,933,933.0
216,13,16,8,665,161,242,1210,1210.0
217,13,7,4,347,440,127,631,631.0
218,13,24,8,694,678,253,1262,1262.0
219,14,24,3,456,715,166,830,830.0
220,14,16,3,615,663,224,1119,1119.0
221,14,17,1,492,182,179,895,895.0
222,14,8,1,542,682,198,986,986.0
223,14,6,3,615,430,224,1119,1119.0
224,14,15,8,131,471,48,239,239.0
225,14,10,5,340,411,124,619,619.0
226,14,19,8,528,361,192,960,960.0
227,14,29,8,253,512,92,460,460.0
228,14,2,1,289,320,106,526,526.0
229,14,25,1,513,189,187,933,933.0
230,14,4,5,102,498,38,186,186.0
231,14,23,6,564,387,206,1026,1026.0
232,14,9,4,456,342,166,830,830.0
233,14,30,1,398,355,145,724,724.0
234,14,1,3,492,298,179,895,895.0
235,14,18,5,174,525,64,317,317.0
236,14,12,6,665,173,242,1210,1210.0
237,14,27,8,376,477,137,684,684.0
238,14,13,3,80,709,30,146,146.0
239,15,19,3,333,376,122,606,606.0
240,15,26,7,232,285,85,422,422.0
241,15,16,4,217,147,79,395,395.0
242,15,10,2,716,646,261,1302,1302.0
243,15,21,1,239,295,87,435,435.0
244,15,18,2,687,720,250,1250,1250.0
245,15,14,1,448,665,163,815,815.0
246,15,28,2,492,276,179,895,895.0
247,15,25,1,333,268,122,606,606.0
248,15,13,3,174,404,64,317,317.0
249,15,29,5,492,370,179,895,895.0
250,15,2,7,318,488,116,579,579.0
251,15,4,5,333,618,122,606,606.0
252,15,9,5,622,170,227,1131,1131.0
253,15,27,5,528,458,192,960,960.0
254,15,23,5,333,598,122,606,606.0
255,15,30,5,123,447,45,224,224.0
256,15,24,3,362,430,132,659,659.0
257,15,1,8,441,364,161,802,802.0
258,16,21,6,196,450,72,357,357.0
259,16,30,5,615,710,224,1119,1119.0
260,16,11,1,694,703,253,1262,1262.0
261,16,23,6,210,713,77,382,382.0
262,16,24,9,109,690,40,199,199.0
263,16,17,7,246,186,90,448,448.0
264,16,6,9,434,653,158,790,790.0
265,16,13,1,463,690,169,842,842.0
266,16,2,2,289,647,106,526,526.0
267,16,14,8,694,196,253,1262,1262.0
268,16,12,9,412,395,150,750,750.0
269,16,18,2,578,547,211,1051,1051.0
270,16,3,7,680,661,248,1237,1237.0
271,16,1,7,420,455,153,764,764.0
272,16,10,8,102,468,38,186,186.0
273,17,15,3,644,272,235,1171,1171.0
274,17,9,8,434,481,158,790,790.0
275,17,25,8,282,434,103,513,513.0
276,17,23,4,318,517,116,579,579.0
277,17,12,8,232,709,85,422,422.0
278,17,7,4,665,236,242,1210,1210.0
279,17,27,3,340,368,124,619,619.0
280,17,18,7,326,592,119,593,593.0
281,17,5,3,203,493,74,370,370.0
282,17,28,9,167,665,61,304,304.0
283,17,6,4,607,636,221,1104,1104.0
284,17,13,2,636,411,232,1157,1157.0
285,17,21,5,355,725,130,646,646.0
286,17,16,1,210,420,77,382,382.0
287,17,26,2,716,674,261,1302,1302.0
288,17,3,3,333,420,122,606,606.0
289,17,10,2,521,655,190,948,948.0
290,17,14,8,333,577,122,606,606.0
291,18,30,4,289,655,106,526,526.0
292,18,12,2,311,515,114,566,566.0
293,18,13,5,239,347,87,435,435.0
294,18,9,5,600,218,219,1091,1091.0
295,18,7,3,289,544,106,526,526.0
296,18,29,7,268,567,98,488,488.0
297,18,24,2,492,634,179,895,895.0
298,18,23,8,470,560,171,855,855.0
299,18,22,6,535,271,195,973,973.0
300,18,3,8,131,398,48,239,239.0
301,18,14,3,232,611,85,422,422.0
302,18,11,5,636,266,232,1157,1157.0
303,18,20,8,217,666,79,395,395.0
304,18,21,6,528,725,192,960,960.0
305,18,10,2,665,488,242,1210,1210.0
306,18,4,5,203,729,74,370,370.0
307,18,15,8,586,269,214,1066,1066.0
308,18,28,8,87,345,32,159,159.0
309,18,2,7,557,310,203,1013,1013.0
310,18,26,5,253,650,92,460,460.0
311,18,6,3,116,707,43,211,211.0
312,19,29,5,131,347,48,239,239.0
313,19,11,7,405,523,148,737,737.0
314,19,7,9,131,460,48,239,239.0
315,19,22,3,289,237,106,526,526.0
316,19,18,8,398,208,145,724,724.0
317,19,23,4,535,215,195,973,973.0
318,19,27,9,622,593,227,1131,1131.0
319,19,24,8,629,459,229,1144,1144.0
320,19,15,3,398,631,145,724,724.0
321,19,9,9,651,198,237,1184,1184.0
322,19,25,5,188,357,69,342,342.0
323,19,21,8,347,198,127,631,631.0
324,19,6,6,217,453,79,395,395.0
325,19,28,1,123,479,45,224,224.0
326,19,3,4,499,696,182,908,908.0
327,19,17,7,477,639,174,868,868.0
328,19,10,6,203,675,74,370,370.0
329,20,6,9,217,453,79,395,395.0
330,20,14,6,434,617,158,790,790.0
331,20,17,7,80,241,30,146,146.0
332,20,18,5,477,614,174,868,868.0
333,20,11,8,456,393,166,830,830.0
334,20,12,6,607,326,221,1104,1104.0
335,20,24,2,701,455,255,1275,1275.0
336,20,26,6,456,224,166,830,830.0
337,20,7,4,636,234,232,1157,1157.0
338,20,2,8,116,252,43,211,211.0
339,20,13,4,311,293,114,566,566.0
340,20,27,3,347,447,127,631,631.0
341,20,29,9,427,217,156,777,777.0
342,20,22,9,333,491,122,606,606.0
343,20,8,1,289,203,106,526,526.0
344,21,2,2,188,618,69,342,342.0
345,21,25,2,116,274,43,211,211.0
346,21,9,9,571,487,208,1039,1039.0
347,21,29,6,253,567,92,460,460.0
348,21,24,9,246,494,90,448,448.0
349,21,3,9,333,456,122,606,606.0
350,21,30,2,347,154,127,631,631.0
351,21,15,2,694,571,253,1262,1262.0
352,21,26,6,318,536,116,579,579.0
353,21,16,1,261,189,95,475,475.0
354,21,17,1,232,385,85,422,422.0
355,21,1,1,123,409,45,224,224.0
356,21,5,2,224,639,82,408,408.0
357,21,20,3,420,366,153,764,764.0
358,21,6,6,615,209,224,1119,1119.0
359,21,10,5,109,274,40,199,199.0
360,21,27,9,174,662,64,317,317.0
361,21,13,7,622,341,227,1131,1131.0
362,21,8,1,159,173,58,290,290.0
363,22,16,9,571,663,208,1039,1039.0
364,22,27,8,109,604,40,199,199.0
365,22,3,8,477,621,174,868,868.0
366,22,24,2,644,155,235,1171,1171.0
367,22,2,4,333,231,122,606,606.0
368,22,11,9,340,425,124,619,619.0
369,22,13,5,672,281,245,1222,1222.0
370,22,5,6,261,710,95,475,475.0
371,22,8,8,391,182,143,711,711.0
372,22,20,9,282,643,103,513,513.0
373,22,30,9,102,696,38,186,186.0
374,22,4,2,680,519,248,1237,1237.0
375,22,18,4,701,370,255,1275,1275.0
376,22,21,9,181,621,66,330,330.0
377,22,14,6,333,656,122,606,606.0
378,22,6,1,123,693,45,224,224.0
379,22,10,5,680,481,248,1237,1237.0
380,22,17,3,282,519,103,513,513.0
381,22,12,5,521,482,190,948,948.0
382,22,25,5,420,463,153,764,764.0
383,22,9,1,701,271,255,1275,1275.0
384,23,24,8,275,335,100,500,500.0
385,23,3,1,716,684,261,1302,1302.0
386,23,17,8,542,294,198,986,986.0
387,23,11,9,593,164,216,1079,1079.0
388,23,9,8,318,542,116,579,579.0
389,23,1,4,253,706,92,460,460.0
390,23,25,7,485,566,177,882,882.0
391,23,20,1,80,681,30,146,146.0
392,23,13,6,383,358,140,697,697.0
393,23,28,8,434,726,158,790,790.0
394,23,22,3,304,548,111,553,553.0
395,23,10,4,398,203,145,724,724.0
396,23,29,5,102,545,38,186,186.0
397,24,14,9,441,614,161,802,802.0
398,24,26,1,535,658,195,973,973.0
399,24,23,3,210,335,77,382,382.0
400,24,19,2,513,249,187,933,933.0
401,24,1,7,557,571,203,1013,1013.0
402,24,18,1,239,336,87,435,435.0
403,24,10,8,232,719,85,422,422.0
404,24,13,8,672,290,245,1222,1222.0
405,24,29,1,694,650,253,1262,1262.0
406,24,15,5,80,395,30,146,146.0
407,24,28,5,557,519,203,1013,1013.0
408,24,22,3,289,373,106,526,526.0
409,24,21,8,239,183,87,435,435.0
410,24,3,7,87,201,32,159,159.0
411,24,6,7,427,259,156,777,777.0
412,24,4,8,564,274,206,1026,1026.0
413,24,27,3,593,539,216,1079,1079.0
414,25,2,5,716,186,261,1302,1302.0
415,25,14,7,434,166,158,790,790.0
416,25,15,6,174,179,64,317,317.0
417,25,12,9,709,566,258,1290,1290.0
418,25,16,1,326,652,119,593,593.0
419,25,21,7,239,288,87,435,435.0
420,25,6,8,87,570,32,159,159.0
421,25,18,1,123,460,45,224,224.0
422,25,24,8,347,532,127,631,631.0
423,25,26,6,658,323,240,1197,1197.0
424,25,10,5,355,366,130,646,646.0
425,25,7,3,571,298,208,1039,1039.0
426,25,9,9,347,434,127,631,631.0
427,25,13,3,564,567,206,1026,1026.0
428,25,28,5,73,450,27,133,133.0
429,25,20,6,174,446,64,317,317.0
430,25,30,1,398,481,145,724,724.0
431,25,3,4,499,490,182,908,908.0
432,25,5,5,282,618,103,513,513.0
433,25,8,4,318,373,116,579,579.0
434,26,23,8,701,564,255,1275,1275.0
435,26,29,5,174,573,64,317,317.0
436,26,18,6,123,317,45,224,224.0
437,26,22,4,550,550,200,1000,1000.0
438,26,11,8,470,487,171,855,855.0
439,26,1,1,196,729,72,357,357.0
440,26,12,3,550,458,200,1000,1000.0
441,26,8,3,593,685,216,1079,1079.0
442,26,3,1,434,497,158,790,790.0
443,26,25,3,383,440,140,697,697.0
444,26,7,1,578,589,211,1051,1051.0
445,26,21,1,362,723,132,659,659.0
446,26,4,3,427,463,156,777,777.0
447,26,16,4,600,472,219,1091,1091.0
448,26,13,5,521,335,190,948,948.0
449,26,2,2,275,249,100,500,500.0
450,26,28,8,586,341,214,1066,1066.0
451,26,6,6,694,367,253,1262,1262.0
452,27,15,9,412,576,150,750,750.0
453,27,2,4,535,639,195,973,973.0
454,27,3,8,369,477,135,671,671.0
455,27,20,8,636,199,232,1157,1157.0
456,27,21,4,622,536,227,1131,1131.0
457,27,25,3,528,458,192,960,960.0
458,27,4,5,571,440,208,1039,1039.0
459,27,26,4,456,490,166,830,830.0
460,27,16,1,615,604,224,1119,1119.0
461,27,18,8,405,431,148,737,737.0
462,27,6,7,528,558,192,960,960.0
463,27,30,9,571,462,208,1039,1039.0
464,27,24,4,224,423,82,408,408.0
465,27,28,6,282,164,103,513,513.0
466,27,14,3,167,399,61,304,304.0
467,27,8,8,275,653,100,500,500.0
468,27,12,9,636,322,232,1157,1157.0
469,27,19,8,528,230,192,960,960.0
470,27,10,7,615,331,224,1119,1119.0
471,28,26,4,246,290,90,448,448.0
472,28,19,2,550,599,200,1000,1000.0
473,28,18,6,261,420,95,475,475.0
474,28,17,2,261,215,95,475,475.0
475,28,23,4,376,431,137,684,684.0
476,28,6,1,398,538,145,724,724.0
477,28,30,6,239,642,87,435,435.0
478,28,1,1,217,668,79,395,395.0
479,28,2,7,513,171,187,933,933.0
480,28,13,7,709,479,258,1290,1290.0
481,28,9,5,383,706,140,697,697.0
482,28,5,6,152,726,56,277,277.0
483,28,10,5,485,344,177,882,882.0
484,28,4,8,217,650,79,395,395.0
485,28,14,5,282,282,103,513,513.0
486,28,8,6,694,531,253,1262,1262.0
487,29,20,5,73,498,27,133,133.0
488,29,28,4,340,515,124,619,619.0
489,29,8,6,311,634,114,566,566.0
490,29,1,6,672,436,245,1222,1222.0
491,29,5,8,542,167,198,986,986.0
492,29,15,1,550,414,200,1000,1000.0
493,29,12,5,571,203,208,1039,1039.0
494,29,26,4,535,677,195,973,973.0
495,29,27,7,369,180,135,671,671.0
496,29,17,9,521,225,190,948,948.0
497,29,18,3,542,576,198,986,986.0
498,29,24,2,658,345,240,1197,1197.0
499,29,11,4,261,255,95,475,475.0
500,29,16,2,203,469,74,370,370.0
501,29,9,5,521,385,190,948,948.0
502,29,10,9,246,450,90,448,448.0
503,30,10,4,138,279,51,251,251.0
504,30,4,1,80,379,30,146,146.0
505,30,15,2,716,555,261,1302,1302.0
506,30,8,9,224,423,82,408,408.0
507,30,23,9,224,252,82,408,408.0
508,30,3,6,333,212,122,606,606.0
509,30,1,9,297,411,108,540,540.0
510,30,29,9,615,726,224,1119,1119.0
511,30,5,8,109,658,40,199,199.0
512,30,19,8,210,427,77,382,382.0
513,30,27,1,499,481,182,908,908.0
514,30,26,3,246,725,90,448,448.0
515,30,9,1,232,171,85,422,422.0
516,30,13,4,506,393,184,920,920.0
517,30,28,9,246,399,90,448,448.0
518,30,18,2,369,393,135,671,671.0
519,30,2,7,261,333,95,475,475.0
COMMODITIES,400
0,4,23,71,110,325,546,1627.0
1,19,17,19,111,250,555,1253.0
2,19,20,24,134,229,666,1147.0
3,6,15,57,122,294,607,1473.0
4,16,29,49,128,266,639,1332.0
5,9,8,38,120,313,597,1569.0
6,11,6,49,111,244,554,1221.0
7,5,12,41,119,286,592,1431.0
8,5,9,74,126,314,627,1571.0
9,29,2,23,139,236,695,1181.0
10,15,9,41,139,300,692,1504.0
11,6,2,20,130,290,650,1452.0
12,1,30,37,120,204,598,1021.0
13,17,29,21,135,316,675,1583.0
14,26,2,58,109,243,544,1219.0
15,21,15,46,131,276,654,1380.0
16,2,16,45,122,284,607,1420.0
17,19,4,55,123,269,615,1347.0
18,22,5,59,131,237,654,1185.0
19,24,2,44,128,296,640,1484.0
20,27,15,40,117,261,585,1309.0
21,30,10,52,131,219,655,1098.0
22,20,25,56,128,290,637,1450.0
23,26,16,18,154,321,766,1609.0
24,25,19,53,130,272,646,1362.0
25,5,15,32,129,321,642,1607.0
26,11,4,62,106,261,530,1307.0
27,1,29,38,113,250,564,1253.0
28,13,6,43,117,231,583,1159.0
29,18,15,71,100,264,497,1320.0
30,22,13,18,120,278,598,1393.0
31,23,15,53,124,283,616,1416.0
32,25,28,37,116,172,579,863.0
33,13,20,31,106,260,526,1300.0
34,4,19,34,127,296,632,1483.0
35,6,12,70,147,354,731,1770.0
36,23,30,28,130,319,648,1596.0
37,8,21,53,115,291,574,1455.0
38,18,30,48,140,275,696,1378.0
39,19,10,27,110,219,546,1098.0
40,17,6,57,121,281,603,1406.0
41,18,27,49,99,259,493,1296.0
42,21,24,30,129,246,643,1233.0
43,23,16,33,130,273,646,1369.0
44,12,28,34,113,240,562,1202.0
45,5,27,58,139,277,691,1386.0
46,23,3,61,139,296,692,1482.0
47,17,9,54,107,300,532,1502.0
48,9,16,19,118,322,586,1610.0
49,7,26,27,128,285,640,1425.0
50,7,13,71,113,263,564,1319.0
51,9,18,28,122,289,609,1445.0
52,22,19,58,119,249,595,1249.0
53,27,7,30,144,336,718,1684.0
54,8,14,34,115,278,571,1391.0
55,16,7,28,129,360,643,1804.0
56,2,29,52,111,243,553,1216.0
57,25,5,72,106,225,529,1127.0
58,17,14,44,113,265,565,1328.0
59,18,14,21,129,248,641,1240.0
60,2,15,71,114,299,567,1496.0
61,7,18,53,115,296,575,1481.0
62,5,3,33,126,268,629,1342.0
63,20,9,38,129,276,643,1382.0
64,28,3,53,138,318,689,1593.0
65,11,18,54,114,294,569,1472.0
66,28,17,39,128,260,639,1304.0
67,2,25,73,146,300,726,1503.0
68,9,28,54,122,258,610,1293.0
69,25,15,73,101,197,505,986.0
70,1,14,51,111,288,552,1441.0
71,16,26,61,123,248,614,1243.0
72,7,27,53,123,181,615,906.0
73,25,27,70,120,301,597,1505.0
74,6,23,43,122,347,609,1738.0
75,8,26,29,122,206,609,1031.0
76,29,25,20,119,311,592,1556.0
77,18,4,17,148,247,736,1239.0
78,27,16,37,102,328,506,1640.0
79,17,20,37,144,318,716,1593.0
80,3,9,55,105,257,522,1288.0
81,23,2,58,116,220,577,1102.0
82,26,11,49,124,289,616,1446.0
83,4,21,30,153,255,761,1277.0
84,11,14,54,144,342,717,1713.0
85,17,11,61,98,310,487,1552.0
86,9,12,28,116,325,576,1626.0
87,2,5,30,123,280,611,1401.0
88,11,10,52,142,291,710,1459.0
89,2,19,73,131,218,653,1093.0
90,12,20,50,111,282,555,1410.0
91,4,7,29,135,349,675,1748.0
92,13,19,71,140,329,698,1648.0
93,20,7,60,114,285,566,1425.0
94,10,4,49,105,219,522,1099.0
95,18,2,36,125,274,623,1371.0
96,28,25,64,129,279,645,1397.0
97,27,18,53,116,264,577,1321.0
98,23,21,39,104,314,520,1574.0
99,25,10,24,144,297,719,1487.0
100,22,28,50,136,277,678,1385.0
101,28,15,31,103,288,513,1443.0
102,23,4,74,110,257,550,1288.0
103,27,6,36,122,315,608,1575.0
104,24,9,74,129,305,641,1527.0
105,24,10,55,102,193,506,968.0
106,4,27,45,122,276,608,1381.0
107,23,17,66,125,212,624,1061.0
108,30,11,48,126,304,626,1521.0
109,27,4,20,103,232,515,1161.0
110,30,1,18,119,256,595,1282.0
111,22,1,72,104,240,516,1200.0
112,30,5,62,126,198,629,990.0
113,23,26,70,151,352,753,1764.0
114,12,19,66,123,314,614,1573.0
115,11,28,44,114,271,567,1357.0
116,3,11,46,132,286,658,1433.0
117,24,30,72,135,239,671,1196.0
118,11,24,18,119,326,593,1634.0
119,28,26,51,116,243,576,1218.0
120,4,1,65,103,254,511,1273.0
121,28,19,44,113,230,564,1152.0
122,22,25,47,124,258,617,1292.0
123,23,7,36,115,313,574,1565.0
124,15,12,55,136,380,676,1901.0
125,28,13,69,150,302,746,1513.0
126,17,21,54,136,294,677,1471.0
127,24,19,38,130,310,647,1554.0
128,20,22,51,119,261,594,1308.0
129,23,6,69,129,269,645,1347.0
130,25,6,38,102,161,506,809.0
131,18,17,56,112,258,560,1294.0
132,4,9,47,110,220,547,1102.0
133,17,3,20,125,285,622,1427.0
134,1,23,68,126,294,627,1472.0
135,19,11,74,127,277,635,1387.0
136,1,26,24,134,269,668,1349.0
137,29,26,41,107,273,533,1368.0
138,5,10,69,134,274,669,1370.0
139,22,23,61,103,247,513,1236.0
140,12,14,40,120,286,598,1431.0
141,28,11,41,118,340,589,1704.0
142,19,23,17,130,249,649,1247.0
143,8,9,30,107,257,531,1288.0
144,21,28,61,126,227,630,1138.0
145,20,30,22,122,300,610,1500.0
146,3,17,62,121,266,604,1331.0
147,20,29,48,137,319,682,1596.0
148,12,24,60,107,191,535,959.0
149,10,12,72,121,369,602,1846.0
150,1,3,18,103,258,511,1294.0
151,20,4,33,108,242,540,1212.0
152,26,28,52,130,238,649,1192.0
153,12,7,15,138,346,687,1730.0
154,6,11,33,141,223,702,1115.0
155,7,15,70,120,281,600,1406.0
156,28,8,18,127,280,631,1404.0
157,29,10,38,122,240,607,1201.0
158,16,19,59,136,320,680,1603.0
159,3,28,53,120,223,598,1115.0
160,21,1,67,122,202,610,1013.0
161,12,1,43,125,239,625,1197.0
162,1,6,20,124,218,617,1093.0
163,24,5,20,125,274,623,1371.0
164,8,10,27,125,193,623,966.0
165,8,23,24,133,267,665,1339.0
166,27,25,16,115,286,572,1434.0
167,24,11,71,124,312,618,1564.0
168,8,13,73,148,246,740,1232.0
169,1,17,48,108,268,537,1344.0
170,11,26,45,120,248,598,1241.0
171,10,25,61,130,317,649,1588.0
172,11,29,72,112,297,557,1488.0
173,6,19,29,111,265,553,1325.0
174,26,24,15,126,338,627,1691.0
175,22,24,54,147,291,731,1459.0
176,6,4,25,115,166,574,832.0
177,22,11,45,136,261,676,1305.0
178,21,12,48,121,320,605,1603.0
179,28,2,19,124,290,616,1451.0
180,4,20,43,120,342,599,1713.0
181,26,3,70,130,253,650,1266.0
182,16,18,19,111,264,551,1324.0
183,6,25,24,139,323,691,1615.0
184,17,5,32,133,233,664,1169.0
185,17,12,64,94,211,467,1059.0
186,22,9,42,130,274,650,1370.0
187,18,8,57,134,332,670,1663.0
188,1,20,33,112,239,560,1195.0
189,22,27,54,121,184,601,921.0
190,9,15,71,111,304,555,1520.0
191,2,22,65,151,337,752,1686.0
192,5,17,58,132,295,660,1479.0
193,4,16,22,123,329,611,1649.0
194,18,7,57,99,235,493,1177.0
195,14,5,37,117,277,585,1385.0
196,8,25,48,129,240,644,1200.0
197,22,17,44,105,227,522,1136.0
198,8,24,68,141,300,705,1502.0
199,9,4,25,122,239,606,1195.0
200,23,27,40,132,312,658,1562.0
201,4,6,40,117,303,582,1518.0
202,20,23,20,125,300,624,1500.0
203,29,1,22,133,350,663,1754.0
204,29,17,49,105,191,523,956.0
205,22,20,28,125,262,622,1312.0
206,9,17,15,110,283,548,1416.0
207,17,8,39,119,328,591,1640.0
208,12,25,32,137,240,684,1203.0
209,15,7,33,134,328,666,1640.0
210,2,11,40,108,325,539,1629.0
211,1,25,64,133,200,663,1001.0
212,7,12,24,121,328,601,1644.0
213,1,2,73,117,281,582,1405.0
214,22,16,25,114,309,569,1548.0
215,25,14,38,124,273,618,1365.0
216,30,16,58,131,358,652,1792.0
217,28,24,56,107,344,534,1724.0
218,4,24,63,109,300,541,1501.0
219,5,22,25,124,288,616,1442.0
220,18,6,46,112,177,556,885.0
221,24,17,51,114,278,567,1394.0
222,16,15,34,115,214,571,1071.0
223,25,13,19,135,284,671,1421.0
224,14,29,50,130,253,646,1266.0
225,30,20,24,107,242,531,1214.0
226,21,29,44,109,233,544,1168.0
227,2,1,45,114,321,569,1609.0
228,15,26,62,135,247,672,1238.0
229,1,22,28,143,347,711,1735.0
230,20,10,48,123,302,613,1510.0
231,14,3,24,120,260,596,1302.0
232,29,8,57,112,253,559,1267.0
233,14,10,15,103,260,512,1302.0
234,9,13,57,134,213,669,1067.0
235,6,17,33,124,264,616,1324.0
236,1,12,20,98,322,487,1614.0
237,29,23,50,127,311,632,1558.0
238,29,7,60,118,323,589,1615.0
239,14,18,21,132,227,656,1139.0
240,15,27,27,99,278,493,1394.0
241,5,14,48,98,295,490,1479.0
242,24,14,25,117,304,583,1521.0
243,16,4,51,124,282,617,1412.0
244,3,12,62,137,320,682,1600.0
245,22,18,24,136,306,678,1531.0
246,3,26,36,126,247,630,1235.0
247,26,19,34,121,286,604,1433.0
248,26,10,61,101,263,501,1317.0
249,14,23,73,118,306,586,1533.0
250,5,24,48,120,339,600,1696.0
251,15,16,66,137,245,684,1225.0
252,8,18,39,108,235,539,1178.0
253,25,2,68,134,268,670,1342.0
254,20,28,30,125,242,624,1210.0
255,14,22,66,96,319,480,1595.0
256,13,24,35,140,352,697,1762.0
257,28,22,16,111,338,551,1691.0
258,1,21,37,137,265,682,1328.0
259,29,14,51,137,328,685,1641.0
260,19,28,41,120,210,600,1052.0
261,13,27,49,119,307,595,1538.0
262,10,30,47,113,199,561,998.0
263,4,2,53,115,298,575,1491.0
264,11,20,20,150,225,746,1128.0
265,12,11,60,124,264,618,1321.0
266,26,25,39,112,253,556,1267.0
267,20,3,44,128,304,639,1522.0
268,30,4,62,115,167,575,837.0
269,3,2,55,101,308,503,1543.0
270,22,30,59,101,169,504,845.0
271,26,5,46,124,285,617,1425.0
272,3,15,28,143,325,713,1628.0
273,5,25,25,139,278,693,1391.0
274,3,23,54,95,295,471,1476.0
275,10,11,55,133,255,662,1278.0
276,17,22,56,122,360,609,1802.0
277,11,23,41,100,305,500,1529.0
278,7,5,60,148,338,736,1693.0
279,3,20,74,112,290,559,1451.0
280,29,6,38,118,247,588,1238.0
281,29,24,67,123,267,615,1339.0
282,4,8,50,137,304,681,1524.0
283,10,6,26,148,322,736,1614.0
284,11,9,18,149,265,744,1326.0
285,5,28,71,126,233,630,1165.0
286,16,11,61,134,290,669,1452.0
287,2,12,28,113,286,562,1430.0
288,20,19,29,91,233,453,1168.0
289,27,13,41,159,286,792,1431.0
290,15,6,34,130,316,649,1583.0
291,14,2,50,123,264,613,1320.0
292,10,8,34,114,279,566,1397.0
293,18,24,49,132,326,656,1633.0
294,12,21,29,126,202,629,1010.0
295,17,1,26,124,297,619,1487.0
296,29,28,69,101,248,502,1240.0
297,9,10,56,138,232,687,1162.0
298,8,30,70,107,168,534,841.0
299,22,15,43,137,315,681,1577.0
300,13,16,25,121,314,601,1571.0
301,7,16,29,120,296,598,1484.0
302,17,18,61,106,256,528,1283.0
303,9,26,47,155,293,775,1466.0
304,11,5,28,123,294,614,1474.0
305,5,1,22,132,309,658,1546.0
306,27,10,45,108,286,536,1430.0
307,17,26,39,116,300,579,1502.0
308,23,18,68,134,331,668,1655.0
309,21,20,24,106,251,530,1259.0
310,9,29,46,126,260,626,1302.0
311,7,1,52,109,262,541,1310.0
312,6,22,64,152,320,759,1604.0
313,30,17,21,126,290,626,1450.0
314,27,20,33,111,310,553,1553.0
315,3,1,19,124,237,618,1186.0
316,29,5,68,116,276,579,1381.0
317,2,23,19,157,325,781,1625.0
318,22,6,38,140,209,697,1046.0
319,1,10,47,130,250,648,1251.0
320,23,25,67,127,288,635,1443.0
321,8,17,60,141,298,702,1490.0
322,22,2,40,143,292,711,1461.0
323,27,24,54,132,252,658,1260.0
324,8,3,65,134,309,666,1545.0
325,27,11,42,116,366,577,1832.0
326,6,13,17,130,280,650,1400.0
327,16,25,45,116,265,580,1329.0
328,11,27,16,148,346,739,1733.0
329,11,8,30,107,273,534,1365.0
330,16,21,61,120,219,599,1097.0
331,5,6,45,139,278,692,1390.0
332,8,28,62,112,174,559,872.0
333,11,16,53,115,271,574,1357.0
334,17,4,59,133,300,664,1504.0
335,6,3,22,130,296,650,1483.0
336,3,22,57,136,243,677,1218.0
337,24,6,22,126,283,626,1418.0
338,2,3,48,126,259,630,1299.0
339,13,25,57,144,231,720,1156.0
340,30,14,30,108,323,537,1619.0
341,18,16,37,110,284,548,1424.0
342,22,21,64,100,195,500,977.0
343,13,7,23,127,281,632,1405.0
344,5,23,46,113,258,563,1290.0
345,15,21,74,114,241,569,1206.0
346,23,13,70,124,291,616,1456.0
347,17,24,20,104,239,516,1199.0
348,18,9,42,132,314,658,1574.0
349,10,28,18,126,290,629,1453.0
350,17,25,32,113,246,562,1231.0
351,7,24,27,126,269,628,1347.0
352,21,26,69,116,247,580,1237.0
353,22,7,36,97,283,483,1418.0
354,13,14,25,116,316,580,1582.0
355,29,13,58,123,294,612,1473.0
356,25,12,66,143,330,712,1654.0
357,26,17,21,134,277,668,1387.0
358,19,21,65,137,295,682,1475.0
359,22,29,19,95,279,472,1396.0
360,5,2,41,127,236,631,1180.0
361,21,2,35,144,253,717,1267.0
362,4,18,69,125,302,623,1513.0
363,11,12,53,114,268,567,1340.0
364,13,17,35,142,313,708,1567.0
365,16,6,50,125,292,621,1462.0
366,27,12,28,119,376,593,1881.0
367,24,21,45,129,239,642,1196.0
368,17,23,44,150,300,749,1500.0
369,22,10,42,114,221,569,1107.0
370,1,13,56,134,282,669,1412.0
371,3,13,54,126,180,629,902.0
372,4,15,18,123,331,612,1657.0
373,17,27,16,102,259,510,1297.0
374,14,6,45,160,303,796,1515.0
375,6,1,55,121,287,605,1436.0
376,16,27,20,116,286,576,1434.0
377,11,3,31,139,246,695,1233.0
378,26,30,40,128,277,640,1386.0
379,27,9,35,123,333,612,1669.0
380,18,29,43,132,262,659,1311.0
381,16,30,67,131,259,653,1295.0
382,23,9,19,134,284,668,1423.0
383,28,10,43,120,288,598,1444.0
384,12,2,26,116,250,576,1251.0
385,17,19,45,103,243,514,1216.0
386,29,27,30,119,288,591,1444.0
387,4,10,25,92,241,457,1206.0
388,19,1,59,114,262,569,1311.0
389,14,16,64,132,285,656,1427.0
390,17,10,20,122,268,608,1342.0
391,10,5,20,128,257,639,1286.0
392,17,7,65,148,328,736,1644.0
393,16,23,34,127,244,633,1220.0
394,18,13,40,140,252,698,1261.0
395,29,18,51,94,300,469,1501.0
396,8,7,66,129,233,644,1165.0
397,13,15,44,127,271,633,1355.0
398,19,30,48,112,272,556,1360.0
399,28,16,36,111,323,552,1615.0
horizon=380
