NODES,30
1,1,-,-
2,2,-,-
3,3,-,-
4,4,-,-
5,5,-,-
6,6,-,-
7,7,-,-
8,8,-,-
9,9,-,-
10,10,-,-
11,11,-,-
12,12,-,-
13,13,-,-
14,14,-,-
15,15,-,-
16,16,-,-
17,17,-,-
18,18,-,-
19,19,-,-
20,20,-,-
21,21,-,-
22,22,-,-
23,23,-,-
24,24,-,-
25,25,-,-
26,26,-,-
27,27,-,-
28,28,-,-
29,29,-,-
30,30,-,-
ARCS,520
0,1,18,7,564,612,206,1026,1026.0
1,1,6,2,383,374,140,697,697.0
2,1,27,3,513,157,187,933,933.0
3,1,19,2,181,545,66,330,330.0
4,1,30,7,145,637,53,264,264.0
5,1,20,2,600,687,219,1091,1091.0
6,1,25,9,94,279,35,171,171.0
7,1,4,4,73,640,27,133,133.0
8,1,21,2,420,220,153,764,764.0
9,1,16,4,477,182,174,868,868.0
10,1,29,6,644,532,235,1171,1171.0
11,1,8,9,131,300,48,239,239.0
12,2,17,3,159,272,58,290,290.0
13,2,10,9,600,354,219,1091,1091.0
14,2,15,2,622,310,227,1131,1131.0
15,2,13,7,542,462,198,986,986.0
16,2,19,9,152,373,56,277,277.0
17,2,14,4,261,612,95,475,475.0
18,2,20,5,485,393,177,882,882.0
19,2,9,2,210,655,77,382,382.0
20,2,11,6,615,644,224,1119,1119.0
21,2,16,5,607,189,221,1104,1104.0
22,2,26,4,275,417,100,500,500.0
23,2,5,8,535,163,195,973,973.0
24,2,27,5,535,412,195,973,973.0
25,2,12,5,521,685,190,948,948.0
26,2,18,4,391,722,143,711,711.0
27,3,20,1,586,682,214,1066,1066.0
28,3,16,4,672,681,245,1222,1222.0
29,3,24,4,644,513,235,1171,1171.0
30,3,17,5,311,244,114,566,566.0
31,3,5,8,427,558,156,777,777.0
32,3,29,4,644,647,235,1171,1171.0
33,3,28,6,210,639,77,382,382.0
34,3,7,7,441,626,161,802,802.0
35,3,13,2,87,373,32,159,159.0
36,3,25,4,268,155,98,488,488.0
37,3,22,3,239,520,87,435,435.0
38,3,18,5,615,723,224,1119,1119.0
39,3,14,3,441,374,161,802,802.0
40,3,11,6,571,437,208,1039,1039.0
41,3,19,5,593,415,216,1079,1079.0
42,3,27,3,672,580,245,1222,1222.0
43,3,12,9,427,716,156,777,777.0
44,3,6,8,528,392,192,960,960.0
45,3,8,9,593,395,216,1079,1079.0
46,3,15,9,470,344,171,855,855.0
47,3,4,5,571,561,208,1039,1039.0
48,3,10,1,87,182,32,159,159.0
49,3,9,2,672,360,245,1222,1222.0
50,3,1,3,224,507,82,408,408.0
51,4,11,8,398,440,145,724,724.0
52,4,10,8,456,456,166,830,830.0
53,4,1,8,644,680,235,1171,1171.0
54,4,21,2,217,317,79,395,395.0
55,4,23,6,557,469,203,1013,1013.0
56,4,27,1,333,496,122,606,606.0
57,4,24,5,528,325,192,960,960.0
58,4,28,7,145,234,53,264,264.0
59,4,30,9,456,440,166,830,830.0
60,4,9,1,217,227,79,395,395.0
61,4,3,3,521,370,190,948,948.0
62,4,17,7,665,659,242,1210,1210.0
63,4,13,2,521,148,190,948,948.0
64,5,12,6,369,291,135,671,671.0
65,5,2,2,203,329,74,370,370.0
66,5,30,4,636,439,232,1157,1157.0
67,5,19,6,87,550,32,159,159.0
68,5,13,1,188,700,69,342,342.0
69,5,22,5,636,685,232,1157,1157.0
70,5,4,5,268,713,98,488,488.0
71,5,10,7,456,176,166,830,830.0
72,5,26,6,535,399,195,973,973.0
73,5,25,9,528,284,192,960,960.0
74,5,3,6,304,590,111,553,553.0
75,5,8,1,506,231,184,920,920.0
76,5,27,4,441,246,161,802,802.0
77,5,24,6,557,634,203,1013,1013.0
78,5,21,3,448,465,163,815,815.0
79,6,11,9,138,195,51,251,251.0
80,6,30,5,521,504,190,948,948.0
81,6,1,8,383,682,140,697,697.0
82,6,19,8,326,344,119,593,593.0
83,6,3,8,578,195,211,1051,1051.0
84,6,10,5,434,201,158,790,790.0
85,6,22,5,391,284,143,711,711.0
86,6,4,2,73,258,27,133,133.0
87,6,26,6,275,147,100,500,500.0
88,6,18,2,268,459,98,488,488.0
89,6,27,5,405,243,148,737,737.0
90,6,17,9,600,228,219,1091,1091.0
91,6,28,1,398,157,145,724,724.0
92,6,14,4,232,338,85,422,422.0
93,6,16,5,376,493,137,684,684.0
94,6,5,1,564,680,206,1026,1026.0
95,7,23,9,87,222,32,159,159.0
96,7,11,6,420,631,153,764,764.0
97,7,8,8,600,298,219,1091,1091.0
98,7,26,5,340,297,124,619,619.0
99,7,27,8,80,607,30,146,146.0
100,7,20,5,369,481,135,671,671.0
101,7,22,9,644,604,235,1171,1171.0
102,7,3,7,347,436,127,631,631.0
103,7,24,5,593,526,216,1079,1079.0
104,7,10,4,398,491,145,724,724.0
105,7,9,9,622,671,227,1131,1131.0
106,7,1,3,564,272,206,1026,1026.0
107,8,14,4,694,206,253,1262,1262.0
108,8,30,6,102,325,38,186,186.0
109,8,9,7,571,212,208,1039,1039.0
110,8,17,8,448,231,163,815,815.0
111,8,25,6,232,215,85,422,422.0
112,8,4,5,701,513,255,1275,1275.0
113,8,27,9,557,452,203,1013,1013.0
114,8,13,7,188,314,69,342,342.0
115,8,26,3,152,487,56,277,277.0
116,8,10,2,123,332,45,224,224.0
117,8,19,6,593,666,216,1079,1079.0
118,8,28,3,80,453,30,146,146.0
119,8,11,1,701,278,255,1275,1275.0
120,8,2,7,217,682,79,395,395.0
121,8,16,7,434,218,158,790,790.0
122,8,7,7,174,582,64,317,317.0
123,8,12,6,680,260,248,1237,1237.0
124,8,6,7,644,417,235,1171,1171.0
125,8,20,6,593,478,216,1079,1079.0
126,8,24,7,391,268,143,711,711.0
127,8,22,4,492,317,179,895,895.0
128,8,3,2,658,586,240,1197,1197.0
129,8,5,4,145,358,53,264,264.0
130,8,15,1,261,363,95,475,475.0
131,8,18,4,644,459,235,1171,1171.0
132,9,16,2,535,387,195,973,973.0
133,9,4,6,224,252,82,408,408.0
134,9,17,6,513,306,187,933,933.0
135,9,11,3,694,379,253,1262,1262.0
136,9,27,6,362,411,132,659,659.0
137,9,13,6,116,348,43,211,211.0
138,9,26,8,593,608,216,1079,1079.0
139,9,25,7,427,176,156,777,777.0
140,9,24,6,463,408,169,842,842.0
141,9,6,1,224,710,82,408,408.0
142,9,3,9,80,447,30,146,146.0
143,9,5,6,672,312,245,1222,1222.0
144,9,8,8,644,636,235,1171,1171.0
145,9,2,8,311,268,114,566,566.0
146,9,19,6,311,482,114,566,566.0
147,9,7,6,369,728,135,671,671.0
148,9,29,1,289,345,106,526,526.0
149,9,10,3,405,269,148,737,737.0
150,9,20,3,448,415,163,815,815.0
151,9,14,1,571,430,208,1039,1039.0
152,9,21,2,535,513,195,973,973.0
153,9,18,6,463,522,169,842,842.0
154,10,3,4,644,618,235,1171,1171.0
155,10,24,5,246,534,90,448,448.0
156,10,9,8,275,526,100,500,500.0
157,10,6,5,456,680,166,830,830.0
158,10,29,9,232,278,85,422,422.0
159,10,11,2,253,551,92,460,460.0
160,10,23,2,535,233,195,973,973.0
161,10,26,7,152,338,56,277,277.0
162,10,4,5,434,211,158,790,790.0
163,10,22,9,463,552,169,842,842.0
164,10,2,9,463,320,169,842,842.0
165,10,7,6,644,203,235,1171,1171.0
166,10,30,6,152,411,56,277,277.0
167,10,14,6,557,694,203,1013,1013.0
168,10,15,4,420,437,153,764,764.0
169,11,20,2,102,221,38,186,186.0
170,11,18,4,658,688,240,1197,1197.0
171,11,3,1,224,428,82,408,408.0
172,11,21,3,644,452,235,1171,1171.0
173,11,7,8,694,171,253,1262,1262.0
174,11,5,8,420,215,153,764,764.0
175,11,12,2,362,443,132,659,659.0
176,11,17,7,275,344,100,500,500.0
177,11,16,1,355,411,130,646,646.0
178,11,26,8,275,450,100,500,500.0
179,11,9,7,239,370,87,435,435.0
180,11,6,2,268,408,98,488,488.0
181,11,25,5,571,345,208,1039,1039.0
182,11,4,5,506,571,184,920,920.0
183,11,15,4,716,599,261,1302,1302.0
184,11,24,5,535,547,195,973,973.0
185,11,8,9,420,307,153,764,764.0
186,11,29,9,593,471,216,1079,1079.0
187,11,1,2,709,199,258,1290,1290.0
188,12,21,8,131,637,48,239,239.0
189,12,27,9,347,335,127,631,631.0
190,12,6,4,138,681,51,251,251.0
191,12,8,4,318,564,116,579,579.0
192,12,5,8,658,414,240,1197,1197.0
193,12,24,1,181,696,66,330,330.0
194,12,10,2,506,707,184,920,920.0
195,12,16,8,80,582,30,146,146.0
196,12,13,6,680,515,248,1237,1237.0
197,12,30,2,672,259,245,1222,1222.0
198,12,11,7,448,520,163,815,815.0
199,12,17,6,304,577,111,553,553.0
200,12,25,1,203,669,74,370,370.0
201,12,2,7,282,590,103,513,513.0
202,12,4,1,152,266,56,277,277.0
203,12,3,6,651,665,237,1184,1184.0
204,12,22,8,383,382,140,697,697.0
205,13,5,9,593,220,216,1079,1079.0
206,13,26,9,188,444,69,342,342.0
207,13,17,8,506,319,184,920,920.0
208,13,20,3,622,276,227,1131,1131.0
209,13,23,8,651,682,237,1184,1184.0
210,13,3,1,398,211,145,724,724.0
211,13,27,9,607,453,221,1104,1104.0
212,13,9,9,224,192,82,408,408.0
213,13,25,1,145,615,53,264,264.0
214,13,8,6,716,453,261,1302,1302.0
215,13,6,5,513,447,187,933,933.0
216,13,16,8,665,161,242,1210,1210.0
217,13,7,4,347,440,127,631,631.0
218,13,24,8,694,678,253,1262,1262.0
219,14,24,3,456,715,166,830,830.0
220,14,16,3,615,663,224,1119,1119.0
221,14,17,1,492,182,179,895,895.0
222,14,8,1,542,682,198,986,986.0
223,14,6,3,615,430,224,1119,1119.0
224,14,15,8,131,471,48,239,239.0
225,14,10,5,340,411,124,619,619.0
226,14,19,8,528,361,192,960,960.0
227,14,29,8,253,512,92,460,460.0
228,14,2,1,289,320,106,526,526.0
229,14,25,1,513,189,187,933,933.0
230,14,4,5,102,498,38,186,186.0
231,14,23,6,564,387,206,1026,1026.0
232,14,9,4,456,342,166,830,830.0
233,14,30,1,398,355,145,724,724.0
234,14,1,3,492,298,179,895,895.0
235,14,18,5,174,525,64,317,317.0
236,14,12,6,665,173,242,1210,1210.0
237,14,27,8,376,477,137,684,684.0
238,14,13,3,80,709,30,146,146.0
239,15,19,3,333,376,122,606,606.0
240,15,26,7,232,285,85,422,422.0
241,15,16,4,217,147,79,395,395.0
242,15,10,2,716,646,261,1302,1302.0
243,15,21,1,239,295,87,435,435.0
244,15,18,2,687,720,250,1250,1250.0
245,15,14,1,448,665,163,815,815.0
246,15,28,2,492,276,179,895,895.0
247,15,25,1,333,268,122,606,606.0
248,15,13,3,174,404,64,317,317.0
249,15,29,5,492,370,179,895,895.0
250,15,2,7,318,488,116,579,579.0
251,15,4,5,333,618,122,606,606.0
252,15,9,5,622,170,227,1131,1131.0
253,15,27,5,528,458,192,960,960.0
254,15,23,5,333,598,122,606,606.0
255,15,30,5,123,447,45,224,224.0
256,15,24,3,362,430,132,659,659.0
257,15,1,8,441,364,161,802,802.0
258,16,21,6,196,450,72,357,357.0
259,16,30,5,615,710,224,1119,1119.0
260,16,11,1,694,703,253,1262,1262.0
261,16,23,6,210,713,77,382,382.0
262,16,24,9,109,690,40,199,199.0
263,16,17,7,246,186,90,448,448.0
264,16,6,9,434,653,158,790,790.0
265,16,13,1,463,690,169,842,842.0
266,16,2,2,289,647,106,526,526.0
267,16,14,8,694,196,253,1262,1262.0
268,16,12,9,412,395,150,750,750.0
269,16,18,2,578,547,211,1051,1051.0
270,16,3,7,680,661,248,1237,1237.0
271,16,1,7,420,455,153,764,764.0
272,16,10,8,102,468,38,186,186.0
273,17,15,3,644,272,235,1171,1171.0
274,17,9,8,434,481,158,790,790.0
275,17,25,8,282,434,103,513,513.0
276,17,23,4,318,517,116,579,579.0
277,17,12,8,232,709,85,422,422.0
278,17,7,4,665,236,242,1210,1210.0
279,17,27,3,340,368,124,619,619.0
280,17,18,7,326,592,119,593,593.0
281,17,5,3,203,493,74,370,370.0
282,17,28,9,167,665,61,304,304.0
283,17,6,4,607,636,221,1104,1104.0
284,17,13,2,636,411,232,1157,1157.0
285,17,21,5,355,725,130,646,646.0
286,17,16,1,210,420,77,382,382.0
287,17,26,2,716,674,261,1302,1302.0
288,17,3,3,333,420,122,606,606.0
289,17,10,2,521,655,190,948,948.0
290,17,14,8,333,577,122,606,606.0
291,18,30,4,289,655,106,526,526.0
292,18,12,2,311,515,114,566,566.0
293,18,13,5,239,347,87,435,435.0
294,18,9,5,600,218,219,1091,1091.0
295,18,7,3,289,544,106,526,526.0
296,18,29,7,268,567,98,488,488.0
297,18,24,2,492,634,179,895,895.0
298,18,23,8,470,560,171,855,855.0
299,18,22,6,535,271,195,973,973.0
300,18,3,8,131,398,48,239,239.0
301,18,14,3,232,611,85,422,422.0
302,18,11,5,636,266,232,1157,1157.0
303,18,20,8,217,666,79,395,395.0
304,18,21,6,528,725,192,960,960.0
305,18,10,2,665,488,242,1210,1210.0
306,18,4,5,203,729,74,370,370.0
307,18,15,8,586,269,214,1066,1066.0
308,18,28,8,87,345,32,159,159.0
309,18,2,7,557,310,203,1013,1013.0
310,18,26,5,253,650,92,460,460.0
311,18,6,3,116,707,43,211,211.0
312,19,29,5,131,347,48,239,239.0
313,19,11,7,405,523,148,737,737.0
314,19,7,9,131,460,48,239,239.0
315,19,22,3,289,237,106,526,526.0
316,19,18,8,398,208,145,724,724.0
317,19,23,4,535,215,195,973,973.0
318,19,27,9,622,593,227,1131,1131.0
319,19,24,8,629,459,229,1144,1144.0
320,19,15,3,398,631,145,724,724.0
321,19,9,9,651,198,237,1184,1184.0
322,19,25,5,188,357,69,342,342.0
323,19,21,8,347,198,127,631,631.0
324,19,6,6,217,453,79,395,395.0
325,19,28,1,123,479,45,224,224.0
326,19,3,4,499,696,182,908,908.0
327,19,17,7,477,639,174,868,868.0
328,19,10,6,203,675,74,370,370.0
329,20,6,9,217,453,79,395,395.0
330,20,14,6,434,617,158,790,790.0
331,20,17,7,80,241,30,146,146.0
332,20,18,5,477,614,174,868,868.0
333,20,11,8,456,393,166,830,830.0
334,20,12,6,607,326,221,1104,1104.0
335,20,24,2,701,455,255,1275,1275.0
336,20,26,6,456,224,166,830,830.0
337,20,7,4,636,234,232,1157,1157.0
338,20,2,8,116,252,43,211,211.0
339,20,13,4,311,293,114,566,566.0
340,20,27,3,347,447,127,631,631.0
341,20,29,9,427,217,156,777,777.0
342,20,22,9,333,491,122,606,606.0
343,20,8,1,289,203,106,526,526.0
344,21,2,2,188,618,69,342,342.0
345,21,25,2,116,274,43,211,211.0
346,21,9,9,571,487,208,1039,1039.0
347,21,29,6,253,567,92,460,460.0
348,21,24,9,246,494,90,448,448.0
349,21,3,9,333,456,122,606,606.0
350,21,30,2,347,154,127,631,631.0
351,21,15,2,694,571,253,1262,1262.0
352,21,26,6,318,536,116,579,579.0
353,21,16,1,261,189,95,475,475.0
354,21,17,1,232,385,85,422,422.0
355,21,1,1,123,409,45,224,224.0
356,21,5,2,224,639,82,408,408.0
357,21,20,3,420,366,153,764,764.0
358,21,6,6,615,209,224,1119,1119.0
359,21,10,5,109,274,40,199,199.0
360,21,27,9,174,662,64,317,317.0
361,21,13,7,622,341,227,1131,1131.0
362,21,8,1,159,173,58,290,290.0
363,22,16,9,571,663,208,1039,1039.0
364,22,27,8,109,604,40,199,199.0
365,22,3,8,477,621,174,868,868.0
366,22,24,2,644,155,235,1171,1171.0
367,22,2,4,333,231,122,606,606.0
368,22,11,9,340,425,124,619,619.0
369,22,13,5,672,281,245,1222,1222.0
370,22,5,6,261,710,95,475,475.0
371,22,8,8,391,182,143,711,711.0
372,22,20,9,282,643,103,513,513.0
373,22,30,9,102,696,38,186,186.0
374,22,4,2,680,519,248,1237,1237.0
375,22,18,4,701,370,255,1275,1275.0
376,22,21,9,181,621,66,330,330.0
377,22,14,6,333,656,122,606,606.0
378,22,6,1,123,693,45,224,224.0
379,22,10,5,680,481,248,1237,1237.0
380,22,17,3,282,519,103,513,513.0
381,22,12,5,521,482,190,948,948.0
382,22,25,5,420,463,153,764,764.0
383,22,9,1,701,271,255,1275,1275.0
384,23,24,8,275,335,100,500,500.0
385,23,3,1,716,684,261,1302,1302.0
386,23,17,8,542,294,198,986,986.0
387,23,11,9,593,164,216,1079,1079.0
388,23,9,8,318,542,116,579,579.0
389,23,1,4,253,706,92,460,460.0
390,23,25,7,485,566,177,882,882.0
391,23,20,1,80,681,30,146,146.0
392,23,13,6,383,358,140,697,697.0
393,23,28,8,434,726,158,790,790.0
394,23,22,3,304,548,111,553,553.0
395,23,10,4,398,203,145,724,724.0
396,23,29,5,102,545,38,186,186.0
397,24,14,9,441,614,161,802,802.0
398,24,26,1,535,658,195,973,973.0
399,24,23,3,210,335,77,382,382.0
400,24,19,2,513,249,187,933,933.0
401,24,1,7,557,571,203,1013,1013.0
402,24,18,1,239,336,87,435,435.0
403,24,10,8,232,719,85,422,422.0
404,24,13,8,672,290,245,1222,1222.0
405,24,29,1,694,650,253,1262,1262.0
406,24,15,5,80,395,30,146,146.0
407,24,28,5,557,519,203,1013,1013.0
408,24,22,3,289,373,106,526,526.0
409,24,21,8,239,183,87,435,435.0
410,24,3,7,87,201,32,159,159.0
411,24,6,7,427,259,156,777,777.0
412,24,4,8,564,274,206,1026,1026.0
413,24,27,3,593,539,216,1079,1079.0
414,25,2,5,716,186,261,1302,1302.0
415,25,14,7,434,166,158,790,790.0
416,25,15,6,174,179,64,317,317.0
417,25,12,9,709,566,258,1290,1290.0
418,25,16,1,326,652,119,593,593.0
419,25,21,7,239,288,87,435,435.0
420,25,6,8,87,570,32,159,159.0
421,25,18,1,123,460,45,224,224.0
422,25,24,8,347,532,127,631,631.0
423,25,26,6,658,323,240,1197,1197.0
424,25,10,5,355,366,130,646,646.0
425,25,7,3,571,298,208,1039,1039.0
426,25,9,9,347,434,127,631,631.0
427,25,13,3,564,567,206,1026,1026.0
428,25,28,5,73,450,27,133,133.0
429,25,20,6,174,446,64,317,317.0
430,25,30,1,398,481,145,724,724.0
431,25,3,4,499,490,182,908,908.0
432,25,5,5,282,618,103,513,513.0
433,25,8,4,318,373,116,579,579.0
434,26,23,8,701,564,255,1275,1275.0
435,26,29,5,174,573,64,317,317.0
436,26,18,6,123,317,45,224,224.0
437,26,22,4,550,550,200,1000,1000.0
438,26,11,8,470,487,171,855,855.0
439,26,1,1,196,729,72,357,357.0
440,26,12,3,550,458,200,1000,1000.0
441,26,8,3,593,685,216,1079,1079.0
442,26,3,1,434,497,158,790,790.0
443,26,25,3,383,440,140,697,697.0
444,26,7,1,578,589,211,1051,1051.0
445,26,21,1,362,723,132,659,659.0
446,26,4,3,427,463,156,777,777.0
447,26,16,4,600,472,219,1091,1091.0
448,26,13,5,521,335,190,948,948.0
449,26,2,2,275,249,100,500,500.0
450,26,28,8,586,341,214,1066,1066.0
451,26,6,6,694,367,253,1262,1262.0
452,27,15,9,412,576,150,750,750.0
453,27,2,4,535,639,195,973,973.0
454,27,3,8,369,477,135,671,671.0
455,27,20,8,636,199,232,1157,1157.0
456,27,21,4,622,536,227,1131,1131.0
457,27,25,3,528,458,192,960,960.0
458,27,4,5,571,440,208,1039,1039.0
459,27,26,4,456,490,166,830,830.0
460,27,16,1,615,604,224,1119,1119.0
461,27,18,8,405,431,148,737,737.0
462,27,6,7,528,558,192,960,960.0
463,27,30,9,571,462,208,1039,1039.0
464,27,24,4,224,423,82,408,408.0
465,27,28,6,282,164,103,513,513.0
466,27,14,3,167,399,61,304,304.0
467,27,8,8,275,653,100,500,500.0
468,27,12,9,636,322,232,1157,1157.0
469,27,19,8,528,230,192,960,960.0
470,27,10,7,615,331,224,1119,1119.0
471,28,26,4,246,290,90,448,448.0
472,28,19,2,550,599,200,1000,1000.0
473,28,18,6,261,420,95,475,475.0
474,28,17,2,261,215,95,475,475.0
475,28,23,4,376,431,137,684,684.0
476,28,6,1,398,538,145,724,724.0
477,28,30,6,239,642,87,435,435.0
478,28,1,1,217,668,79,395,395.0
479,28,2,7,513,171,187,933,933.0
480,28,13,7,709,479,258,1290,1290.0
481,28,9,5,383,706,140,697,697.0
482,28,5,6,152,726,56,277,277.0
483,28,10,5,485,344,177,882,882.0
484,28,4,8,217,650,79,395,395.0
485,28,14,5,282,282,103,513,513.0
486,28,8,6,694,531,253,1262,1262.0
487,29,20,5,73,498,27,133,133.0
488,29,28,4,340,515,124,619,619.0
489,29,8,6,311,634,114,566,566.0
490,29,1,6,672,436,245,1222,1222.0
491,29,5,8,542,167,198,986,986.0
492,29,15,1,550,414,200,1000,1000.0
493,29,12,5,571,203,208,1039,1039.0
494,29,26,4,535,677,195,973,973.0
495,29,27,7,369,180,135,671,671.0
496,29,17,9,521,225,190,948,948.0
497,29,18,3,542,576,198,986,986.0
498,29,24,2,658,345,240,1197,1197.0
499,29,11,4,261,255,95,475,475.0
500,29,16,2,203,469,74,370,370.0
501,29,9,5,521,385,190,948,948.0
502,29,10,9,246,450,90,448,448.0
503,30,10,4,138,279,51,251,251.0
504,30,4,1,80,379,30,146,146.0
505,30,15,2,716,555,261,1302,1302.0
506,30,8,9,224,423,82,408,408.0
507,30,23,9,224,252,82,408,408.0
508,30,3,6,333,212,122,606,606.0
509,30,1,9,297,411,108,540,540.0
510,30,29,9,615,726,224,1119,1119.0
511,30,5,8,109,658,40,199,199.0
512,30,19,8,210,427,77,382,382.0
513,30,27,1,499,481,182,908,908.0
514,30,26,3,246,725,90,448,448.0
515,30,9,1,232,171,85,422,422.0
516,30,13,4,506,393,184,920,920.0
517,30,28,9,246,399,90,448,448.0
518,30,18,2,369,393,135,671,671.0
519,30,2,7,261,333,95,475,475.0
COMMODITIES,400
0,4,23,71,145,364,722,1820.0
1,19,17,19,187,317,932,1586.0
2,19,20,24,82,185,406,927.0
3,6,15,57,73,239,361,1198.0
4,16,29,49,99,241,495,1208.0
5,9,8,38,157,340,784,1702.0
6,11,6,49,130,250,648,1252.0
7,5,12,41,138,299,686,1499.0
8,5,9,74,133,312,662,1560.0
9,29,2,23,130,238,648,1194.0
10,15,9,41,116,284,578,1422.0
11,6,2,20,111,276,553,1380.0
12,1,30,37,80,163,396,819.0
13,17,29,21,97,274,483,1373.0
14,26,2,58,172,305,860,1529.0
15,21,15,46,65,210,324,1053.0
16,2,16,45,20,181,96,907.0
17,19,4,55,152,289,759,1446.0
18,22,5,59,164,266,816,1333.0
19,24,2,44,169,337,841,1687.0
20,27,15,40,163,302,813,1514.0
21,30,10,52,202,282,1009,1412.0
22,20,25,56,136,301,680,1508.0
23,26,16,18,131,300,654,1504.0
24,25,19,53,168,317,836,1588.0
25,5,15,32,93,284,465,1423.0
26,11,4,62,128,280,637,1404.0
27,1,29,38,153,292,764,1460.0
28,13,6,43,123,246,613,1230.0
29,18,15,71,90,253,449,1265.0
30,22,13,18,125,290,624,1454.0
31,23,15,53,114,269,568,1349.0
32,25,28,37,109,165,544,827.0
33,13,20,31,171,307,851,1537.0
34,4,19,34,172,349,859,1749.0
35,6,12,70,127,332,632,1660.0
36,23,30,28,109,284,545,1420.0
37,8,21,53,143,314,713,1571.0
38,18,30,48,130,266,649,1330.0
39,19,10,27,134,231,667,1159.0
40,17,6,57,87,241,432,1206.0
41,18,27,49,131,303,652,1515.0
42,21,24,30,144,258,718,1293.0
43,23,16,33,190,322,950,1614.0
44,12,28,34,110,248,546,1244.0
45,5,27,58,62,197,309,986.0
46,23,3,61,91,247,455,1237.0
47,17,9,54,135,318,674,1592.0
48,9,16,19,145,365,721,1829.0
49,7,26,27,3,154,13,772.0
50,7,13,71,169,323,842,1616.0
51,9,18,28,121,288,603,1444.0
52,22,19,58,145,284,721,1420.0
53,27,7,30,184,378,919,1894.0
54,8,14,34,66,223,326,1115.0
55,16,7,28,53,280,264,1401.0
56,2,29,52,109,240,545,1201.0
57,25,5,72,133,248,663,1241.0
58,17,14,44,126,274,630,1373.0
59,18,14,21,124,239,616,1199.0
60,2,15,71,98,281,488,1405.0
61,7,18,53,151,338,751,1692.0
62,5,3,33,170,301,849,1509.0
63,20,9,38,123,273,613,1365.0
64,28,3,53,105,279,521,1398.0
65,11,18,54,153,330,761,1654.0
66,28,17,39,62,177,306,885.0
67,2,25,73,140,292,698,1461.0
68,9,28,54,64,199,320,998.0
69,25,15,73,131,214,651,1074.0
70,1,14,51,145,322,723,1611.0
71,16,26,61,110,240,550,1201.0
72,7,27,53,113,181,563,908.0
73,25,27,70,99,273,493,1365.0
74,6,23,43,110,340,549,1701.0
75,8,26,29,78,166,387,834.0
76,29,25,20,117,300,584,1500.0
77,18,4,17,165,252,823,1260.0
78,27,16,37,61,276,303,1382.0
79,17,20,37,89,264,443,1321.0
80,3,9,55,179,323,894,1617.0
81,23,2,58,132,230,657,1151.0
82,26,11,49,104,273,517,1368.0
83,4,21,30,110,214,548,1074.0
84,11,14,54,153,351,761,1755.0
85,17,11,61,112,323,557,1619.0
86,9,12,28,48,264,239,1322.0
87,2,5,30,66,227,330,1139.0
88,11,10,52,141,278,705,1394.0
89,2,19,73,108,196,539,982.0
90,12,20,50,108,266,539,1331.0
91,4,7,29,140,365,697,1828.0
92,13,19,71,121,321,601,1606.0
93,20,7,60,133,302,664,1512.0
94,10,4,49,150,259,749,1298.0
95,18,2,36,158,315,790,1579.0
96,28,25,64,144,280,716,1402.0
97,27,18,53,120,276,599,1384.0
98,23,21,39,153,347,765,1739.0
99,25,10,24,140,294,698,1471.0
100,22,28,50,93,237,463,1187.0
101,28,15,31,133,307,663,1537.0
102,23,4,74,173,331,865,1656.0
103,27,6,36,181,374,905,1874.0
104,24,9,74,153,333,765,1669.0
105,24,10,55,83,166,413,833.0
106,4,27,45,167,311,834,1559.0
107,23,17,66,122,204,608,1021.0
108,30,11,48,100,269,500,1349.0
109,27,4,20,190,321,949,1608.0
110,30,1,18,103,246,514,1231.0
111,22,1,72,74,209,367,1046.0
112,30,5,62,161,228,802,1144.0
113,23,26,70,64,271,318,1358.0
114,12,19,66,87,278,433,1393.0
115,11,28,44,124,291,618,1456.0
116,3,11,46,139,299,694,1495.0
117,24,30,72,97,196,485,981.0
118,11,24,18,135,321,675,1605.0
119,28,26,51,59,172,294,861.0
120,4,1,65,117,266,583,1333.0
121,28,19,44,108,232,536,1164.0
122,22,25,47,119,260,595,1304.0
123,23,7,36,128,337,636,1689.0
124,15,12,55,162,416,808,2083.0
125,28,13,69,32,184,159,921.0
126,17,21,54,111,281,551,1406.0
127,24,19,38,128,309,640,1547.0
128,20,22,51,183,344,911,1724.0
129,23,6,69,82,212,408,1064.0
130,25,6,38,164,225,817,1125.0
131,18,17,56,111,237,551,1188.0
132,4,9,47,108,225,537,1125.0
133,17,3,20,95,252,474,1264.0
134,1,23,68,152,313,758,1569.0
135,19,11,74,85,246,423,1231.0
136,1,26,24,111,240,555,1204.0
137,29,26,41,112,273,560,1367.0
138,5,10,69,78,209,386,1048.0
139,22,23,61,191,337,954,1687.0
140,12,14,40,56,212,277,1061.0
141,28,11,41,89,305,442,1526.0
142,19,23,17,142,262,706,1312.0
143,8,9,30,176,322,876,1611.0
144,21,28,61,155,255,772,1275.0
145,20,30,22,136,306,678,1531.0
146,3,17,62,136,283,676,1418.0
147,20,29,48,172,353,859,1769.0
148,12,24,60,120,219,596,1095.0
149,10,12,72,143,384,712,1920.0
150,1,3,18,98,255,490,1279.0
151,20,4,33,113,254,564,1272.0
152,26,28,52,46,157,229,787.0
153,12,7,15,80,272,398,1360.0
154,6,11,33,124,201,618,1009.0
155,7,15,70,179,351,891,1755.0
156,28,8,18,162,318,809,1590.0
157,29,10,38,162,280,810,1403.0
158,16,19,59,92,280,456,1402.0
159,3,28,53,138,243,690,1216.0
160,21,1,67,98,180,490,900.0
161,12,1,43,64,180,320,904.0
162,1,6,20,89,185,443,925.0
163,24,5,20,88,235,436,1175.0
164,8,10,27,65,139,325,695.0
165,8,23,24,150,273,747,1366.0
166,27,25,16,81,258,401,1294.0
167,24,11,71,105,288,522,1443.0
168,8,13,73,83,167,415,835.0
169,1,17,48,154,312,768,1560.0
170,11,26,45,110,240,550,1201.0
171,10,25,61,144,332,718,1664.0
172,11,29,72,113,305,564,1527.0
173,6,19,29,137,282,682,1414.0
174,26,24,15,132,341,657,1707.0
175,22,24,54,104,268,517,1342.0
176,6,4,25,132,188,660,943.0
177,22,11,45,101,227,501,1138.0
178,21,12,48,122,318,609,1590.0
179,28,2,19,119,276,592,1383.0
180,4,20,43,104,327,520,1635.0
181,26,3,70,135,267,673,1338.0
182,16,18,19,110,272,550,1364.0
183,6,25,24,155,333,772,1667.0
184,17,5,32,146,242,726,1211.0
185,17,12,64,112,218,557,1090.0
186,22,9,42,52,209,260,1048.0
187,18,8,57,72,251,360,1259.0
188,1,20,33,179,314,895,1572.0
189,22,27,54,146,218,730,1093.0
190,9,15,71,121,303,604,1518.0
191,2,22,65,141,321,701,1606.0
192,5,17,58,190,353,946,1767.0
193,4,16,22,68,268,336,1344.0
194,18,7,57,112,244,560,1221.0
195,14,5,37,153,313,762,1566.0
196,8,25,48,44,162,219,813.0
197,22,17,44,116,251,580,1255.0
198,8,24,68,106,269,529,1347.0
199,9,4,25,239,348,1192,1741.0
200,23,27,40,62,243,309,1218.0
201,4,6,40,76,248,379,1242.0
202,20,23,20,112,292,559,1464.0
203,29,1,22,164,394,819,1970.0
204,29,17,49,85,165,421,829.0
205,22,20,28,86,218,426,1092.0
206,9,17,15,182,354,907,1774.0
207,17,8,39,137,348,683,1741.0
208,12,25,32,101,202,505,1013.0
209,15,7,33,131,318,653,1592.0
210,2,11,40,102,312,508,1564.0
211,1,25,64,108,167,538,839.0
212,7,12,24,71,275,351,1379.0
213,1,2,73,188,342,938,1711.0
214,22,16,25,167,356,834,1781.0
215,25,14,38,151,302,752,1511.0
216,30,16,58,69,292,345,1462.0
217,28,24,56,120,365,600,1828.0
218,4,24,63,146,342,728,1713.0
219,5,22,25,109,272,543,1364.0
220,18,6,46,168,246,838,1230.0
221,24,17,51,96,268,480,1341.0
222,16,15,34,122,215,610,1075.0
223,25,13,19,83,223,411,1116.0
224,14,29,50,133,257,662,1289.0
225,30,20,24,161,301,805,1506.0
226,21,29,44,109,230,543,1154.0
227,2,1,45,144,355,716,1775.0
228,15,26,62,169,289,841,1447.0
229,1,22,28,162,360,809,1801.0
230,20,10,48,103,274,515,1374.0
231,14,3,24,99,232,493,1163.0
232,29,8,57,129,274,641,1374.0
233,14,10,15,58,206,288,1031.0
234,9,13,57,113,185,564,927.0
235,6,17,33,174,328,867,1643.0
236,1,12,20,176,395,879,1976.0
237,29,23,50,156,339,777,1696.0
238,29,7,60,144,349,718,1748.0
239,14,18,21,83,174,415,874.0
240,15,27,27,100,279,500,1395.0
241,5,14,48,99,297,493,1489.0
242,24,14,25,188,375,938,1875.0
243,16,4,51,234,391,1166,1958.0
244,3,12,62,153,342,764,1711.0
245,22,18,24,101,266,503,1332.0
246,3,26,36,119,239,591,1196.0
247,26,19,34,115,290,575,1452.0
248,26,10,61,132,286,658,1433.0
249,14,23,73,75,276,375,1384.0
250,5,24,48,209,439,1044,2199.0
251,15,16,66,143,255,711,1277.0
252,8,18,39,107,238,535,1194.0
253,25,2,68,153,294,765,1471.0
254,20,28,30,101,219,502,1095.0
255,14,22,66,123,345,614,1726.0
256,13,24,35,117,323,582,1618.0
257,28,22,16,175,395,873,1976.0
258,1,21,37,29,161,144,808.0
259,29,14,51,115,308,572,1543.0
260,19,28,41,74,148,370,741.0
261,13,27,49,71,262,355,1313.0
262,10,30,47,135,219,671,1095.0
263,4,2,53,113,293,561,1469.0
264,11,20,20,120,186,599,931.0
265,12,11,60,142,281,710,1407.0
266,26,25,39,94,236,470,1181.0
267,20,3,44,135,315,671,1576.0
268,30,4,62,144,208,717,1044.0
269,3,2,55,53,265,262,1328.0
270,22,30,59,154,220,766,1104.0
271,26,5,46,23,186,113,931.0
272,3,15,28,184,362,920,1811.0
273,5,25,25,109,245,543,1225.0
274,3,23,54,155,348,774,1743.0
275,10,11,55,82,206,409,1032.0
276,17,22,56,132,370,657,1852.0
277,11,23,41,134,345,667,1726.0
278,7,5,60,214,405,1069,2027.0
279,3,20,74,189,355,942,1775.0
280,29,6,38,89,221,445,1109.0
281,29,24,67,149,294,741,1470.0
282,4,8,50,203,372,1015,1860.0
283,10,6,26,84,256,420,1284.0
284,11,9,18,99,220,493,1102.0
285,5,28,71,63,167,314,835.0
286,16,11,61,115,268,575,1341.0
287,2,12,28,155,329,775,1645.0
288,20,19,29,112,242,556,1210.0
289,27,13,41,141,268,705,1342.0
290,15,6,34,194,370,970,1852.0
291,14,2,50,161,296,802,1483.0
292,10,8,34,108,274,538,1372.0
293,18,24,49,153,347,763,1738.0
294,12,21,29,98,168,486,843.0
295,17,1,26,167,340,831,1703.0
296,29,28,69,110,261,550,1309.0
297,9,10,56,138,225,686,1128.0
298,8,30,70,159,236,792,1182.0
299,22,15,43,98,286,487,1432.0
300,13,16,25,85,290,423,1451.0
301,7,16,29,170,337,850,1689.0
302,17,18,61,113,263,563,1315.0
303,9,26,47,127,273,631,1365.0
304,11,5,28,132,314,659,1570.0
305,5,1,22,107,293,533,1466.0
306,27,10,45,172,349,860,1749.0
307,17,26,39,154,332,767,1662.0
308,23,18,68,162,369,809,1848.0
309,21,20,24,138,271,686,1358.0
310,9,29,46,210,343,1046,1719.0
311,7,1,52,100,260,500,1300.0
312,6,22,64,50,223,246,1116.0
313,30,17,21,133,299,661,1497.0
314,27,20,33,195,408,973,2041.0
315,3,1,19,96,203,480,1017.0
316,29,5,68,103,260,512,1302.0
317,2,23,19,156,317,780,1587.0
318,22,6,38,135,211,675,1055.0
319,1,10,47,114,234,569,1174.0
320,23,25,67,148,292,736,1462.0
321,8,17,60,163,326,812,1630.0
322,22,2,40,178,334,889,1674.0
323,27,24,54,129,249,644,1245.0
324,8,3,65,43,215,214,1077.0
325,27,11,42,63,301,314,1508.0
326,6,13,17,95,242,471,1212.0
327,16,25,45,96,239,480,1198.0
328,11,27,16,169,367,845,1839.0
329,11,8,30,101,269,501,1349.0
330,16,21,61,163,267,815,1339.0
331,5,6,45,131,280,652,1402.0
332,8,28,62,112,170,556,851.0
333,11,16,53,162,313,810,1568.0
334,17,4,59,165,332,822,1664.0
335,6,3,22,98,262,489,1313.0
336,3,22,57,78,190,388,954.0
337,24,6,22,119,277,594,1387.0
338,2,3,48,150,281,748,1407.0
339,13,25,57,95,178,471,891.0
340,30,14,30,99,318,492,1590.0
341,18,16,37,150,320,750,1601.0
342,22,21,64,96,191,477,957.0
343,13,7,23,103,249,511,1245.0
344,5,23,46,105,243,522,1215.0
345,15,21,74,179,290,895,1450.0
346,23,13,70,120,300,596,1502.0
347,17,24,20,159,310,792,1551.0
348,18,9,42,176,354,878,1772.0
349,10,28,18,116,282,580,1412.0
350,17,25,32,150,284,746,1424.0
351,7,24,27,43,181,211,909.0
352,21,26,69,178,302,888,1513.0
353,22,7,36,143,333,713,1668.0
354,13,14,25,38,240,188,1202.0
355,29,13,58,72,245,356,1229.0
356,25,12,66,56,256,280,1283.0
357,26,17,21,155,296,775,1483.0
358,19,21,65,119,277,594,1386.0
359,22,29,19,170,357,848,1787.0
360,5,2,41,133,241,665,1206.0
361,21,2,35,174,271,868,1357.0
362,4,18,69,124,306,619,1532.0
363,11,12,53,142,306,708,1530.0
364,13,17,35,143,311,711,1559.0
365,16,6,50,114,298,569,1492.0
366,27,12,28,166,436,830,2183.0
367,24,21,45,102,219,506,1099.0
368,17,23,44,83,234,411,1170.0
369,22,10,42,85,197,421,985.0
370,1,13,56,119,267,593,1336.0
371,3,13,54,135,201,673,1007.0
372,4,15,18,166,378,828,1891.0
373,17,27,16,147,301,732,1506.0
374,14,6,45,121,253,603,1265.0
375,6,1,55,95,271,475,1358.0
376,16,27,20,99,262,495,1311.0
377,11,3,31,108,211,538,1058.0
378,26,30,40,96,247,478,1237.0
379,27,9,35,135,342,671,1712.0
380,18,29,43,92,225,460,1127.0
381,16,30,67,170,287,847,1435.0
382,23,9,19,80,232,396,1162.0
383,28,10,43,57,217,284,1087.0
384,12,2,26,117,251,583,1259.0
385,17,19,45,147,286,732,1431.0
386,29,27,30,171,341,855,1706.0
387,4,10,25,84,242,417,1210.0
388,19,1,59,227,378,1133,1892.0
389,14,16,64,123,271,613,1356.0
390,17,10,20,108,257,538,1287.0
391,10,5,20,133,263,665,1316.0
392,17,7,65,147,336,733,1682.0
393,16,23,34,149,250,744,1250.0
394,18,13,40,132,239,658,1196.0
395,29,18,51,194,394,968,1970.0
396,8,7,66,120,205,597,1026.0
397,13,15,44,100,251,498,1257.0
398,19,30,48,142,309,706,1547.0
399,28,16,36,230,425,1146,2128.0
horizon=439
