NODES,30
1,1,-,-
2,2,-,-
3,3,-,-
4,4,-,-
5,5,-,-
6,6,-,-
7,7,-,-
8,8,-,-
9,9,-,-
10,10,-,-
11,11,-,-
12,12,-,-
13,13,-,-
14,14,-,-
15,15,-,-
16,16,-,-
17,17,-,-
18,18,-,-
19,19,-,-
20,20,-,-
21,21,-,-
22,22,-,-
23,23,-,-
24,24,-,-
25,25,-,-
26,26,-,-
27,27,-,-
28,28,-,-
29,29,-,-
30,30,-,-
ARCS,520
0,1,14,2,1431,464,521,2602,2602.0
1,1,16,6,373,490,136,679,679.0
2,1,4,8,358,181,131,651,651.0
3,1,17,9,909,267,331,1653,1653.0
4,1,30,6,492,595,179,895,895.0
5,1,24,7,1118,496,407,2033,2033.0
6,1,12,6,895,430,326,1628,1628.0
7,1,29,3,701,232,255,1275,1275.0
8,1,21,4,1267,206,461,2304,2304.0
9,1,10,4,641,452,234,1166,1166.0
10,1,9,7,1148,452,418,2088,2088.0
11,1,25,5,507,593,185,922,922.0
12,1,11,8,626,550,228,1139,1139.0
13,1,13,8,790,417,288,1437,1437.0
14,1,6,6,1327,702,483,2413,2413.0
15,1,5,5,880,242,320,1600,1600.0
16,1,18,9,731,461,266,1330,1330.0
17,2,18,4,150,401,55,273,273.0
18,2,20,8,1476,651,537,2684,2684.0
19,2,26,1,1312,207,478,2386,2386.0
20,2,23,8,954,623,347,1735,1735.0
21,2,12,6,1133,149,412,2060,2060.0
22,2,4,5,1178,552,429,2142,2142.0
23,2,15,5,403,477,147,733,733.0
24,2,30,9,760,458,277,1382,1382.0
25,2,10,9,269,615,98,490,490.0
26,2,14,4,701,554,255,1275,1275.0
27,2,21,9,850,409,310,1546,1546.0
28,2,11,9,1178,285,429,2142,2142.0
29,2,9,2,492,245,179,895,895.0
30,2,28,4,835,175,304,1519,1519.0
31,2,5,4,1371,606,499,2493,2493.0
32,3,10,7,1431,710,521,2602,2602.0
33,3,9,5,522,225,190,950,950.0
34,3,4,3,656,357,239,1193,1193.0
35,3,19,8,880,339,320,1600,1600.0
36,3,27,9,209,447,76,380,380.0
37,3,2,7,492,578,179,895,895.0
38,3,17,2,820,172,299,1491,1491.0
39,3,12,1,865,323,315,1573,1573.0
40,3,28,8,1058,285,385,1924,1924.0
41,3,11,6,388,547,142,706,706.0
42,3,26,2,1356,603,494,2466,2466.0
43,3,7,6,239,642,87,435,435.0
44,4,26,9,1267,289,461,2304,2304.0
45,4,13,2,1178,628,429,2142,2142.0
46,4,29,3,656,431,239,1193,1193.0
47,4,30,1,194,220,71,353,353.0
48,4,6,2,537,698,196,977,977.0
49,4,10,6,1446,241,526,2630,2630.0
50,4,7,5,433,425,158,788,788.0
51,4,15,5,939,210,342,1708,1708.0
52,4,5,1,611,323,223,1111,1111.0
53,4,12,7,1252,632,456,2277,2277.0
54,4,20,5,462,250,168,840,840.0
55,4,28,9,656,201,239,1193,1193.0
56,4,1,7,835,629,304,1519,1519.0
57,4,21,8,284,282,104,517,517.0
58,4,16,7,716,316,261,1302,1302.0
59,4,19,7,1416,651,515,2575,2575.0
60,4,23,3,626,323,228,1139,1139.0
61,4,17,5,150,532,55,273,273.0
62,5,27,2,269,289,98,490,490.0
63,5,13,2,1088,679,396,1979,1979.0
64,5,25,8,567,178,207,1031,1031.0
65,5,9,8,328,664,120,597,597.0
66,5,28,6,880,248,320,1600,1600.0
67,5,16,3,239,631,87,435,435.0
68,5,18,6,1401,730,510,2548,2548.0
69,5,3,8,1401,335,510,2548,2548.0
70,5,6,7,999,178,364,1817,1817.0
71,5,4,9,1401,704,510,2548,2548.0
72,5,23,6,656,628,239,1193,1193.0
73,5,22,7,686,179,250,1248,1248.0
74,5,1,2,790,509,288,1437,1437.0
75,5,14,1,507,304,185,922,922.0
76,5,24,5,1029,546,375,1871,1871.0
77,5,29,8,1118,591,407,2033,2033.0
78,5,21,7,477,543,174,868,868.0
79,5,11,6,150,406,55,273,273.0
80,5,12,4,820,365,299,1491,1491.0
81,5,8,8,1446,658,526,2630,2630.0
82,5,30,8,1356,346,494,2466,2466.0
83,6,30,4,1148,245,418,2088,2088.0
84,6,13,1,865,159,315,1573,1573.0
85,6,17,5,418,150,152,760,760.0
86,6,12,9,388,364,142,706,706.0
87,6,11,1,418,566,152,760,760.0
88,6,25,7,1222,730,445,2222,2222.0
89,6,8,5,150,647,55,273,273.0
90,6,10,2,1431,553,521,2602,2602.0
91,6,15,6,880,730,320,1600,1600.0
92,6,28,6,567,553,207,1031,1031.0
93,6,27,7,1133,354,412,2060,2060.0
94,6,18,8,433,417,158,788,788.0
95,6,20,9,790,204,288,1437,1437.0
96,6,5,1,194,197,71,353,353.0
97,6,23,6,731,313,266,1330,1330.0
98,6,2,5,671,553,244,1220,1220.0
99,6,19,4,209,362,76,380,380.0
100,6,29,2,1401,255,510,2548,2548.0
101,6,1,3,1282,568,467,2331,2331.0
102,6,21,5,1148,222,418,2088,2088.0
103,6,3,4,1058,661,385,1924,1924.0
104,6,9,1,805,562,293,1464,1464.0
105,6,7,3,1014,255,369,1844,1844.0
106,7,5,5,462,289,168,840,840.0
107,7,2,5,1461,464,532,2657,2657.0
108,7,6,1,1148,382,418,2088,2088.0
109,7,16,8,403,402,147,733,733.0
110,7,4,8,984,365,358,1790,1790.0
111,7,29,2,448,720,163,815,815.0
112,7,3,2,239,474,87,435,435.0
113,7,22,6,954,316,347,1735,1735.0
114,7,23,2,731,458,266,1330,1330.0
115,7,8,5,522,153,190,950,950.0
116,7,28,9,209,727,76,380,380.0
117,7,11,9,552,573,201,1004,1004.0
118,7,21,7,403,226,147,733,733.0
119,7,15,3,492,528,179,895,895.0
120,7,19,1,269,625,98,490,490.0
121,7,24,3,1133,722,412,2060,2060.0
122,7,14,5,448,349,163,815,815.0
123,7,25,8,343,156,125,624,624.0
124,7,30,5,984,395,358,1790,1790.0
125,7,26,2,239,323,87,435,435.0
126,8,11,4,1163,234,423,2115,2115.0
127,8,13,5,820,675,299,1491,1491.0
128,8,23,4,343,484,125,624,624.0
129,8,5,1,1342,549,488,2440,2440.0
130,8,21,6,671,220,244,1220,1220.0
131,8,17,6,1297,379,472,2359,2359.0
132,8,1,8,164,393,60,299,299.0
133,8,12,6,1342,418,488,2440,2440.0
134,8,15,2,865,382,315,1573,1573.0
135,8,2,5,418,609,152,760,760.0
136,8,22,6,507,402,185,922,922.0
137,8,27,8,895,335,326,1628,1628.0
138,8,20,8,641,666,234,1166,1166.0
139,8,3,4,284,324,104,517,517.0
140,9,3,9,835,641,304,1519,1519.0
141,9,26,9,1103,720,402,2006,2006.0
142,9,19,7,194,368,71,353,353.0
143,9,10,2,1178,433,429,2142,2142.0
144,9,17,7,388,175,142,706,706.0
145,9,11,4,358,484,131,651,651.0
146,9,6,3,775,572,282,1410,1410.0
147,9,14,1,1267,710,461,2304,2304.0
148,9,12,6,448,556,163,815,815.0
149,9,15,9,1058,436,385,1924,1924.0
150,9,13,3,775,409,282,1410,1410.0
151,9,30,5,209,340,76,380,380.0
152,9,7,9,597,461,218,1086,1086.0
153,9,23,2,686,250,250,1248,1248.0
154,9,20,3,611,601,223,1111,1111.0
155,10,8,2,299,509,109,544,544.0
156,10,21,5,1401,713,510,2548,2548.0
157,10,20,4,1446,610,526,2630,2630.0
158,10,27,1,865,471,315,1573,1573.0
159,10,30,9,835,292,304,1519,1519.0
160,10,5,7,597,203,218,1086,1086.0
161,10,24,5,462,207,168,840,840.0
162,10,18,8,299,251,109,544,544.0
163,10,28,4,954,157,347,1735,1735.0
164,10,11,5,284,418,104,517,517.0
165,10,25,8,239,553,87,435,435.0
166,10,22,5,224,648,82,408,408.0
167,10,3,8,597,266,218,1086,1086.0
168,10,16,8,1193,310,434,2170,2170.0
169,10,12,9,954,190,347,1735,1735.0
170,11,13,2,1282,298,467,2331,2331.0
171,11,3,9,313,528,114,570,570.0
172,11,2,4,462,301,168,840,840.0
173,11,12,5,239,714,87,435,435.0
174,11,7,7,1237,250,450,2250,2250.0
175,11,5,4,924,355,336,1680,1680.0
176,11,8,2,656,308,239,1193,1193.0
177,11,1,9,760,581,277,1382,1382.0
178,11,26,3,150,510,55,273,273.0
179,11,14,1,984,584,358,1790,1790.0
180,11,28,3,1386,631,504,2520,2520.0
181,11,21,5,522,506,190,950,950.0
182,11,18,5,1267,483,461,2304,2304.0
183,11,20,9,239,273,87,435,435.0
184,11,22,9,1178,620,429,2142,2142.0
185,11,29,2,358,254,131,651,651.0
186,11,17,8,701,698,255,1275,1275.0
187,11,10,7,1252,631,456,2277,2277.0
188,11,9,7,1312,283,478,2386,2386.0
189,11,24,4,313,704,114,570,570.0
190,12,4,4,433,453,158,788,788.0
191,12,26,2,984,379,358,1790,1790.0
192,12,5,2,1044,402,380,1899,1899.0
193,12,7,2,269,556,98,490,490.0
194,12,15,9,835,467,304,1519,1519.0
195,12,10,6,969,377,353,1762,1762.0
196,12,21,6,1118,420,407,2033,2033.0
197,12,1,2,969,475,353,1762,1762.0
198,12,16,3,1193,154,434,2170,2170.0
199,12,11,5,284,566,104,517,517.0
200,12,2,4,924,651,336,1680,1680.0
201,12,3,2,954,192,347,1735,1735.0
202,12,19,3,403,289,147,733,733.0
203,12,29,7,895,714,326,1628,1628.0
204,12,23,2,269,159,98,490,490.0
205,12,6,4,567,603,207,1031,1031.0
206,12,22,8,1058,527,385,1924,1924.0
207,12,14,9,239,651,87,435,435.0
208,12,27,4,671,439,244,1220,1220.0
209,12,17,9,671,615,244,1220,1220.0
210,13,27,5,746,607,272,1357,1357.0
211,13,2,4,492,390,179,895,895.0
212,13,5,5,1207,367,439,2195,2195.0
213,13,14,2,1446,695,526,2630,2630.0
214,13,23,2,552,292,201,1004,1004.0
215,13,7,3,1133,447,412,2060,2060.0
216,13,10,4,164,226,60,299,299.0
217,13,16,3,299,417,109,544,544.0
218,13,15,4,954,537,347,1735,1735.0
219,13,6,9,716,370,261,1302,1302.0
220,13,25,2,790,449,288,1437,1437.0
221,13,18,9,1342,549,488,2440,2440.0
222,13,11,6,760,704,277,1382,1382.0
223,14,11,7,358,307,131,651,651.0
224,14,5,3,254,191,93,462,462.0
225,14,13,7,1386,481,504,2520,2520.0
226,14,1,7,1073,289,391,1951,1951.0
227,14,3,4,835,600,304,1519,1519.0
228,14,28,1,209,225,76,380,380.0
229,14,16,4,909,204,331,1653,1653.0
230,14,25,8,924,433,336,1680,1680.0
231,14,26,2,1103,162,402,2006,2006.0
232,14,10,6,299,286,109,544,544.0
233,14,27,1,1461,513,532,2657,2657.0
234,14,29,3,1371,420,499,2493,2493.0
235,14,15,7,1312,149,478,2386,2386.0
236,14,22,8,1356,179,494,2466,2466.0
237,14,9,4,1222,289,445,2222,2222.0
238,14,8,5,686,229,250,1248,1248.0
239,14,21,8,1237,639,450,2250,2250.0
240,14,7,9,984,433,358,1790,1790.0
241,14,4,1,164,502,60,299,299.0
242,14,12,5,746,412,272,1357,1357.0
243,15,23,5,656,276,239,1193,1193.0
244,15,27,3,1312,595,478,2386,2386.0
245,15,25,4,820,280,299,1491,1491.0
246,15,1,5,1118,239,407,2033,2033.0
247,15,22,5,1058,474,385,1924,1924.0
248,15,9,7,582,509,212,1059,1059.0
249,15,4,9,1416,610,515,2575,2575.0
250,15,26,3,939,326,342,1708,1708.0
251,15,19,9,477,355,174,868,868.0
252,15,21,7,254,336,93,462,462.0
253,15,20,7,448,689,163,815,815.0
254,15,11,8,507,338,185,922,922.0
255,15,13,9,954,462,347,1735,1735.0
256,15,24,3,731,658,266,1330,1330.0
257,15,17,1,224,683,82,408,408.0
258,15,28,6,448,579,163,815,815.0
259,15,5,2,850,544,310,1546,1546.0
260,15,7,4,597,379,218,1086,1086.0
261,15,2,9,507,417,185,922,922.0
262,15,10,4,567,480,207,1031,1031.0
263,15,6,7,373,534,136,679,679.0
264,15,29,1,1073,720,391,1951,1951.0
265,16,24,9,313,336,114,570,570.0
266,16,26,1,1133,519,412,2060,2060.0
267,16,30,5,1163,637,423,2115,2115.0
268,16,28,8,522,428,190,950,950.0
269,16,27,4,1029,343,375,1871,1871.0
270,16,3,5,1014,635,369,1844,1844.0
271,16,11,8,239,338,87,435,435.0
272,16,25,9,1014,286,369,1844,1844.0
273,16,4,1,1431,676,521,2602,2602.0
274,16,9,6,1282,701,467,2331,2331.0
275,16,20,1,462,612,168,840,840.0
276,16,19,4,1073,258,391,1951,1951.0
277,16,10,3,313,458,114,570,570.0
278,16,8,4,1476,387,537,2684,2684.0
279,16,15,7,522,716,190,950,950.0
280,16,17,6,552,635,201,1004,1004.0
281,17,27,6,1252,673,456,2277,2277.0
282,17,19,1,716,172,261,1302,1302.0
283,17,15,5,775,423,282,1410,1410.0
284,17,24,1,1044,266,380,1899,1899.0
285,17,14,8,1222,588,445,2222,2222.0
286,17,4,5,611,351,223,1111,1111.0
287,17,10,2,820,505,299,1491,1491.0
288,17,9,8,254,349,93,462,462.0
289,17,7,8,239,673,87,435,435.0
290,17,11,9,820,518,299,1491,1491.0
291,18,10,6,224,575,82,408,408.0
292,18,17,9,984,184,358,1790,1790.0
293,18,16,9,1476,232,537,2684,2684.0
294,18,26,4,522,354,190,950,950.0
295,18,28,6,895,474,326,1628,1628.0
296,18,29,3,433,299,158,788,788.0
297,18,9,1,775,198,282,1410,1410.0
298,18,5,4,1163,332,423,2115,2115.0
299,18,12,5,567,494,207,1031,1031.0
300,18,11,7,909,503,331,1653,1653.0
301,18,1,1,984,191,358,1790,1790.0
302,18,20,1,1103,534,402,2006,2006.0
303,18,19,7,775,695,282,1410,1410.0
304,18,24,4,895,207,326,1628,1628.0
305,19,4,1,522,264,190,950,950.0
306,19,9,3,850,606,310,1546,1546.0
307,19,22,5,209,510,76,380,380.0
308,19,15,2,746,450,272,1357,1357.0
309,19,6,4,999,697,364,1817,1817.0
310,19,18,3,775,147,282,1410,1410.0
311,19,3,4,1103,660,402,2006,2006.0
312,19,26,5,969,483,353,1762,1762.0
313,19,21,6,1193,194,434,2170,2170.0
314,19,11,7,462,566,168,840,840.0
315,19,28,1,1178,175,429,2142,2142.0
316,19,20,7,671,493,244,1220,1220.0
317,19,27,3,343,626,125,624,624.0
318,19,1,5,1088,447,396,1979,1979.0
319,19,17,6,537,206,196,977,977.0
320,19,29,8,343,704,125,624,624.0
321,19,23,2,1029,445,375,1871,1871.0
322,19,25,8,1327,415,483,2413,2413.0
323,20,13,7,850,241,310,1546,1546.0
324,20,22,2,1118,194,407,2033,2033.0
325,20,18,5,760,512,277,1382,1382.0
326,20,4,3,1371,286,499,2493,2493.0
327,20,11,6,1446,582,526,2630,2630.0
328,20,10,1,462,414,168,840,840.0
329,20,12,2,492,670,179,895,895.0
330,20,25,2,1431,314,521,2602,2602.0
331,20,19,2,284,727,104,517,517.0
332,20,24,5,880,483,320,1600,1600.0
333,20,26,5,1118,269,407,2033,2033.0
334,20,6,7,731,670,266,1330,1330.0
335,20,27,7,746,222,272,1357,1357.0
336,20,21,6,313,673,114,570,570.0
337,20,30,7,179,163,66,326,326.0
338,20,7,3,299,204,109,544,544.0
339,20,29,6,1029,623,375,1871,1871.0
340,21,14,9,1148,719,418,2088,2088.0
341,21,2,9,537,282,196,977,977.0
342,21,30,8,1356,619,494,2466,2466.0
343,21,10,8,626,437,228,1139,1139.0
344,21,12,7,299,497,109,544,544.0
345,21,20,2,1327,616,483,2413,2413.0
346,21,25,8,1073,678,391,1951,1951.0
347,21,9,2,1401,553,510,2548,2548.0
348,21,28,6,686,307,250,1248,1248.0
349,21,24,6,1297,267,472,2359,2359.0
350,21,1,8,597,393,218,1086,1086.0
351,21,16,1,507,697,185,922,922.0
352,21,5,8,984,670,358,1790,1790.0
353,21,23,5,1044,585,380,1899,1899.0
354,22,23,9,716,685,261,1302,1302.0
355,22,3,2,433,609,158,788,788.0
356,22,1,3,1014,255,369,1844,1844.0
357,22,14,4,1073,234,391,1951,1951.0
358,22,28,9,1148,464,418,2088,2088.0
359,22,30,5,880,540,320,1600,1600.0
360,22,10,5,1118,244,407,2033,2033.0
361,22,15,4,1386,724,504,2520,2520.0
362,22,19,4,1222,483,445,2222,2222.0
363,22,24,4,284,595,104,517,517.0
364,22,13,1,1133,390,412,2060,2060.0
365,22,18,3,209,417,76,380,380.0
366,22,7,3,254,452,93,462,462.0
367,22,16,7,835,436,304,1519,1519.0
368,22,4,1,224,528,82,408,408.0
369,22,6,9,984,383,358,1790,1790.0
370,22,25,5,1014,519,369,1844,1844.0
371,22,21,4,999,562,364,1817,1817.0
372,22,2,6,701,467,255,1275,1275.0
373,22,27,1,746,642,272,1357,1357.0
374,23,11,5,1163,678,423,2115,2115.0
375,23,26,4,850,332,310,1546,1546.0
376,23,16,4,1118,622,407,2033,2033.0
377,23,12,6,1103,569,402,2006,2006.0
378,23,30,8,1356,556,494,2466,2466.0
379,23,22,3,1029,273,375,1871,1871.0
380,23,18,7,1252,689,456,2277,2277.0
381,23,9,8,999,647,364,1817,1817.0
382,23,2,1,909,527,331,1653,1653.0
383,23,4,5,164,228,60,299,299.0
384,23,3,1,939,292,342,1708,1708.0
385,23,19,7,224,335,82,408,408.0
386,23,27,3,1148,702,418,2088,2088.0
387,23,7,2,1327,442,483,2413,2413.0
388,23,10,1,850,600,310,1546,1546.0
389,23,21,1,1327,537,483,2413,2413.0
390,24,16,3,1476,730,537,2684,2684.0
391,24,14,6,820,175,299,1491,1491.0
392,24,26,2,1118,376,407,2033,2033.0
393,24,28,5,939,239,342,1708,1708.0
394,24,20,6,209,663,76,380,380.0
395,24,6,1,552,722,201,1004,1004.0
396,24,22,6,775,302,282,1410,1410.0
397,24,13,7,1461,660,532,2657,2657.0
398,24,12,3,343,442,125,624,624.0
399,24,9,3,299,389,109,544,544.0
400,24,25,4,1029,257,375,1871,1871.0
401,24,19,9,1237,424,450,2250,2250.0
402,24,8,4,746,258,272,1357,1357.0
403,24,23,4,1058,698,385,1924,1924.0
404,24,1,1,1356,173,494,2466,2466.0
405,24,17,5,1461,301,532,2657,2657.0
406,24,15,7,686,415,250,1248,1248.0
407,25,15,4,209,165,76,380,380.0
408,25,7,7,507,348,185,922,922.0
409,25,11,5,1133,522,412,2060,2060.0
410,25,28,4,1371,527,499,2493,2493.0
411,25,4,8,1386,194,504,2520,2520.0
412,25,6,3,582,669,212,1059,1059.0
413,25,13,4,164,179,60,299,299.0
414,25,23,4,194,447,71,353,353.0
415,25,9,7,1133,512,412,2060,2060.0
416,25,29,4,1282,332,467,2331,2331.0
417,25,16,8,194,203,71,353,353.0
418,25,24,2,522,496,190,950,950.0
419,25,1,8,254,241,93,462,462.0
420,25,30,6,254,719,93,462,462.0
421,25,27,4,1476,587,537,2684,2684.0
422,25,10,2,686,291,250,1248,1248.0
423,25,17,2,343,228,125,624,624.0
424,25,8,1,269,367,98,490,490.0
425,25,19,1,1207,587,439,2195,2195.0
426,25,26,3,954,537,347,1735,1735.0
427,25,14,8,716,182,261,1302,1302.0
428,25,3,6,954,638,347,1735,1735.0
429,26,7,3,284,566,104,517,517.0
430,26,12,6,716,720,261,1302,1302.0
431,26,29,1,179,319,66,326,326.0
432,26,18,6,448,185,163,815,815.0
433,26,2,9,1193,433,434,2170,2170.0
434,26,24,6,567,411,207,1031,1031.0
435,26,16,8,1193,619,434,2170,2170.0
436,26,17,5,299,692,109,544,544.0
437,26,4,3,1014,565,369,1844,1844.0
438,26,1,7,820,238,299,1491,1491.0
439,26,25,3,552,436,201,1004,1004.0
440,26,6,2,522,601,190,950,950.0
441,26,22,6,969,499,353,1762,1762.0
442,26,21,4,939,506,342,1708,1708.0
443,26,28,8,1312,730,478,2386,2386.0
444,26,27,2,1178,661,429,2142,2142.0
445,26,11,7,1356,212,494,2466,2466.0
446,26,3,2,1327,673,483,2413,2413.0
447,27,22,1,954,700,347,1735,1735.0
448,27,3,7,909,510,331,1653,1653.0
449,27,25,6,224,417,82,408,408.0
450,27,2,3,939,382,342,1708,1708.0
451,27,16,8,179,415,66,326,326.0
452,27,13,5,1297,638,472,2359,2359.0
453,27,15,1,731,661,266,1330,1330.0
454,27,26,7,880,238,320,1600,1600.0
455,27,30,4,1342,286,488,2440,2440.0
456,27,19,6,239,508,87,435,435.0
457,27,12,2,790,173,288,1437,1437.0
458,27,14,9,1356,714,494,2466,2466.0
459,27,7,7,701,540,255,1275,1275.0
460,27,10,4,656,275,239,1193,1193.0
461,27,5,2,1446,481,526,2630,2630.0
462,27,11,2,552,667,201,1004,1004.0
463,27,6,8,507,275,185,922,922.0
464,27,8,1,716,431,261,1302,1302.0
465,27,23,6,343,377,125,624,624.0
466,27,20,3,731,537,266,1330,1330.0
467,27,24,9,1237,610,450,2250,2250.0
468,27,28,4,552,474,201,1004,1004.0
469,28,24,7,716,213,261,1302,1302.0
470,28,26,7,760,546,277,1382,1382.0
471,28,19,8,1431,228,521,2602,2602.0
472,28,22,7,1088,537,396,1979,1979.0
473,28,5,3,1267,714,461,2304,2304.0
474,28,12,7,1476,571,537,2684,2684.0
475,28,17,5,1476,634,537,2684,2684.0
476,28,27,8,1014,424,369,1844,1844.0
477,28,14,2,388,311,142,706,706.0
478,28,13,8,1401,490,510,2548,2548.0
479,28,9,3,671,333,244,1220,1220.0
480,28,4,6,418,600,152,760,760.0
481,28,3,3,150,468,55,273,273.0
482,28,2,4,746,154,272,1357,1357.0
483,28,7,2,850,528,310,1546,1546.0
484,28,6,7,746,219,272,1357,1357.0
485,28,30,2,686,280,250,1248,1248.0
486,28,21,9,671,568,244,1220,1220.0
487,28,18,6,895,423,326,1628,1628.0
488,28,25,4,760,629,277,1382,1382.0
489,28,1,4,477,288,174,868,868.0
490,29,24,2,1282,434,467,2331,2331.0
491,29,21,4,805,223,293,1464,1464.0
492,29,7,5,492,239,179,895,895.0
493,29,8,8,731,705,266,1330,1330.0
494,29,10,9,731,311,266,1330,1330.0
495,29,27,3,954,229,347,1735,1735.0
496,29,19,6,611,383,223,1111,1111.0
497,29,28,7,969,267,353,1762,1762.0
498,29,15,3,924,549,336,1680,1680.0
499,29,11,8,194,150,71,353,353.0
500,29,9,8,1282,565,467,2331,2331.0
501,29,1,8,567,260,207,1031,1031.0
502,29,25,5,701,425,255,1275,1275.0
503,29,14,8,537,534,196,977,977.0
504,30,13,5,1148,395,418,2088,2088.0
505,30,20,7,1148,188,418,2088,2088.0
506,30,9,6,150,440,55,273,273.0
507,30,25,7,299,475,109,544,544.0
508,30,5,1,1133,241,412,2060,2060.0
509,30,24,2,1461,280,532,2657,2657.0
510,30,7,4,1461,176,532,2657,2657.0
511,30,19,3,820,642,299,1491,1491.0
512,30,27,2,1297,192,472,2359,2359.0
513,30,11,8,224,541,82,408,408.0
514,30,12,2,1416,187,515,2575,2575.0
515,30,28,8,895,324,326,1628,1628.0
516,30,1,2,179,338,66,326,326.0
517,30,23,7,954,187,347,1735,1735.0
518,30,21,4,1193,453,434,2170,2170.0
519,30,3,2,388,231,142,706,706.0
COMMODITIES,400
0,24,1,44,147,446,734,2233.0
1,15,20,27,277,528,1385,2642.0
2,10,26,31,233,519,1163,2597.0
3,9,16,73,248,555,1236,2778.0
4,21,22,71,224,622,1118,3113.0
5,18,11,46,136,421,676,2106.0
6,6,5,41,167,349,835,1748.0
7,9,14,21,166,490,829,2454.0
8,30,4,64,159,413,792,2069.0
9,8,29,46,282,718,1408,3591.0
10,19,30,70,119,458,595,2290.0
11,23,29,68,229,536,1141,2681.0
12,16,15,74,243,550,1213,2750.0
13,22,26,19,200,525,998,2629.0
14,14,6,18,172,542,858,2714.0
15,25,7,64,31,288,151,1442.0
16,18,17,31,116,515,580,2576.0
17,11,15,27,128,548,637,2743.0
18,10,30,43,296,567,1480,2838.0
19,7,25,40,139,395,693,1977.0
20,5,20,64,98,335,488,1678.0
21,23,12,35,236,633,1178,3169.0
22,22,25,72,182,496,906,2484.0
23,22,8,30,165,538,823,2691.0
24,8,4,53,90,375,449,1878.0
25,26,16,18,199,554,993,2774.0
26,1,11,55,190,527,946,2635.0
27,26,18,51,153,428,763,2141.0
28,16,3,31,143,478,715,2391.0
29,5,4,25,206,548,1029,2742.0
30,27,29,24,264,571,1319,2856.0
31,23,30,32,182,430,906,2153.0
32,12,9,63,181,586,903,2934.0
33,14,13,69,201,560,1005,2804.0
34,20,17,56,302,645,1509,3225.0
35,29,19,67,209,574,1041,2873.0
36,20,3,69,236,563,1179,2819.0
37,26,2,56,149,539,741,2698.0
38,26,22,37,161,537,802,2686.0
39,5,22,53,256,612,1277,3064.0
40,16,4,16,172,579,856,2899.0
41,3,30,69,255,572,1272,2863.0
42,6,30,48,275,680,1372,3402.0
43,14,16,73,157,444,783,2221.0
44,8,16,56,216,520,1080,2603.0
45,15,28,24,316,599,1578,2999.0
46,2,23,62,334,702,1666,3512.0
47,17,2,65,241,715,1202,3578.0
48,24,20,57,145,323,722,1617.0
49,25,13,60,234,423,1168,2117.0
50,27,3,61,296,641,1479,3207.0
51,7,17,71,217,516,1081,2583.0
52,20,18,73,234,574,1169,2872.0
53,11,14,47,154,405,766,2028.0
54,14,10,18,210,429,1046,2147.0
55,25,6,72,221,545,1103,2725.0
56,10,19,19,210,567,1047,2835.0
57,22,15,34,152,537,760,2688.0
58,9,13,56,179,552,894,2762.0
59,16,26,20,302,520,1506,2602.0
60,28,20,20,240,655,1196,3275.0
61,12,11,15,132,378,658,1890.0
62,15,3,37,184,522,920,2610.0
63,12,17,41,322,634,1606,3173.0
64,8,6,73,98,556,489,2780.0
65,14,4,23,281,456,1404,2283.0
66,20,19,69,207,402,1034,2014.0
67,24,22,35,182,542,908,2713.0
68,28,19,50,196,540,977,2702.0
69,5,25,28,272,523,1357,2616.0
70,20,10,57,199,495,991,2477.0
71,17,21,19,382,740,1906,3701.0
72,21,3,32,213,607,1065,3038.0
73,14,11,56,151,377,754,1886.0
74,15,18,28,126,462,627,2313.0
75,18,8,41,91,343,455,1715.0
76,2,4,35,267,608,1335,3041.0
77,17,29,56,219,572,1091,2864.0
78,7,30,46,271,623,1353,3117.0
79,15,9,26,109,386,545,1933.0
80,22,27,67,219,583,1095,2916.0
81,27,16,32,201,380,1004,1903.0
82,17,1,40,148,495,737,2479.0
83,12,21,64,315,698,1575,3493.0
84,9,4,15,132,478,658,2393.0
85,21,8,24,184,615,919,3078.0
86,23,25,69,131,468,655,2342.0
87,22,21,15,423,727,2115,3636.0
88,18,4,53,138,491,686,2456.0
89,16,11,27,245,438,1222,2192.0
90,2,11,16,327,642,1634,3211.0
91,26,30,37,194,561,966,2807.0
92,12,16,32,296,654,1478,3274.0
93,25,18,51,276,636,1380,3182.0
94,26,23,24,239,642,1192,3211.0
95,19,14,69,116,558,577,2790.0
96,19,15,74,139,533,691,2668.0
97,19,21,19,312,659,1559,3299.0
98,28,30,23,194,529,968,2646.0
99,22,30,72,152,418,760,2094.0
100,13,3,39,202,598,1006,2992.0
101,28,17,45,140,473,697,2369.0
102,18,22,37,213,461,1063,2306.0
103,24,14,56,212,525,1059,2627.0
104,4,19,39,221,498,1105,2491.0
105,2,12,30,278,655,1386,3277.0
106,17,25,18,335,621,1671,3109.0
107,26,21,35,55,417,271,2086.0
108,29,24,54,324,612,1619,3063.0
109,26,24,17,221,513,1102,2566.0
110,21,1,35,174,453,867,2268.0
111,15,25,19,244,642,1218,3210.0
112,1,30,70,225,524,1124,2624.0
113,21,17,39,234,650,1167,3254.0
114,29,22,46,155,557,773,2788.0
115,16,17,62,204,504,1019,2522.0
116,12,24,21,177,517,882,2589.0
117,4,13,20,270,628,1349,3144.0
118,5,18,49,265,642,1321,3211.0
119,1,2,16,209,724,1043,3622.0
120,5,8,61,170,554,850,2774.0
121,15,10,44,114,433,566,2167.0
122,12,8,51,335,682,1671,3414.0
123,19,24,38,178,442,889,2212.0
124,23,24,49,331,700,1655,3501.0
125,16,29,50,206,518,1028,2592.0
126,3,26,50,119,399,592,1996.0
127,3,4,74,174,556,870,2783.0
128,3,6,51,331,713,1654,3565.0
129,4,24,52,56,439,279,2197.0
130,19,7,20,382,663,1906,3319.0
131,29,20,57,66,309,329,1547.0
132,26,14,25,292,631,1458,3157.0
133,3,27,56,51,240,252,1200.0
134,13,25,53,211,443,1052,2215.0
135,22,14,30,238,574,1189,2872.0
136,13,20,44,384,754,1917,3773.0
137,21,11,25,144,463,717,2317.0
138,12,29,51,242,551,1208,2756.0
139,9,19,18,189,360,944,1800.0
140,10,6,73,259,652,1294,3261.0
141,9,3,74,312,636,1557,3184.0
142,5,17,29,279,617,1394,3088.0
143,30,25,22,131,364,655,1824.0
144,20,11,22,218,481,1090,2407.0
145,7,27,45,88,377,439,1888.0
146,28,27,70,306,522,1527,2613.0
147,27,25,25,162,362,808,1814.0
148,22,4,26,158,316,787,1580.0
149,12,15,60,159,568,791,2840.0
150,3,15,58,206,541,1028,2708.0
151,22,2,54,359,727,1791,3639.0
152,19,5,16,80,537,399,2687.0
153,5,14,23,152,437,756,2189.0
154,30,21,35,80,443,396,2217.0
155,12,3,38,223,505,1111,2525.0
156,26,9,37,275,600,1373,3004.0
157,5,1,36,357,702,1782,3511.0
158,16,21,17,294,677,1467,3387.0
159,8,1,33,165,323,824,1615.0
160,2,20,55,162,567,808,2836.0
161,20,15,62,197,558,984,2791.0
162,14,19,69,199,545,992,2726.0
163,3,2,52,189,447,942,2239.0
164,22,11,69,55,400,272,2002.0
165,30,14,20,321,707,1603,3536.0
166,3,16,22,271,517,1352,2586.0
167,9,17,48,205,476,1025,2381.0
168,25,30,17,190,371,947,1858.0
169,27,22,42,221,481,1103,2408.0
170,16,12,30,140,441,697,2208.0
171,1,20,39,296,720,1479,3604.0
172,27,19,25,199,387,995,1936.0
173,30,9,46,163,349,813,1749.0
174,6,11,29,230,449,1146,2245.0
175,6,4,30,225,579,1123,2899.0
176,22,28,65,101,375,504,1878.0
177,9,15,37,136,515,680,2579.0
178,28,6,25,262,644,1310,3223.0
179,15,4,72,183,581,915,2906.0
180,14,2,35,102,530,507,2654.0
181,19,3,61,242,573,1207,2869.0
182,16,28,71,215,508,1075,2542.0
183,21,9,25,202,673,1006,3367.0
184,14,26,40,214,522,1067,2612.0
185,18,9,50,211,586,1052,2930.0
186,15,14,32,367,743,1834,3719.0
187,22,29,28,200,529,997,2646.0
188,9,12,19,258,537,1289,2687.0
189,10,15,47,371,618,1854,3093.0
190,22,3,36,261,515,1301,2579.0
191,16,2,50,151,498,752,2493.0
192,30,6,50,93,499,464,2497.0
193,24,6,68,185,495,924,2475.0
194,26,7,21,195,431,975,2158.0
195,12,5,69,92,394,460,1970.0
196,26,17,36,211,422,1052,2111.0
197,22,1,66,261,609,1301,3048.0
198,22,6,44,211,600,1052,3003.0
199,12,2,30,242,603,1210,3017.0
200,2,15,33,254,517,1267,2586.0
201,23,9,19,151,445,753,2225.0
202,16,1,31,211,603,1051,3018.0
203,11,19,21,341,622,1703,3114.0
204,22,9,41,307,636,1531,3181.0
205,5,3,38,233,554,1161,2774.0
206,19,18,73,311,575,1554,2877.0
207,6,26,36,194,476,967,2380.0
208,10,2,20,174,530,866,2654.0
209,6,24,44,102,434,506,2174.0
210,6,8,74,167,322,832,1611.0
211,4,9,36,149,380,743,1901.0
212,28,23,61,147,507,735,2538.0
213,20,29,43,84,403,418,2015.0
214,4,26,50,278,609,1388,3045.0
215,21,25,20,389,822,1945,4111.0
216,12,1,28,257,609,1283,3047.0
217,24,2,37,258,742,1289,3714.0
218,11,26,71,379,534,1894,2671.0
219,16,18,38,210,520,1049,2603.0
220,23,4,28,212,388,1058,1940.0
221,16,10,55,238,482,1190,2414.0
222,14,5,30,225,403,1124,2016.0
223,12,18,72,233,642,1162,3211.0
224,3,17,70,251,633,1255,3167.0
225,19,1,41,232,639,1157,3195.0
226,16,30,69,205,543,1024,2718.0
227,9,11,21,259,486,1295,2433.0
228,17,28,28,227,487,1132,2436.0
229,10,18,36,293,511,1464,2556.0
230,19,17,23,190,473,949,2365.0
231,3,9,31,281,573,1403,2866.0
232,20,16,23,242,561,1208,2808.0
233,11,10,54,183,547,914,2735.0
234,3,10,31,283,650,1415,3251.0
235,19,27,74,294,508,1468,2542.0
236,19,22,36,212,379,1056,1897.0
237,2,5,29,165,599,824,2998.0
238,11,27,18,199,496,991,2484.0
239,21,5,69,275,680,1372,3401.0
240,6,15,65,285,697,1422,3488.0
241,18,16,60,128,444,639,2220.0
242,29,12,52,101,352,502,1760.0
243,21,2,33,97,386,483,1932.0
244,30,23,44,246,497,1226,2489.0
245,14,9,73,171,473,853,2369.0
246,1,3,48,358,743,1789,3719.0
247,2,24,62,294,667,1470,3338.0
248,29,1,34,199,499,993,2497.0
249,28,26,50,192,514,959,2570.0
250,29,14,42,130,423,646,2116.0
251,20,28,56,247,540,1234,2700.0
252,12,14,39,145,347,723,1737.0
253,3,20,34,323,651,1615,3258.0
254,20,4,32,203,551,1013,2756.0
255,25,26,65,82,378,408,1893.0
256,4,1,63,94,341,466,1706.0
257,21,20,40,215,623,1072,3117.0
258,3,28,73,257,554,1283,2773.0
259,28,5,37,141,492,702,2462.0
260,28,4,34,97,346,485,1734.0
261,30,27,50,204,523,1019,2616.0
262,6,27,29,141,434,705,2174.0
263,17,10,74,162,562,809,2813.0
264,17,15,32,252,636,1258,3184.0
265,6,18,40,314,595,1570,2975.0
266,27,5,20,209,556,1044,2782.0
267,27,18,17,189,543,944,2717.0
268,24,29,41,220,610,1099,3053.0
269,3,18,46,259,600,1294,3000.0
270,10,23,70,324,585,1619,2927.0
271,13,4,17,267,584,1334,2923.0
272,9,8,54,184,564,918,2822.0
273,10,24,20,171,415,853,2079.0
274,5,24,56,193,496,961,2482.0
275,8,25,28,327,689,1631,3446.0
276,14,20,26,283,597,1414,2989.0
277,3,1,51,228,596,1140,2982.0
278,15,12,63,188,510,939,2554.0
279,12,7,62,267,457,1331,2288.0
280,19,29,37,208,450,1038,2250.0
281,25,11,40,298,564,1486,2820.0
282,16,20,16,174,457,869,2288.0
283,25,15,70,237,392,1182,1962.0
284,22,16,71,148,499,737,2497.0
285,12,13,33,298,704,1487,3521.0
286,2,7,60,213,580,1063,2903.0
287,10,9,70,135,470,675,2352.0
288,6,16,41,362,629,1808,3149.0
289,22,13,39,120,488,597,2444.0
290,18,30,46,213,550,1062,2753.0
291,21,18,36,208,546,1038,2730.0
292,11,17,37,242,514,1210,2574.0
293,17,7,59,122,291,606,1459.0
294,2,16,50,133,465,661,2328.0
295,20,1,52,274,537,1366,2689.0
296,24,8,67,166,546,826,2731.0
297,26,27,57,193,561,964,2809.0
298,18,12,64,263,583,1312,2919.0
299,28,22,46,197,597,982,2987.0
300,1,7,64,295,675,1474,3375.0
301,10,11,55,160,377,797,1889.0
302,10,4,25,210,516,1047,2584.0
303,1,13,54,296,647,1478,3235.0
304,2,17,74,252,555,1257,2776.0
305,3,25,30,353,601,1761,3008.0
306,10,3,43,143,461,712,2306.0
307,3,7,37,169,366,843,1832.0
308,13,9,57,157,547,782,2737.0
309,13,22,20,251,508,1251,2541.0
310,21,23,36,317,594,1581,2970.0
311,9,7,53,194,500,968,2501.0
312,2,27,20,236,756,1180,3782.0
313,18,14,68,171,569,853,2849.0
314,18,29,48,298,563,1488,2815.0
315,16,6,27,211,628,1054,3142.0
316,3,13,58,218,546,1090,2731.0
317,19,12,53,206,566,1027,2831.0
318,12,27,23,94,433,467,2165.0
319,19,25,66,194,532,966,2662.0
320,26,5,60,119,485,593,2428.0
321,10,22,26,283,472,1412,2360.0
322,7,23,50,216,503,1079,2517.0
323,13,7,69,143,479,712,2399.0
324,2,14,15,260,603,1300,3016.0
325,5,2,28,351,678,1751,3390.0
326,21,30,56,224,659,1117,3299.0
327,3,19,49,155,451,771,2257.0
328,6,21,44,227,568,1131,2840.0
329,2,9,36,174,452,866,2264.0
330,20,14,36,272,653,1357,3269.0
331,18,24,61,120,473,600,2366.0
332,28,3,38,167,339,834,1698.0
333,16,19,70,158,526,787,2630.0
334,18,27,51,193,676,964,3384.0
335,19,6,67,110,530,550,2653.0
336,28,7,47,159,396,792,1981.0
337,15,1,74,131,513,651,2565.0
338,9,22,52,236,466,1178,2332.0
339,15,11,33,203,492,1011,2461.0
340,29,17,61,100,465,496,2329.0
341,7,16,53,179,396,892,1981.0
342,30,5,46,324,781,1620,3909.0
343,3,14,22,202,538,1010,2690.0
344,7,8,36,307,608,1535,3042.0
345,23,11,26,284,573,1418,2865.0
346,4,25,35,175,471,872,2359.0
347,15,30,42,239,533,1192,2668.0
348,25,16,68,222,386,1106,1933.0
349,29,9,38,196,595,980,2979.0
350,7,21,54,186,420,929,2101.0
351,29,10,58,196,546,979,2733.0
352,1,16,15,170,391,848,1957.0
353,25,22,42,185,522,922,2611.0
354,22,19,20,253,548,1262,2742.0
355,30,17,27,305,584,1522,2922.0
356,26,6,72,115,413,573,2066.0
357,22,12,22,273,610,1362,3050.0
358,18,7,29,250,613,1249,3069.0
359,27,28,71,176,482,878,2412.0
360,16,5,42,276,696,1378,3483.0
361,25,10,30,301,545,1503,2727.0
362,13,23,60,107,432,531,2161.0
363,5,23,20,179,527,894,2636.0
364,7,5,62,172,437,857,2189.0
365,30,3,23,179,416,894,2084.0
366,15,19,65,267,493,1332,2467.0
367,19,28,30,248,589,1238,2945.0
368,7,18,68,219,581,1093,2906.0
369,27,6,25,148,432,739,2164.0
370,19,11,22,229,477,1145,2386.0
371,9,21,40,145,591,723,2959.0
372,3,11,33,193,464,964,2323.0
373,7,2,35,254,606,1266,3030.0
374,20,6,20,318,674,1586,3374.0
375,14,22,44,237,513,1181,2567.0
376,9,24,65,181,517,903,2589.0
377,6,25,32,314,659,1569,3295.0
378,26,3,55,301,582,1502,2913.0
379,28,2,47,267,608,1335,3040.0
380,1,27,46,126,630,627,3150.0
381,20,23,27,216,568,1076,2842.0
382,24,17,25,345,703,1721,3518.0
383,7,19,31,247,444,1235,2220.0
384,24,12,56,243,485,1215,2428.0
385,7,26,40,125,307,621,1536.0
386,8,30,57,298,596,1488,2984.0
387,25,23,59,248,390,1240,1954.0
388,8,18,58,174,477,868,2388.0
389,27,14,22,84,525,417,2628.0
390,18,15,71,267,621,1334,3108.0
391,6,28,46,213,521,1062,2605.0
392,25,9,48,278,518,1386,2590.0
393,29,3,68,279,551,1391,2759.0
394,27,10,36,273,560,1364,2801.0
395,24,23,59,166,509,828,2548.0
396,22,7,38,73,249,362,1246.0
397,15,17,24,243,425,1214,2127.0
398,3,22,21,297,642,1483,3212.0
399,6,9,68,235,545,1173,2727.0
horizon=822
