NODES,30
1,1,-,-
2,2,-,-
3,3,-,-
4,4,-,-
5,5,-,-
6,6,-,-
7,7,-,-
8,8,-,-
9,9,-,-
10,10,-,-
11,11,-,-
12,12,-,-
13,13,-,-
14,14,-,-
15,15,-,-
16,16,-,-
17,17,-,-
18,18,-,-
19,19,-,-
20,20,-,-
21,21,-,-
22,22,-,-
23,23,-,-
24,24,-,-
25,25,-,-
26,26,-,-
27,27,-,-
28,28,-,-
29,29,-,-
30,30,-,-
ARCS,516
0,1,10,8,148,445,54,270,270.0
1,1,28,4,216,199,79,393,393.0
2,1,18,4,216,585,79,393,393.0
3,1,23,5,171,199,63,311,311.0
4,1,20,5,267,268,98,486,486.0
5,1,8,8,341,483,124,620,620.0
6,1,22,1,148,233,54,270,270.0
7,1,9,1,176,268,64,320,320.0
8,1,29,3,370,223,135,673,673.0
9,1,17,3,142,579,52,259,259.0
10,1,13,1,506,415,184,920,920.0
11,1,12,3,80,474,30,146,146.0
12,1,21,9,137,421,50,250,250.0
13,1,6,2,57,572,21,104,104.0
14,1,19,6,239,478,87,435,435.0
15,1,25,4,449,513,164,817,817.0
16,1,26,8,489,451,178,890,890.0
17,1,16,7,222,124,81,404,404.0
18,1,5,2,222,588,81,404,404.0
19,1,24,4,409,220,149,744,744.0
20,1,15,4,540,520,197,982,982.0
21,1,14,4,284,379,104,517,517.0
22,1,30,3,97,292,36,177,177.0
23,1,7,7,364,521,133,662,662.0
24,1,2,1,245,564,90,446,446.0
25,2,10,1,176,320,64,320,320.0
26,2,11,2,415,396,151,755,755.0
27,2,26,7,421,176,154,766,766.0
28,2,7,1,432,347,158,786,786.0
29,2,17,3,494,130,180,899,899.0
30,2,9,5,245,125,90,446,446.0
31,2,22,3,318,282,116,579,579.0
32,2,15,1,370,572,135,673,673.0
33,2,6,8,426,384,155,775,775.0
34,2,5,7,216,144,79,393,393.0
35,2,3,4,546,170,199,993,993.0
36,2,1,8,284,184,104,517,517.0
37,2,12,9,449,220,164,817,817.0
38,2,29,2,341,204,124,620,620.0
39,2,4,5,358,359,131,651,651.0
40,2,20,4,125,144,46,228,228.0
41,3,28,7,341,476,124,620,620.0
42,3,17,9,517,212,188,940,940.0
43,3,22,9,171,323,63,311,311.0
44,3,30,9,262,349,96,477,477.0
45,3,6,6,284,183,104,517,517.0
46,3,23,7,165,596,60,300,300.0
47,3,26,4,74,403,27,135,135.0
48,3,18,6,262,316,96,477,477.0
49,3,19,4,472,131,172,859,859.0
50,3,2,8,120,448,44,219,219.0
51,3,12,3,267,482,98,486,486.0
52,3,14,9,142,494,52,259,259.0
53,3,13,2,426,495,155,775,775.0
54,3,4,7,415,269,151,755,755.0
55,3,20,3,176,496,64,320,320.0
56,3,24,8,296,241,108,539,539.0
57,4,20,4,114,245,42,208,208.0
58,4,14,9,438,309,160,797,797.0
59,4,13,3,171,514,63,311,311.0
60,4,29,5,86,176,32,157,157.0
61,4,19,9,296,243,108,539,539.0
62,4,9,5,108,304,40,197,197.0
63,4,25,7,443,123,162,806,806.0
64,4,2,4,267,503,98,486,486.0
65,4,15,2,301,558,110,548,548.0
66,4,6,4,63,534,23,115,115.0
67,4,3,2,438,243,160,797,797.0
68,4,30,4,256,169,94,466,466.0
69,4,12,5,256,488,94,466,466.0
70,4,26,7,546,489,199,993,993.0
71,4,18,3,511,384,186,930,930.0
72,4,5,9,438,241,160,797,797.0
73,4,16,6,551,367,201,1002,1002.0
74,4,11,7,335,563,122,610,610.0
75,4,1,4,256,222,94,466,466.0
76,5,11,6,455,191,166,828,828.0
77,5,20,7,131,286,48,239,239.0
78,5,24,8,540,183,197,982,982.0
79,5,29,6,324,308,118,590,590.0
80,5,16,2,375,280,137,682,682.0
81,5,19,3,409,449,149,744,744.0
82,5,30,2,176,561,64,320,320.0
83,5,21,5,517,425,188,940,940.0
84,5,25,6,506,454,184,920,920.0
85,5,9,2,443,576,162,806,806.0
86,5,6,4,500,242,182,910,910.0
87,5,15,9,137,359,50,250,250.0
88,5,28,9,557,424,203,1013,1013.0
89,5,2,7,114,490,42,208,208.0
90,5,23,2,216,162,79,393,393.0
91,5,4,4,415,324,151,755,755.0
92,5,10,7,534,567,195,971,971.0
93,5,14,4,494,523,180,899,899.0
94,5,22,1,460,388,168,837,837.0
95,5,1,1,477,177,174,868,868.0
96,5,17,9,216,278,79,393,393.0
97,6,11,4,114,138,42,208,208.0
98,6,7,1,381,310,139,693,693.0
99,6,17,2,194,190,71,353,353.0
100,6,1,5,103,484,38,188,188.0
101,6,30,1,307,288,112,559,559.0
102,6,4,5,142,543,52,259,259.0
103,6,5,2,250,230,91,455,455.0
104,6,29,9,318,411,116,579,579.0
105,6,8,1,279,198,102,508,508.0
106,6,2,2,57,340,21,104,104.0
107,6,26,3,483,242,176,879,879.0
108,6,20,3,74,121,27,135,135.0
109,6,19,9,404,366,147,735,735.0
110,6,28,9,392,184,143,713,713.0
111,6,12,6,358,256,131,651,651.0
112,6,24,4,245,187,90,446,446.0
113,6,13,2,449,155,164,817,817.0
114,6,9,5,426,241,155,775,775.0
115,6,22,8,284,511,104,517,517.0
116,6,15,6,438,433,160,797,797.0
117,6,3,3,494,426,180,899,899.0
118,6,16,3,194,262,71,353,353.0
119,6,14,8,284,265,104,517,517.0
120,6,18,4,392,588,143,713,713.0
121,6,27,7,370,127,135,673,673.0
122,6,25,8,256,488,94,466,466.0
123,7,22,3,341,199,124,620,620.0
124,7,13,2,409,248,149,744,744.0
125,7,14,8,506,206,184,920,920.0
126,7,29,4,199,370,73,362,362.0
127,7,30,3,279,506,102,508,508.0
128,7,17,5,313,224,114,570,570.0
129,7,9,3,415,466,151,755,755.0
130,7,27,9,142,301,52,259,259.0
131,7,16,9,358,271,131,651,651.0
132,7,4,1,120,343,44,219,219.0
133,7,20,7,228,361,83,415,415.0
134,7,18,2,182,195,67,331,331.0
135,7,10,9,375,204,137,682,682.0
136,7,8,7,57,382,21,104,104.0
137,7,5,1,120,351,44,219,219.0
138,7,2,3,466,480,170,848,848.0
139,7,23,6,347,587,127,631,631.0
140,7,25,5,91,200,34,166,166.0
141,7,1,5,154,227,56,280,280.0
142,7,24,8,262,366,96,477,477.0
143,7,3,9,216,447,79,393,393.0
144,8,4,2,523,310,191,951,951.0
145,8,18,5,460,355,168,837,837.0
146,8,6,8,358,408,131,651,651.0
147,8,1,6,387,124,141,704,704.0
148,8,19,2,108,270,40,197,197.0
149,8,5,6,534,227,195,971,971.0
150,8,14,4,86,471,32,157,157.0
151,8,15,8,137,512,50,250,250.0
152,8,20,8,194,212,71,353,353.0
153,8,13,6,528,370,192,960,960.0
154,8,7,2,262,550,96,477,477.0
155,8,17,2,335,427,122,610,610.0
156,9,15,1,194,271,71,353,353.0
157,9,8,1,228,491,83,415,415.0
158,9,14,8,443,572,162,806,806.0
159,9,26,3,205,489,75,373,373.0
160,9,5,6,534,398,195,971,971.0
161,9,28,7,256,532,94,466,466.0
162,9,17,8,279,555,102,508,508.0
163,9,19,3,534,402,195,971,971.0
164,9,10,2,494,253,180,899,899.0
165,9,4,5,517,426,188,940,940.0
166,9,27,6,477,131,174,868,868.0
167,9,23,3,222,321,81,404,404.0
168,9,30,4,256,461,94,466,466.0
169,9,25,6,313,256,114,570,570.0
170,9,13,8,199,415,73,362,362.0
171,9,7,3,256,541,94,466,466.0
172,9,1,9,472,208,172,859,859.0
173,10,21,8,540,554,197,982,982.0
174,10,11,5,404,479,147,735,735.0
175,10,17,3,483,555,176,879,879.0
176,10,18,7,63,534,23,115,115.0
177,10,23,1,307,505,112,559,559.0
178,10,1,1,74,298,27,135,135.0
179,10,24,7,63,254,23,115,115.0
180,10,22,5,438,561,160,797,797.0
181,10,7,2,511,585,186,930,930.0
182,10,14,1,57,222,21,104,104.0
183,10,8,7,330,190,120,600,600.0
184,10,3,7,523,264,191,951,951.0
185,10,19,2,318,183,116,579,579.0
186,10,9,5,500,339,182,910,910.0
187,10,15,3,176,465,64,320,320.0
188,10,30,7,290,198,106,528,528.0
189,10,12,1,176,272,64,320,320.0
190,10,20,4,494,280,180,899,899.0
191,10,2,6,330,231,120,600,600.0
192,10,6,5,330,392,120,600,600.0
193,10,4,9,211,449,77,384,384.0
194,11,29,9,398,553,145,724,724.0
195,11,10,8,472,136,172,859,859.0
196,11,1,4,352,200,128,640,640.0
197,11,6,8,392,521,143,713,713.0
198,11,30,7,205,496,75,373,373.0
199,11,27,4,86,236,32,157,157.0
200,11,19,6,159,306,58,290,290.0
201,11,5,8,443,451,162,806,806.0
202,11,15,9,205,497,75,373,373.0
203,11,24,6,438,410,160,797,797.0
204,12,8,1,256,543,94,466,466.0
205,12,18,5,398,497,145,724,724.0
206,12,27,3,239,317,87,435,435.0
207,12,17,6,455,257,166,828,828.0
208,12,7,2,494,199,180,899,899.0
209,12,24,5,557,176,203,1013,1013.0
210,12,15,3,415,212,151,755,755.0
211,12,14,6,301,142,110,548,548.0
212,12,3,6,557,335,203,1013,1013.0
213,12,30,8,352,554,128,640,640.0
214,12,21,4,148,225,54,270,270.0
215,12,1,4,182,353,67,331,331.0
216,12,28,6,438,415,160,797,797.0
217,12,5,5,284,433,104,517,517.0
218,13,18,6,279,542,102,508,508.0
219,13,15,3,318,450,116,579,579.0
220,13,1,4,415,154,151,755,755.0
221,13,24,4,324,320,118,590,590.0
222,13,3,5,148,592,54,270,270.0
223,13,30,5,330,564,120,600,600.0
224,13,11,4,131,322,48,239,239.0
225,13,14,4,256,600,94,466,466.0
226,13,5,9,455,231,166,828,828.0
227,13,4,2,176,329,64,320,320.0
228,13,10,8,131,454,48,239,239.0
229,13,12,9,472,352,172,859,859.0
230,13,26,8,114,460,42,208,208.0
231,13,20,4,511,178,186,930,930.0
232,13,8,3,279,141,102,508,508.0
233,14,21,2,318,392,116,579,579.0
234,14,11,3,540,474,197,982,982.0
235,14,30,1,364,345,133,662,662.0
236,14,22,2,318,343,116,579,579.0
237,14,29,2,540,448,197,982,982.0
238,14,1,9,228,265,83,415,415.0
239,14,3,9,154,439,56,280,280.0
240,14,27,1,108,293,40,197,197.0
241,14,7,9,358,553,131,651,651.0
242,14,13,4,222,144,81,404,404.0
243,14,20,4,131,352,48,239,239.0
244,14,2,2,188,289,69,342,342.0
245,14,16,2,335,129,122,610,610.0
246,14,8,8,483,445,176,879,879.0
247,14,6,3,500,571,182,910,910.0
248,14,24,7,540,136,197,982,982.0
249,14,25,5,415,292,151,755,755.0
250,14,15,1,239,495,87,435,435.0
251,14,23,5,415,147,151,755,755.0
252,15,24,6,546,217,199,993,993.0
253,15,16,9,375,443,137,682,682.0
254,15,3,1,290,376,106,528,528.0
255,15,1,9,398,240,145,724,724.0
256,15,21,5,375,578,137,682,682.0
257,15,29,3,494,240,180,899,899.0
258,15,7,2,148,171,54,270,270.0
259,15,27,9,398,381,145,724,724.0
260,15,9,6,415,517,151,755,755.0
261,15,8,3,500,381,182,910,910.0
262,15,17,7,483,148,176,879,879.0
263,15,22,6,211,326,77,384,384.0
264,15,26,6,74,442,27,135,135.0
265,15,14,4,120,185,44,219,219.0
266,15,18,9,341,161,124,620,620.0
267,15,28,7,517,409,188,940,940.0
268,15,13,8,528,385,192,960,960.0
269,15,25,9,404,334,147,735,735.0
270,15,30,3,438,334,160,797,797.0
271,15,10,9,137,473,50,250,250.0
272,15,20,2,511,527,186,930,930.0
273,15,19,9,472,356,172,859,859.0
274,15,6,1,528,334,192,960,960.0
275,15,5,1,233,291,85,424,424.0
276,15,2,3,381,126,139,693,693.0
277,15,23,1,148,356,54,270,270.0
278,15,4,5,131,231,48,239,239.0
279,16,18,4,534,482,195,971,971.0
280,16,22,5,194,227,71,353,353.0
281,16,14,1,455,420,166,828,828.0
282,16,3,1,290,262,106,528,528.0
283,16,27,9,273,486,100,497,497.0
284,16,30,5,114,357,42,208,208.0
285,16,4,9,546,183,199,993,993.0
286,16,19,7,335,237,122,610,610.0
287,16,9,6,387,385,141,704,704.0
288,16,13,5,443,332,162,806,806.0
289,16,23,9,347,355,127,631,631.0
290,16,25,1,557,233,203,1013,1013.0
291,16,21,5,477,165,174,868,868.0
292,16,12,2,108,405,40,197,197.0
293,16,8,8,194,460,71,353,353.0
294,16,7,7,546,476,199,993,993.0
295,17,13,7,318,541,116,579,579.0
296,17,23,3,131,217,48,239,239.0
297,17,25,6,114,532,42,208,208.0
298,17,5,9,97,572,36,177,177.0
299,17,26,9,245,476,90,446,446.0
300,17,30,2,483,537,176,879,879.0
301,17,7,2,432,276,158,786,786.0
302,17,16,5,330,432,120,600,600.0
303,17,2,9,563,333,205,1024,1024.0
304,17,19,5,267,334,98,486,486.0
305,17,4,9,211,368,77,384,384.0
306,17,29,1,69,184,26,126,126.0
307,17,10,2,296,590,108,539,539.0
308,17,18,4,267,454,98,486,486.0
309,17,6,8,159,512,58,290,290.0
310,17,22,4,404,525,147,735,735.0
311,17,21,6,364,461,133,662,662.0
312,17,8,9,245,242,90,446,446.0
313,18,26,3,370,167,135,673,673.0
314,18,22,8,228,559,83,415,415.0
315,18,21,9,91,462,34,166,166.0
316,18,5,7,228,569,83,415,415.0
317,18,7,7,125,560,46,228,228.0
318,18,14,8,551,420,201,1002,1002.0
319,18,1,6,426,323,155,775,775.0
320,18,30,1,449,169,164,817,817.0
321,18,4,2,335,425,122,610,610.0
322,18,19,1,330,546,120,600,600.0
323,18,3,4,120,367,44,219,219.0
324,18,12,8,523,195,191,951,951.0
325,18,25,4,222,201,81,404,404.0
326,19,16,1,506,161,184,920,920.0
327,19,20,1,159,130,58,290,290.0
328,19,25,5,256,220,94,466,466.0
329,19,30,2,506,594,184,920,920.0
330,19,22,7,477,419,174,868,868.0
331,19,18,2,188,271,69,342,342.0
332,19,6,7,404,527,147,735,735.0
333,19,10,7,63,440,23,115,115.0
334,19,27,8,114,177,42,208,208.0
335,19,9,9,296,367,108,539,539.0
336,19,8,5,267,413,98,486,486.0
337,19,1,4,222,136,81,404,404.0
338,19,26,9,375,561,137,682,682.0
339,19,14,3,211,310,77,384,384.0
340,19,21,5,489,224,178,890,890.0
341,19,4,2,114,121,42,208,208.0
342,19,11,4,74,182,27,135,135.0
343,19,12,6,199,175,73,362,362.0
344,19,5,9,364,345,133,662,662.0
345,20,30,5,500,222,182,910,910.0
346,20,21,4,188,424,69,342,342.0
347,20,2,4,69,398,26,126,126.0
348,20,26,3,477,299,174,868,868.0
349,20,16,3,97,280,36,177,177.0
350,20,13,2,364,540,133,662,662.0
351,20,18,1,370,393,135,673,673.0
352,20,15,1,404,162,147,735,735.0
353,20,28,3,511,375,186,930,930.0
354,20,17,4,137,321,50,250,250.0
355,20,27,6,125,378,46,228,228.0
356,20,22,8,296,546,108,539,539.0
357,20,1,8,347,567,127,631,631.0
358,21,4,3,398,258,145,724,724.0
359,21,7,1,511,247,186,930,930.0
360,21,13,8,347,450,127,631,631.0
361,21,18,5,182,164,67,331,331.0
362,21,26,7,245,170,90,446,446.0
363,21,8,8,120,432,44,219,219.0
364,21,14,5,347,582,127,631,631.0
365,21,24,8,313,540,114,570,570.0
366,21,25,1,296,171,108,539,539.0
367,21,9,4,69,553,26,126,126.0
368,21,23,7,228,520,83,415,415.0
369,21,6,1,364,519,133,662,662.0
370,21,2,9,284,448,104,517,517.0
371,21,17,3,347,260,127,631,631.0
372,22,29,6,511,334,186,930,930.0
373,22,19,6,347,340,127,631,631.0
374,22,3,7,324,577,118,590,590.0
375,22,7,4,165,419,60,300,300.0
376,22,23,4,352,318,128,640,640.0
377,22,15,9,216,306,79,393,393.0
378,22,26,1,449,582,164,817,817.0
379,22,18,4,296,260,108,539,539.0
380,22,20,4,387,359,141,704,704.0
381,22,6,9,182,257,67,331,331.0
382,22,28,4,546,280,199,993,993.0
383,22,1,4,273,362,100,497,497.0
384,22,8,3,540,252,197,982,982.0
385,22,17,4,415,398,151,755,755.0
386,22,12,6,375,350,137,682,682.0
387,22,30,6,188,419,69,342,342.0
388,23,22,8,307,343,112,559,559.0
389,23,17,3,165,207,60,300,300.0
390,23,19,7,171,592,63,311,311.0
391,23,9,4,228,199,83,415,415.0
392,23,26,6,557,370,203,1013,1013.0
393,23,30,3,205,196,75,373,373.0
394,23,4,5,546,600,199,993,993.0
395,23,13,9,125,543,46,228,228.0
396,23,10,2,228,158,83,415,415.0
397,23,21,1,438,376,160,797,797.0
398,24,27,8,534,249,195,971,971.0
399,24,29,8,239,524,87,435,435.0
400,24,5,6,347,339,127,631,631.0
401,24,25,1,438,374,160,797,797.0
402,24,4,7,284,173,104,517,517.0
403,24,10,3,222,229,81,404,404.0
404,24,7,5,267,468,98,486,486.0
405,24,21,2,307,413,112,559,559.0
406,24,14,5,250,182,91,455,455.0
407,24,18,4,563,370,205,1024,1024.0
408,24,6,5,256,382,94,466,466.0
409,24,9,2,404,585,147,735,735.0
410,24,1,7,460,564,168,837,837.0
411,24,13,3,318,229,116,579,579.0
412,24,12,2,477,391,174,868,868.0
413,24,17,5,239,355,87,435,435.0
414,25,27,5,432,554,158,786,786.0
415,25,7,6,262,432,96,477,477.0
416,25,8,3,279,298,102,508,508.0
417,25,4,8,500,146,182,910,910.0
418,25,3,1,131,538,48,239,239.0
419,25,16,4,546,531,199,993,993.0
420,25,28,4,455,600,166,828,828.0
421,25,17,3,103,382,38,188,188.0
422,25,24,8,211,329,77,384,384.0
423,25,30,7,194,341,71,353,353.0
424,25,19,5,80,207,30,146,146.0
425,25,21,4,375,376,137,682,682.0
426,26,2,2,57,131,21,104,104.0
427,26,1,4,216,382,79,393,393.0
428,26,7,3,91,311,34,166,166.0
429,26,4,8,284,155,104,517,517.0
430,26,24,1,250,204,91,455,455.0
431,26,6,9,114,456,42,208,208.0
432,26,11,4,154,189,56,280,280.0
433,26,28,9,511,289,186,930,930.0
434,26,14,7,426,278,155,775,775.0
435,26,10,2,154,411,56,280,280.0
436,26,29,3,483,495,176,879,879.0
437,26,30,5,284,268,104,517,517.0
438,26,3,3,211,386,77,384,384.0
439,26,23,3,262,473,96,477,477.0
440,26,8,5,137,161,50,250,250.0
441,27,30,5,74,277,27,135,135.0
442,27,10,2,409,352,149,744,744.0
443,27,5,1,455,468,166,828,828.0
444,27,20,7,273,361,100,497,497.0
445,27,21,3,103,566,38,188,188.0
446,27,25,7,432,491,158,786,786.0
447,27,14,6,511,587,186,930,930.0
448,27,2,5,216,540,79,393,393.0
449,27,23,3,489,330,178,890,890.0
450,27,15,6,131,269,48,239,239.0
451,27,12,7,324,444,118,590,590.0
452,27,8,8,250,254,91,455,455.0
453,27,4,8,546,236,199,993,993.0
454,27,24,7,131,506,48,239,239.0
455,27,19,7,216,548,79,393,393.0
456,27,18,5,228,519,83,415,415.0
457,27,28,2,472,461,172,859,859.0
458,27,9,3,534,362,195,971,971.0
459,27,7,7,171,496,63,311,311.0
460,27,29,5,387,253,141,704,704.0
461,27,11,6,517,239,188,940,940.0
462,27,22,1,364,308,133,662,662.0
463,27,17,7,335,337,122,610,610.0
464,27,6,5,370,391,135,673,673.0
465,27,3,4,511,575,186,930,930.0
466,27,16,1,358,205,131,651,651.0
467,27,26,6,154,457,56,280,280.0
468,27,1,5,335,253,122,610,610.0
469,28,11,4,262,188,96,477,477.0
470,28,7,1,211,166,77,384,384.0
471,28,4,9,307,474,112,559,559.0
472,28,18,9,438,310,160,797,797.0
473,28,26,6,108,142,40,197,197.0
474,28,2,9,222,274,81,404,404.0
475,28,23,5,307,550,112,559,559.0
476,28,24,7,370,381,135,673,673.0
477,28,14,9,398,133,145,724,724.0
478,28,13,8,472,156,172,859,859.0
479,28,29,1,517,274,188,940,940.0
480,28,10,9,233,266,85,424,424.0
481,28,16,4,511,485,186,930,930.0
482,28,1,9,142,311,52,259,259.0
483,28,15,6,171,537,63,311,311.0
484,28,3,7,364,170,133,662,662.0
485,28,25,4,284,289,104,517,517.0
486,29,17,2,551,397,201,1002,1002.0
487,29,2,3,86,301,32,157,157.0
488,29,14,3,557,178,203,1013,1013.0
489,29,13,9,534,164,195,971,971.0
490,29,24,6,245,490,90,446,446.0
491,29,10,9,540,366,197,982,982.0
492,29,12,7,267,427,98,486,486.0
493,29,3,7,438,337,160,797,797.0
494,29,16,1,426,420,155,775,775.0
495,29,26,3,222,246,81,404,404.0
496,29,5,3,347,455,127,631,631.0
497,29,6,2,256,153,94,466,466.0
498,29,27,5,86,509,32,157,157.0
499,29,18,2,307,422,112,559,559.0
500,29,25,3,511,338,186,930,930.0
501,29,15,9,199,161,73,362,362.0
502,29,19,6,455,445,166,828,828.0
503,30,4,4,404,214,147,735,735.0
504,30,5,1,267,278,98,486,486.0
505,30,12,7,551,555,201,1002,1002.0
506,30,20,3,494,471,180,899,899.0
507,30,18,6,199,247,73,362,362.0
508,30,10,7,165,247,60,300,300.0
509,30,26,4,211,339,77,384,384.0
510,30,22,8,324,432,118,590,590.0
511,30,16,7,392,152,143,713,713.0
512,30,15,6,57,240,21,104,104.0
513,30,7,7,154,404,56,280,280.0
514,30,13,5,216,297,79,393,393.0
515,30,1,9,69,537,26,126,126.0
COMMODITIES,400
0,9,5,67,107,266,534,1332.0
1,23,12,70,105,251,522,1255.0
2,28,29,20,100,243,500,1217.0
3,18,17,65,70,209,348,1049.0
4,21,1,36,99,263,495,1316.0
5,18,12,66,87,246,434,1233.0
6,18,28,56,106,282,528,1413.0
7,14,11,24,87,233,432,1167.0
8,24,1,15,96,227,477,1139.0
9,8,4,31,75,179,373,895.0
10,15,21,44,93,224,461,1124.0
11,28,15,29,97,183,484,915.0
12,11,13,38,97,257,482,1285.0
13,13,28,65,97,279,483,1396.0
14,26,18,32,110,216,549,1081.0
15,8,5,16,111,263,551,1319.0
16,2,3,49,78,234,387,1174.0
17,9,24,67,93,252,465,1260.0
18,8,29,56,90,226,447,1132.0
19,25,12,35,91,216,454,1082.0
20,2,21,46,88,228,436,1143.0
21,9,16,28,107,304,534,1521.0
22,12,22,31,89,229,445,1146.0
23,16,3,26,106,235,529,1177.0
24,3,8,24,139,238,694,1194.0
25,17,10,40,123,241,613,1206.0
26,9,26,37,88,187,439,936.0
27,30,29,28,133,263,664,1317.0
28,24,16,64,112,297,559,1487.0
29,26,3,72,100,200,499,1001.0
30,9,11,58,92,238,457,1192.0
31,7,13,45,104,235,518,1178.0
32,25,21,63,62,194,309,973.0
33,9,4,36,113,255,562,1279.0
34,30,3,37,95,234,473,1174.0
35,6,20,26,68,118,336,590.0
36,6,13,58,97,230,483,1151.0
37,23,20,53,91,234,454,1171.0
38,4,18,23,51,203,251,1019.0
39,11,30,66,100,184,500,922.0
40,14,17,74,69,187,342,935.0
41,14,12,37,85,230,422,1154.0
42,1,9,44,95,187,473,939.0
43,23,30,28,73,168,365,841.0
44,10,23,43,84,199,420,999.0
45,2,29,72,109,252,541,1260.0
46,3,11,71,91,195,453,978.0
47,20,29,23,90,192,449,962.0
48,3,14,38,125,206,625,1033.0
49,1,8,23,94,211,467,1059.0
50,4,25,20,93,235,462,1179.0
51,10,4,55,86,186,427,932.0
52,12,19,52,97,244,482,1223.0
53,6,12,68,122,210,608,1050.0
54,3,16,72,119,245,591,1228.0
55,13,23,68,115,253,573,1268.0
56,3,27,26,114,222,567,1114.0
57,20,14,53,95,232,471,1161.0
58,12,25,72,86,273,430,1365.0
59,26,6,34,107,172,531,862.0
60,13,12,46,102,228,506,1140.0
61,18,26,16,98,190,486,952.0
62,1,4,17,121,214,604,1074.0
63,14,7,62,100,224,497,1122.0
64,11,1,57,97,204,481,1022.0
65,9,12,52,82,257,410,1288.0
66,19,8,58,97,219,484,1099.0
67,17,2,53,79,156,395,782.0
68,11,14,26,112,233,556,1165.0
69,14,8,29,99,244,493,1222.0
70,4,19,66,108,237,540,1187.0
71,5,26,33,107,203,534,1018.0
72,23,6,53,91,239,455,1195.0
73,17,22,28,117,286,582,1431.0
74,30,17,47,75,172,372,863.0
75,26,30,34,93,225,462,1125.0
76,13,22,44,83,224,414,1121.0
77,11,29,39,117,275,582,1379.0
78,25,3,31,70,138,348,691.0
79,16,6,21,75,192,374,960.0
80,8,21,59,95,228,474,1140.0
81,29,2,71,84,145,417,726.0
82,17,12,34,102,247,507,1238.0
83,21,3,28,100,234,498,1173.0
84,18,22,56,103,209,513,1046.0
85,23,7,23,138,283,690,1419.0
86,11,10,56,106,208,527,1043.0
87,18,3,50,110,186,550,930.0
88,20,2,20,95,139,471,699.0
89,26,24,74,84,182,418,913.0
90,26,28,51,98,284,487,1424.0
91,27,26,65,81,163,405,815.0
92,28,11,63,80,200,396,1001.0
93,22,12,17,81,225,404,1126.0
94,13,1,47,77,173,383,869.0
95,15,11,21,115,219,572,1095.0
96,28,20,33,93,218,463,1093.0
97,28,13,73,78,264,389,1320.0
98,8,9,20,113,250,562,1253.0
99,30,10,26,86,165,428,826.0
100,21,4,49,82,222,409,1111.0
101,26,23,29,98,215,486,1076.0
102,11,9,72,58,177,286,887.0
103,28,23,52,106,244,527,1221.0
104,10,20,65,97,187,485,935.0
105,26,19,37,104,217,516,1089.0
106,19,10,64,77,126,383,630.0
107,26,29,49,107,236,531,1183.0
108,8,17,24,114,256,567,1280.0
109,17,15,27,136,239,678,1198.0
110,18,9,48,101,182,502,914.0
111,18,27,43,95,220,473,1101.0
112,22,23,32,81,232,402,1160.0
113,10,9,16,83,184,415,922.0
114,17,30,71,107,221,533,1105.0
115,8,11,33,95,187,474,936.0
116,4,20,18,97,158,481,792.0
117,16,22,72,123,218,612,1093.0
118,16,2,63,107,236,532,1180.0
119,25,14,34,91,182,451,911.0
120,7,25,43,96,153,477,767.0
121,4,9,18,77,145,381,729.0
122,2,20,15,96,162,478,810.0
123,19,7,50,98,213,486,1069.0
124,14,1,46,108,217,539,1088.0
125,11,15,57,94,182,466,911.0
126,4,23,27,90,231,449,1158.0
127,30,28,71,100,231,496,1157.0
128,14,26,47,94,199,466,996.0
129,24,15,61,93,259,464,1297.0
130,18,23,29,118,239,587,1197.0
131,17,13,34,111,235,554,1177.0
132,4,27,15,108,198,536,991.0
133,19,20,49,108,198,536,991.0
134,25,9,15,70,201,350,1009.0
135,17,1,23,107,231,533,1157.0
136,14,25,66,86,242,430,1211.0
137,24,2,22,64,199,317,996.0
138,15,9,68,123,237,613,1187.0
139,25,16,33,87,233,434,1167.0
140,4,7,74,94,243,466,1216.0
141,13,14,64,64,155,317,777.0
142,18,4,23,82,193,407,968.0
143,10,26,49,119,235,592,1177.0
144,21,20,58,90,229,447,1147.0
145,4,5,68,72,209,358,1049.0
146,3,25,69,75,188,371,940.0
147,19,6,19,117,205,581,1029.0
148,22,9,36,117,286,581,1432.0
149,28,7,32,100,193,496,968.0
150,10,12,52,57,138,281,692.0
151,8,19,69,113,175,565,876.0
152,20,13,31,91,247,451,1235.0
153,17,8,37,100,219,498,1097.0
154,30,4,45,107,196,535,983.0
155,19,13,71,95,223,471,1116.0
156,22,24,51,102,283,509,1416.0
157,20,10,46,73,185,363,928.0
158,10,1,42,94,140,468,703.0
159,30,20,40,74,174,369,871.0
160,11,17,38,111,267,554,1339.0
161,3,5,70,99,231,495,1159.0
162,5,10,21,80,204,397,1023.0
163,12,17,28,103,250,515,1254.0
164,4,3,35,94,236,470,1183.0
165,19,24,15,91,156,452,781.0
166,11,2,40,101,233,502,1167.0
167,17,19,42,100,195,496,978.0
168,1,26,54,99,204,495,1024.0
169,30,21,70,99,203,491,1019.0
170,19,5,34,87,248,435,1243.0
171,22,17,24,76,232,376,1163.0
172,6,30,72,94,201,466,1007.0
173,25,18,70,82,182,406,911.0
174,14,22,19,84,213,419,1067.0
175,12,4,54,84,247,419,1235.0
176,2,22,69,54,195,268,978.0
177,14,9,27,85,217,421,1085.0
178,13,5,36,90,225,446,1126.0
179,8,1,71,87,207,434,1039.0
180,12,6,66,77,190,384,952.0
181,21,17,47,114,258,567,1292.0
182,19,29,46,105,205,521,1027.0
183,10,8,19,136,247,680,1238.0
184,20,1,71,113,230,563,1153.0
185,29,20,58,110,212,549,1060.0
186,4,13,69,88,169,439,849.0
187,18,6,52,124,262,617,1311.0
188,30,9,55,102,212,509,1064.0
189,3,7,56,104,189,519,946.0
190,2,30,35,81,222,405,1110.0
191,12,30,28,92,215,457,1079.0
192,11,12,56,81,214,405,1074.0
193,3,18,32,109,228,543,1142.0
194,21,26,38,112,224,557,1122.0
195,8,6,54,79,202,393,1012.0
196,16,25,63,87,239,432,1197.0
197,7,15,46,87,182,435,912.0
198,29,30,45,80,167,397,836.0
199,20,21,31,93,179,462,898.0
200,28,10,26,97,206,485,1034.0
201,30,14,21,112,200,556,1004.0
202,30,8,38,120,221,597,1105.0
203,20,19,32,122,267,610,1339.0
204,29,24,27,72,168,358,843.0
205,14,19,28,65,205,323,1029.0
206,4,14,70,64,217,318,1086.0
207,29,13,15,111,276,553,1380.0
208,25,27,30,78,175,388,878.0
209,27,3,40,100,246,499,1230.0
210,4,17,52,93,207,463,1036.0
211,4,29,18,90,147,448,735.0
212,19,23,26,115,253,573,1268.0
213,9,13,36,69,169,342,849.0
214,15,28,15,104,283,517,1419.0
215,13,7,70,99,195,495,976.0
216,13,9,39,83,209,414,1046.0
217,11,16,68,88,264,438,1323.0
218,19,3,17,115,229,572,1145.0
219,7,18,74,98,189,490,946.0
220,9,17,47,100,228,496,1140.0
221,3,26,20,89,138,445,690.0
222,28,3,70,75,216,371,1080.0
223,11,26,69,94,206,468,1032.0
224,24,8,56,102,241,508,1206.0
225,21,23,72,49,156,242,781.0
226,29,23,42,100,246,496,1230.0
227,25,20,65,96,208,479,1043.0
228,22,19,31,115,263,575,1316.0
229,29,11,23,127,282,635,1414.0
230,8,18,44,77,188,383,943.0
231,29,26,62,81,186,403,931.0
232,23,29,71,83,193,414,968.0
233,9,2,29,101,219,504,1099.0
234,14,15,24,95,206,475,1031.0
235,20,24,27,89,203,441,1016.0
236,4,28,45,81,236,403,1180.0
237,22,8,57,65,166,323,832.0
238,11,25,38,113,266,564,1330.0
239,18,25,22,57,158,281,790.0
240,2,26,15,106,275,528,1379.0
241,30,1,57,80,127,396,639.0
242,2,24,59,86,196,426,983.0
243,12,26,21,139,304,692,1520.0
244,28,21,22,81,207,402,1037.0
245,10,19,38,127,260,632,1301.0
246,14,3,58,96,172,476,862.0
247,6,24,27,102,206,506,1030.0
248,10,30,70,75,161,372,807.0
249,23,25,22,93,216,465,1084.0
250,5,11,28,99,256,493,1281.0
251,27,2,71,93,192,461,961.0
252,24,10,69,90,195,448,976.0
253,25,7,69,78,199,389,996.0
254,4,1,28,99,178,495,890.0
255,25,19,30,64,116,317,584.0
256,30,13,28,90,182,447,912.0
257,22,11,52,115,241,572,1207.0
258,24,30,39,114,281,567,1408.0
259,27,19,24,110,212,547,1061.0
260,29,3,59,98,278,487,1391.0
261,12,23,56,111,265,552,1326.0
262,3,4,73,87,214,433,1070.0
263,10,25,21,83,213,412,1066.0
264,26,9,35,114,245,568,1229.0
265,18,8,21,73,164,361,822.0
266,22,18,47,107,235,533,1179.0
267,27,7,41,117,204,585,1022.0
268,29,21,56,81,171,405,856.0
269,16,5,70,94,256,470,1284.0
270,18,7,16,92,162,458,811.0
271,20,18,42,109,250,543,1251.0
272,2,23,74,103,273,513,1369.0
273,22,29,21,89,250,442,1252.0
274,9,10,34,90,236,448,1181.0
275,29,22,60,115,269,571,1347.0
276,30,7,27,102,181,506,909.0
277,1,11,70,80,164,396,821.0
278,21,29,63,98,276,487,1381.0
279,25,17,42,88,148,438,744.0
280,30,19,56,86,218,427,1092.0
281,5,18,52,95,244,473,1223.0
282,2,18,74,105,217,521,1087.0
283,22,28,50,88,288,436,1442.0
284,23,18,59,69,199,341,999.0
285,14,5,67,106,263,528,1316.0
286,5,13,26,124,281,618,1405.0
287,3,29,25,81,240,405,1201.0
288,27,11,41,105,236,525,1183.0
289,25,4,62,124,218,618,1094.0
290,3,19,25,140,279,700,1399.0
291,26,25,64,90,187,450,936.0
292,19,12,52,78,176,390,880.0
293,23,24,63,83,207,413,1038.0
294,14,10,15,101,250,505,1254.0
295,27,28,69,93,250,464,1253.0
296,13,16,38,135,303,671,1518.0
297,12,13,41,83,260,413,1301.0
298,22,26,51,82,213,409,1066.0
299,15,20,41,75,192,374,962.0
300,6,23,25,93,209,462,1048.0
301,26,11,33,96,181,476,908.0
302,12,27,23,65,181,321,908.0
303,11,3,20,76,242,378,1214.0
304,21,24,32,136,274,679,1370.0
305,4,10,35,109,238,542,1194.0
306,4,24,59,58,193,289,967.0
307,28,27,30,97,241,485,1206.0
308,10,14,51,106,151,529,755.0
309,27,30,51,81,133,402,668.0
310,6,10,41,105,203,522,1017.0
311,21,25,64,105,235,524,1176.0
312,24,4,44,58,182,290,913.0
313,13,18,48,87,180,435,902.0
314,11,19,43,69,153,343,769.0
315,9,6,26,80,217,400,1088.0
316,19,18,48,120,181,596,908.0
317,17,23,17,97,163,483,819.0
318,30,22,40,108,204,539,1022.0
319,10,2,29,91,183,452,919.0
320,28,14,61,99,231,493,1157.0
321,13,24,42,110,212,549,1060.0
322,10,28,67,57,176,282,881.0
323,16,27,47,90,212,449,1063.0
324,16,12,63,89,152,443,763.0
325,26,2,64,83,127,413,637.0
326,7,12,40,122,234,607,1173.0
327,3,12,51,97,217,481,1088.0
328,7,30,49,95,190,475,952.0
329,22,10,57,102,253,509,1267.0
330,8,15,46,102,174,510,871.0
331,23,13,31,87,149,434,749.0
332,17,14,65,108,244,540,1221.0
333,29,25,40,93,241,465,1209.0
334,17,3,18,74,192,368,961.0
335,12,21,72,100,180,496,902.0
336,13,11,70,89,157,444,789.0
337,25,28,35,107,286,531,1433.0
338,28,25,51,113,236,565,1182.0
339,4,6,56,106,151,530,756.0
340,8,26,49,91,191,452,955.0
341,2,25,44,129,297,645,1486.0
342,3,2,15,92,163,460,815.0
343,9,29,16,108,262,538,1312.0
344,22,13,26,91,262,453,1313.0
345,21,12,16,107,284,532,1423.0
346,20,17,48,55,129,275,646.0
347,4,15,37,128,256,638,1282.0
348,8,13,46,94,230,466,1152.0
349,21,9,23,96,143,478,715.0
350,3,17,67,105,248,523,1240.0
351,17,26,52,94,212,469,1062.0
352,12,2,37,111,245,554,1226.0
353,7,4,23,91,159,455,798.0
354,25,13,26,104,250,516,1250.0
355,28,19,25,73,228,363,1144.0
356,7,9,63,105,207,524,1039.0
357,14,20,35,97,168,483,840.0
358,24,6,35,86,197,428,988.0
359,19,25,23,88,203,440,1016.0
360,8,27,65,84,180,420,904.0
361,28,30,26,72,184,358,920.0
362,12,14,67,109,239,541,1197.0
363,3,22,60,91,180,452,904.0
364,12,15,40,93,248,463,1240.0
365,4,16,60,110,214,548,1071.0
366,30,16,31,82,213,408,1067.0
367,23,11,36,101,216,504,1084.0
368,1,20,22,92,162,460,811.0
369,20,7,34,79,203,391,1019.0
370,5,29,48,76,200,376,1004.0
371,7,21,65,91,208,455,1044.0
372,2,12,43,102,243,508,1219.0
373,4,8,38,98,241,490,1205.0
374,19,2,74,113,215,562,1077.0
375,27,15,27,128,208,637,1044.0
376,8,12,66,103,238,511,1191.0
377,15,7,23,78,160,388,800.0
378,1,30,55,66,125,330,629.0
379,12,11,22,78,228,390,1140.0
380,22,4,19,110,235,546,1177.0
381,6,28,54,79,216,393,1080.0
382,1,3,55,100,245,497,1225.0
383,16,13,51,86,234,427,1173.0
384,19,28,51,71,223,355,1115.0
385,29,7,74,106,223,526,1118.0
386,3,20,37,78,173,386,865.0
387,12,24,72,56,207,277,1037.0
388,4,30,31,94,209,466,1047.0
389,9,19,24,103,247,511,1237.0
390,7,6,53,78,174,389,872.0
391,24,17,67,103,205,515,1028.0
392,3,1,41,95,218,473,1090.0
393,13,30,29,109,241,541,1209.0
394,8,3,58,112,220,559,1101.0
395,16,8,65,104,196,516,981.0
396,12,9,68,103,206,514,1032.0
397,23,27,23,91,220,451,1101.0
398,8,14,33,102,158,510,791.0
399,19,15,69,71,183,354,916.0
horizon=304
