NODES,30
1,1,-,-
2,2,-,-
3,3,-,-
4,4,-,-
5,5,-,-
6,6,-,-
7,7,-,-
8,8,-,-
9,9,-,-
10,10,-,-
11,11,-,-
12,12,-,-
13,13,-,-
14,14,-,-
15,15,-,-
16,16,-,-
17,17,-,-
18,18,-,-
19,19,-,-
20,20,-,-
21,21,-,-
22,22,-,-
23,23,-,-
24,24,-,-
25,25,-,-
26,26,-,-
27,27,-,-
28,28,-,-
29,29,-,-
30,30,-,-
ARCS,518
0,1,15,8,267,196,98,486,486.0
1,1,28,1,947,182,345,1722,1722.0
2,1,13,7,656,583,239,1193,1193.0
3,1,12,7,995,377,362,1810,1810.0
4,1,6,4,874,363,318,1590,1590.0
5,1,2,9,401,569,146,730,730.0
6,1,22,6,825,593,300,1500,1500.0
7,1,18,7,510,574,186,928,928.0
8,1,20,9,765,442,279,1391,1391.0
9,1,21,2,1080,554,393,1964,1964.0
10,1,16,7,146,256,54,266,266.0
11,1,7,4,668,482,243,1215,1215.0
12,1,14,6,158,136,58,288,288.0
13,1,24,4,862,273,314,1568,1568.0
14,1,3,6,631,396,230,1148,1148.0
15,1,26,2,534,289,195,971,971.0
16,1,4,6,304,508,111,553,553.0
17,2,9,8,401,243,146,730,730.0
18,2,16,5,546,475,199,993,993.0
19,2,12,4,971,376,354,1766,1766.0
20,2,5,7,1129,289,411,2053,2053.0
21,2,6,7,862,505,314,1568,1568.0
22,2,1,2,182,192,67,331,331.0
23,2,11,1,983,288,358,1788,1788.0
24,2,24,2,352,552,128,640,640.0
25,2,23,9,1020,331,371,1855,1855.0
26,2,27,4,716,478,261,1302,1302.0
27,2,10,6,340,530,124,619,619.0
28,2,29,2,1032,211,376,1877,1877.0
29,2,3,5,947,201,345,1722,1722.0
30,2,26,6,1104,488,402,2008,2008.0
31,2,20,4,498,172,182,906,906.0
32,2,17,3,656,264,239,1193,1193.0
33,2,15,3,1165,450,424,2119,2119.0
34,3,21,1,292,566,107,531,531.0
35,3,9,2,401,183,146,730,730.0
36,3,19,3,741,131,270,1348,1348.0
37,3,2,1,158,509,58,288,288.0
38,3,7,1,983,275,358,1788,1788.0
39,3,25,6,1044,286,380,1899,1899.0
40,3,12,4,680,310,248,1237,1237.0
41,3,10,9,983,310,358,1788,1788.0
42,3,20,4,801,580,292,1457,1457.0
43,3,30,4,801,293,292,1457,1457.0
44,3,4,5,413,209,151,751,751.0
45,3,18,6,850,201,310,1546,1546.0
46,3,26,6,668,170,243,1215,1215.0
47,3,22,3,534,430,195,971,971.0
48,3,28,6,389,264,142,708,708.0
49,3,11,5,389,389,142,708,708.0
50,3,16,2,219,134,80,399,399.0
51,4,24,8,1153,467,420,2097,2097.0
52,4,23,1,304,512,111,553,553.0
53,4,28,7,1141,328,415,2075,2075.0
54,4,27,5,522,170,190,950,950.0
55,4,9,5,607,498,221,1104,1104.0
56,4,26,2,728,574,265,1324,1324.0
57,4,13,4,1117,490,407,2031,2031.0
58,4,7,4,838,577,305,1524,1524.0
59,4,25,9,825,502,300,1500,1500.0
60,4,8,7,935,370,340,1700,1700.0
61,4,6,2,437,318,159,795,795.0
62,4,5,9,898,473,327,1633,1633.0
63,4,29,2,1044,557,380,1899,1899.0
64,4,30,5,741,298,270,1348,1348.0
65,4,2,2,474,155,173,862,862.0
66,5,19,3,959,265,349,1744,1744.0
67,5,15,4,340,391,124,619,619.0
68,5,24,6,559,466,204,1017,1017.0
69,5,9,3,850,280,310,1546,1546.0
70,5,14,1,1032,430,376,1877,1877.0
71,5,8,7,255,375,93,464,464.0
72,5,25,6,377,317,138,686,686.0
73,5,17,3,486,428,177,884,884.0
74,5,6,9,134,413,49,244,244.0
75,5,30,2,1007,312,367,1831,1831.0
76,5,21,1,1153,261,420,2097,2097.0
77,5,10,4,765,431,279,1391,1391.0
78,5,27,7,328,215,120,597,597.0
79,5,7,6,280,345,102,510,510.0
80,5,28,7,1056,363,384,1920,1920.0
81,5,29,9,728,574,265,1324,1324.0
82,5,11,1,789,239,287,1435,1435.0
83,6,13,4,862,456,314,1568,1568.0
84,6,25,6,522,474,190,950,950.0
85,6,27,1,874,524,318,1590,1590.0
86,6,3,7,983,276,358,1788,1788.0
87,6,17,5,1153,476,420,2097,2097.0
88,6,12,8,716,207,261,1302,1302.0
89,6,7,8,486,160,177,884,884.0
90,6,26,8,656,315,239,1193,1193.0
91,6,19,4,534,135,195,971,971.0
92,6,8,9,280,132,102,510,510.0
93,6,9,6,292,415,107,531,531.0
94,6,10,6,231,203,84,420,420.0
95,6,20,6,923,282,336,1679,1679.0
96,6,2,7,134,384,49,244,244.0
97,6,29,1,959,288,349,1744,1744.0
98,6,24,6,267,439,98,486,486.0
99,6,23,8,741,514,270,1348,1348.0
100,6,21,2,449,348,164,817,817.0
101,6,16,1,280,415,102,510,510.0
102,7,20,1,546,372,199,993,993.0
103,7,24,7,207,491,76,377,377.0
104,7,28,2,838,327,305,1524,1524.0
105,7,8,1,158,205,58,288,288.0
106,7,2,3,935,379,340,1700,1700.0
107,7,22,3,619,184,226,1126,1126.0
108,7,30,2,813,538,296,1479,1479.0
109,7,6,3,631,582,230,1148,1148.0
110,7,14,2,170,391,62,310,310.0
111,7,27,8,316,234,115,575,575.0
112,7,4,4,328,243,120,597,597.0
113,7,5,5,656,587,239,1193,1193.0
114,7,16,1,704,304,256,1280,1280.0
115,7,29,9,510,385,186,928,928.0
116,7,15,7,546,410,199,993,993.0
117,7,23,2,619,392,226,1126,1126.0
118,7,25,9,680,341,248,1237,1237.0
119,7,26,2,753,467,274,1370,1370.0
120,7,3,7,219,215,80,399,399.0
121,7,1,2,546,510,199,993,993.0
122,8,7,1,789,257,287,1435,1435.0
123,8,28,6,583,468,212,1060,1060.0
124,8,20,9,583,149,212,1060,1060.0
125,8,13,9,292,288,107,531,531.0
126,8,14,6,607,422,221,1104,1104.0
127,8,15,7,195,363,71,355,355.0
128,8,10,5,170,494,62,310,310.0
129,8,5,7,437,292,159,795,795.0
130,8,21,3,1153,406,420,2097,2097.0
131,8,30,9,182,488,67,331,331.0
132,8,27,7,292,580,107,531,531.0
133,8,17,1,619,136,226,1126,1126.0
134,8,22,9,413,262,151,751,751.0
135,8,4,8,474,279,173,862,862.0
136,8,9,8,534,351,195,971,971.0
137,8,18,9,631,419,230,1148,1148.0
138,8,6,8,377,231,138,686,686.0
139,8,3,3,704,497,256,1280,1280.0
140,8,16,7,267,303,98,486,486.0
141,8,29,6,971,280,354,1766,1766.0
142,9,11,1,838,574,305,1524,1524.0
143,9,7,3,559,355,204,1017,1017.0
144,9,3,2,886,442,323,1611,1611.0
145,9,18,4,959,265,349,1744,1744.0
146,9,14,6,813,488,296,1479,1479.0
147,9,10,5,1068,547,389,1942,1942.0
148,9,29,2,1165,140,424,2119,2119.0
149,9,22,6,777,545,283,1413,1413.0
150,9,1,5,389,359,142,708,708.0
151,10,5,7,583,414,212,1060,1060.0
152,10,14,6,486,347,177,884,884.0
153,10,21,9,1007,478,367,1831,1831.0
154,10,28,6,352,342,128,640,640.0
155,10,2,8,413,448,151,751,751.0
156,10,11,4,182,318,67,331,331.0
157,10,4,8,352,498,128,640,640.0
158,10,29,8,935,210,340,1700,1700.0
159,10,25,5,207,353,76,377,377.0
160,10,7,5,959,443,349,1744,1744.0
161,10,8,7,704,557,256,1280,1280.0
162,10,6,5,122,381,45,222,222.0
163,10,15,8,486,146,177,884,884.0
164,10,13,1,437,184,159,795,795.0
165,10,24,6,122,443,45,222,222.0
166,10,3,4,1117,551,407,2031,2031.0
167,10,30,9,546,330,199,993,993.0
168,11,3,1,559,472,204,1017,1017.0
169,11,6,3,122,463,45,222,222.0
170,11,7,3,1177,410,428,2140,2140.0
171,11,4,9,656,275,239,1193,1193.0
172,11,15,6,656,170,239,1193,1193.0
173,11,22,2,571,557,208,1039,1039.0
174,11,18,6,364,538,133,662,662.0
175,11,23,9,231,235,84,420,420.0
176,11,14,4,449,522,164,817,817.0
177,11,26,2,401,534,146,730,730.0
178,11,13,6,1117,215,407,2031,2031.0
179,11,10,3,231,508,84,420,420.0
180,11,29,1,765,464,279,1391,1391.0
181,11,1,9,474,413,173,862,862.0
182,11,12,1,959,226,349,1744,1744.0
183,12,20,4,825,419,300,1500,1500.0
184,12,22,7,728,196,265,1324,1324.0
185,12,7,4,656,366,239,1193,1193.0
186,12,13,3,389,197,142,708,708.0
187,12,28,9,850,373,310,1546,1546.0
188,12,23,9,765,433,279,1391,1391.0
189,12,25,3,146,135,54,266,266.0
190,12,10,7,462,576,168,840,840.0
191,12,4,4,413,377,151,751,751.0
192,12,5,2,656,331,239,1193,1193.0
193,12,26,2,813,132,296,1479,1479.0
194,12,15,5,1080,271,393,1964,1964.0
195,12,17,8,328,451,120,597,597.0
196,12,2,2,158,205,58,288,288.0
197,12,11,6,546,211,199,993,993.0
198,12,19,5,413,349,151,751,751.0
199,12,30,7,656,354,239,1193,1193.0
200,12,29,4,316,168,115,575,575.0
201,12,18,4,352,348,128,640,640.0
202,12,16,5,170,346,62,310,310.0
203,13,23,1,741,468,270,1348,1348.0
204,13,18,2,134,251,49,244,244.0
205,13,10,9,522,137,190,950,950.0
206,13,2,8,340,400,124,619,619.0
207,13,20,3,534,364,195,971,971.0
208,13,22,5,1129,124,411,2053,2053.0
209,13,6,9,777,400,283,1413,1413.0
210,13,17,9,243,470,89,442,442.0
211,13,21,9,643,257,234,1170,1170.0
212,13,1,4,462,462,168,840,840.0
213,13,4,2,838,285,305,1524,1524.0
214,13,16,7,158,188,58,288,288.0
215,13,27,2,182,508,67,331,331.0
216,13,25,7,134,246,49,244,244.0
217,13,3,6,1129,192,411,2053,2053.0
218,13,7,2,838,239,305,1524,1524.0
219,13,19,2,534,273,195,971,971.0
220,13,12,5,765,261,279,1391,1391.0
221,13,11,9,971,346,354,1766,1766.0
222,13,9,8,377,191,138,686,686.0
223,14,22,2,280,304,102,510,510.0
224,14,8,9,1104,569,402,2008,2008.0
225,14,5,7,462,588,168,840,840.0
226,14,23,1,122,552,45,222,222.0
227,14,1,2,437,458,159,795,795.0
228,14,24,5,1092,138,398,1986,1986.0
229,14,28,7,947,593,345,1722,1722.0
230,14,30,8,559,210,204,1017,1017.0
231,14,25,1,825,473,300,1500,1500.0
232,14,19,1,595,529,217,1082,1082.0
233,14,26,6,1044,180,380,1899,1899.0
234,14,13,6,498,233,182,906,906.0
235,14,9,4,207,234,76,377,377.0
236,14,4,6,546,415,199,993,993.0
237,15,7,8,534,478,195,971,971.0
238,15,22,5,510,426,186,928,928.0
239,15,21,6,983,548,358,1788,1788.0
240,15,1,7,328,468,120,597,597.0
241,15,6,1,1141,263,415,2075,2075.0
242,15,11,2,741,388,270,1348,1348.0
243,15,12,2,668,468,243,1215,1215.0
244,15,14,2,449,559,164,817,817.0
245,15,10,9,898,480,327,1633,1633.0
246,15,2,8,1032,147,376,1877,1877.0
247,15,24,4,643,404,234,1170,1170.0
248,15,19,6,449,443,164,817,817.0
249,15,3,1,1032,213,376,1877,1877.0
250,16,18,5,874,120,318,1590,1590.0
251,16,17,4,777,570,283,1413,1413.0
252,16,24,4,898,494,327,1633,1633.0
253,16,28,1,656,235,239,1193,1193.0
254,16,29,6,1153,375,420,2097,2097.0
255,16,21,5,255,261,93,464,464.0
256,16,23,8,801,582,292,1457,1457.0
257,16,9,8,1189,379,433,2162,2162.0
258,16,12,9,304,347,111,553,553.0
259,16,27,5,304,466,111,553,553.0
260,16,19,6,1153,384,420,2097,2097.0
261,16,10,8,583,474,212,1060,1060.0
262,16,15,9,255,203,93,464,464.0
263,16,6,9,583,331,212,1060,1060.0
264,16,5,5,122,520,45,222,222.0
265,16,7,4,995,454,362,1810,1810.0
266,16,8,2,631,234,230,1148,1148.0
267,16,26,8,462,499,168,840,840.0
268,16,14,4,995,297,362,1810,1810.0
269,17,9,7,631,553,230,1148,1148.0
270,17,22,2,971,377,354,1766,1766.0
271,17,24,1,340,207,124,619,619.0
272,17,29,3,328,130,120,597,597.0
273,17,21,5,1202,307,438,2186,2186.0
274,17,30,4,255,137,93,464,464.0
275,17,10,8,146,551,54,266,266.0
276,17,6,2,1032,421,376,1877,1877.0
277,17,2,3,716,148,261,1302,1302.0
278,17,1,1,716,565,261,1302,1302.0
279,17,27,6,207,528,76,377,377.0
280,17,5,1,364,527,133,662,662.0
281,17,25,7,935,438,340,1700,1700.0
282,17,16,6,462,199,168,840,840.0
283,17,13,8,643,268,234,1170,1170.0
284,18,2,5,243,360,89,442,442.0
285,18,22,8,437,120,159,795,795.0
286,18,1,7,134,464,49,244,244.0
287,18,9,9,777,357,283,1413,1413.0
288,18,30,1,886,371,323,1611,1611.0
289,18,21,8,474,367,173,862,862.0
290,18,16,9,1007,288,367,1831,1831.0
291,18,19,2,534,171,195,971,971.0
292,18,12,8,1104,293,402,2008,2008.0
293,18,24,5,534,150,195,971,971.0
294,18,6,7,1177,198,428,2140,2140.0
295,18,15,4,546,438,199,993,993.0
296,18,3,5,595,297,217,1082,1082.0
297,19,4,9,643,451,234,1170,1170.0
298,19,22,4,947,208,345,1722,1722.0
299,19,24,9,1032,164,376,1877,1877.0
300,19,9,2,825,126,300,1500,1500.0
301,19,14,5,389,456,142,708,708.0
302,19,3,2,838,241,305,1524,1524.0
303,19,28,3,850,245,310,1546,1546.0
304,19,10,2,255,565,93,464,464.0
305,19,8,9,825,512,300,1500,1500.0
306,19,29,4,1202,494,438,2186,2186.0
307,19,7,1,243,538,89,442,442.0
308,19,25,2,898,191,327,1633,1633.0
309,19,12,5,462,410,168,840,840.0
310,19,26,1,498,282,182,906,906.0
311,19,18,4,364,162,133,662,662.0
312,20,26,5,716,394,261,1302,1302.0
313,20,4,5,146,510,54,266,266.0
314,20,8,5,377,264,138,686,686.0
315,20,10,2,571,336,208,1039,1039.0
316,20,29,2,486,474,177,884,884.0
317,20,15,8,1104,316,402,2008,2008.0
318,20,21,4,1032,202,376,1877,1877.0
319,20,6,7,583,506,212,1060,1060.0
320,20,30,5,910,171,331,1655,1655.0
321,20,5,8,874,509,318,1590,1590.0
322,20,2,3,316,219,115,575,575.0
323,20,24,4,583,190,212,1060,1060.0
324,20,9,4,449,138,164,817,817.0
325,20,13,8,267,473,98,486,486.0
326,20,28,5,668,390,243,1215,1215.0
327,20,18,2,304,580,111,553,553.0
328,20,23,8,935,458,340,1700,1700.0
329,20,7,7,534,590,195,971,971.0
330,20,14,4,643,518,234,1170,1170.0
331,21,19,1,498,419,182,906,906.0
332,21,15,4,862,140,314,1568,1568.0
333,21,7,7,328,274,120,597,597.0
334,21,28,3,862,323,314,1568,1568.0
335,21,20,6,267,279,98,486,486.0
336,21,1,4,413,419,151,751,751.0
337,21,3,6,316,472,115,575,575.0
338,21,2,6,474,577,173,862,862.0
339,21,30,2,692,251,252,1259,1259.0
340,21,24,2,1007,388,367,1831,1831.0
341,21,25,7,777,166,283,1413,1413.0
342,21,10,7,947,442,345,1722,1722.0
343,21,18,4,413,526,151,751,751.0
344,21,26,5,777,234,283,1413,1413.0
345,22,26,4,692,199,252,1259,1259.0
346,22,15,7,753,343,274,1370,1370.0
347,22,19,1,546,324,199,993,993.0
348,22,30,9,1104,333,402,2008,2008.0
349,22,6,3,340,180,124,619,619.0
350,22,17,7,1177,371,428,2140,2140.0
351,22,18,5,522,558,190,950,950.0
352,22,3,3,595,588,217,1082,1082.0
353,22,11,2,377,391,138,686,686.0
354,22,28,4,134,343,49,244,244.0
355,22,25,8,898,325,327,1633,1633.0
356,22,1,9,231,440,84,420,420.0
357,22,29,1,1189,122,433,2162,2162.0
358,22,12,4,619,552,226,1126,1126.0
359,22,8,9,789,470,287,1435,1435.0
360,22,20,4,474,280,173,862,862.0
361,22,14,3,158,231,58,288,288.0
362,22,7,6,983,485,358,1788,1788.0
363,22,13,3,825,381,300,1500,1500.0
364,22,9,2,243,505,89,442,442.0
365,22,24,2,195,161,71,355,355.0
366,22,5,6,1020,510,371,1855,1855.0
367,23,28,4,959,553,349,1744,1744.0
368,23,13,5,425,358,155,773,773.0
369,23,14,6,389,328,142,708,708.0
370,23,3,8,1165,173,424,2119,2119.0
371,23,7,9,1056,542,384,1920,1920.0
372,23,10,5,886,304,323,1611,1611.0
373,23,5,6,704,522,256,1280,1280.0
374,23,17,9,825,384,300,1500,1500.0
375,23,27,9,389,545,142,708,708.0
376,23,25,3,801,282,292,1457,1457.0
377,23,4,7,1020,490,371,1855,1855.0
378,23,18,8,510,273,186,928,928.0
379,23,26,6,862,538,314,1568,1568.0
380,23,6,4,923,387,336,1679,1679.0
381,23,22,5,474,289,173,862,862.0
382,23,19,8,1104,231,402,2008,2008.0
383,23,20,4,134,451,49,244,244.0
384,23,24,9,1080,565,393,1964,1964.0
385,23,30,1,959,463,349,1744,1744.0
386,23,9,9,158,240,58,288,288.0
387,24,30,1,1141,324,415,2075,2075.0
388,24,3,7,1153,323,420,2097,2097.0
389,24,8,8,741,381,270,1348,1348.0
390,24,13,7,643,208,234,1170,1170.0
391,24,16,4,813,140,296,1479,1479.0
392,24,29,3,619,544,226,1126,1126.0
393,24,6,1,583,414,212,1060,1060.0
394,24,10,8,971,599,354,1766,1766.0
395,24,5,7,158,333,58,288,288.0
396,24,2,4,195,521,71,355,355.0
397,24,14,1,716,396,261,1302,1302.0
398,24,23,5,413,313,151,751,751.0
399,24,18,3,389,404,142,708,708.0
400,24,7,4,862,312,314,1568,1568.0
401,24,28,7,280,258,102,510,510.0
402,24,4,9,462,299,168,840,840.0
403,24,11,4,862,342,314,1568,1568.0
404,24,17,2,862,371,314,1568,1568.0
405,25,14,7,352,443,128,640,640.0
406,25,9,8,971,306,354,1766,1766.0
407,25,12,6,825,462,300,1500,1500.0
408,25,13,7,413,208,151,751,751.0
409,25,21,2,352,273,128,640,640.0
410,25,1,2,1032,577,376,1877,1877.0
411,25,5,7,607,319,221,1104,1104.0
412,25,22,3,1044,409,380,1899,1899.0
413,25,16,5,486,208,177,884,884.0
414,25,28,8,1153,217,420,2097,2097.0
415,25,19,3,231,408,84,420,420.0
416,25,8,5,947,138,345,1722,1722.0
417,25,26,1,898,588,327,1633,1633.0
418,25,29,2,1141,454,415,2075,2075.0
419,25,6,5,1141,340,415,2075,2075.0
420,25,3,7,1177,335,428,2140,2140.0
421,25,2,6,195,164,71,355,355.0
422,25,10,9,377,289,138,686,686.0
423,26,16,4,425,463,155,773,773.0
424,26,2,9,267,246,98,486,486.0
425,26,30,9,304,223,111,553,553.0
426,26,20,9,255,468,93,464,464.0
427,26,23,8,971,571,354,1766,1766.0
428,26,28,2,886,486,323,1611,1611.0
429,26,18,5,874,493,318,1590,1590.0
430,26,22,9,1165,161,424,2119,2119.0
431,26,13,9,753,476,274,1370,1370.0
432,26,29,7,462,468,168,840,840.0
433,26,9,4,692,183,252,1259,1259.0
434,26,17,9,1104,318,402,2008,2008.0
435,26,11,1,243,184,89,442,442.0
436,27,23,7,741,388,270,1348,1348.0
437,27,1,8,923,510,336,1679,1679.0
438,27,12,6,534,282,195,971,971.0
439,27,5,6,158,367,58,288,288.0
440,27,30,7,377,379,138,686,686.0
441,27,4,9,389,257,142,708,708.0
442,27,15,5,923,170,336,1679,1679.0
443,27,28,4,546,394,199,993,993.0
444,27,13,8,935,315,340,1700,1700.0
445,27,14,5,146,234,54,266,266.0
446,27,16,5,910,530,331,1655,1655.0
447,27,9,3,1056,577,384,1920,1920.0
448,27,11,3,207,185,76,377,377.0
449,27,2,5,474,587,173,862,862.0
450,27,17,1,947,226,345,1722,1722.0
451,27,19,3,643,533,234,1170,1170.0
452,27,29,3,813,473,296,1479,1479.0
453,27,3,7,158,309,58,288,288.0
454,27,21,6,995,347,362,1810,1810.0
455,27,7,6,413,413,151,751,751.0
456,27,20,9,716,358,261,1302,1302.0
457,27,22,5,510,214,186,928,928.0
458,28,23,1,292,256,107,531,531.0
459,28,19,8,1068,557,389,1942,1942.0
460,28,14,2,486,327,177,884,884.0
461,28,24,5,340,490,124,619,619.0
462,28,2,7,692,597,252,1259,1259.0
463,28,8,4,389,545,142,708,708.0
464,28,4,6,1165,205,424,2119,2119.0
465,28,16,9,328,281,120,597,597.0
466,28,26,3,704,294,256,1280,1280.0
467,28,1,8,219,585,80,399,399.0
468,28,21,4,449,331,164,817,817.0
469,28,9,3,243,538,89,442,442.0
470,28,15,4,959,208,349,1744,1744.0
471,28,6,2,486,354,177,884,884.0
472,28,12,5,462,245,168,840,840.0
473,28,13,2,886,551,323,1611,1611.0
474,28,25,7,1165,311,424,2119,2119.0
475,28,7,2,1177,400,428,2140,2140.0
476,29,21,4,1044,279,380,1899,1899.0
477,29,12,7,643,168,234,1170,1170.0
478,29,23,4,219,147,80,399,399.0
479,29,17,9,292,289,107,531,531.0
480,29,24,2,910,416,331,1655,1655.0
481,29,11,4,631,564,230,1148,1148.0
482,29,19,8,898,295,327,1633,1633.0
483,29,16,8,704,484,256,1280,1280.0
484,29,25,6,1153,396,420,2097,2097.0
485,29,26,9,134,475,49,244,244.0
486,29,5,4,571,428,208,1039,1039.0
487,29,28,7,1141,159,415,2075,2075.0
488,29,20,1,753,198,274,1370,1370.0
489,29,14,7,1020,185,371,1855,1855.0
490,29,27,6,631,292,230,1148,1148.0
491,29,6,7,559,182,204,1017,1017.0
492,29,8,8,1007,194,367,1831,1831.0
493,29,22,6,643,164,234,1170,1170.0
494,29,9,1,413,563,151,751,751.0
495,29,30,4,498,408,182,906,906.0
496,29,15,5,1092,502,398,1986,1986.0
497,30,21,8,364,584,133,662,662.0
498,30,15,6,838,401,305,1524,1524.0
499,30,13,8,995,307,362,1810,1810.0
500,30,27,1,680,403,248,1237,1237.0
501,30,1,5,401,392,146,730,730.0
502,30,4,4,1032,541,376,1877,1877.0
503,30,7,9,510,210,186,928,928.0
504,30,10,2,1007,437,367,1831,1831.0
505,30,9,5,1177,251,428,2140,2140.0
506,30,20,1,656,414,239,1193,1193.0
507,30,29,2,207,397,76,377,377.0
508,30,8,6,364,156,133,662,662.0
509,30,25,6,1202,360,438,2186,2186.0
510,30,26,6,1202,480,438,2186,2186.0
511,30,22,4,498,463,182,906,906.0
512,30,5,4,716,286,261,1302,1302.0
513,30,18,6,680,570,248,1237,1237.0
514,30,2,2,571,387,208,1039,1039.0
515,30,17,4,983,288,358,1788,1788.0
516,30,14,7,923,430,336,1679,1679.0
517,30,19,1,910,148,331,1655,1655.0
COMMODITIES,400
0,20,3,34,168,435,839,2179.0
1,12,18,55,216,385,1076,1927.0
2,25,29,64,175,573,873,2869.0
3,2,6,57,208,429,1039,2149.0
4,12,17,58,182,352,907,1760.0
5,18,11,72,196,524,977,2622.0
6,30,8,33,213,401,1063,2007.0
7,19,5,15,212,443,1057,2219.0
8,6,23,33,136,411,678,2055.0
9,1,10,59,185,467,925,2336.0
10,4,10,22,131,427,655,2136.0
11,12,25,49,184,279,917,1395.0
12,9,7,39,249,506,1241,2532.0
13,28,15,72,197,413,981,2065.0
14,13,11,50,242,432,1210,2160.0
15,27,10,36,218,428,1087,2141.0
16,20,27,58,207,422,1034,2112.0
17,4,29,19,232,621,1158,3105.0
18,20,25,74,245,434,1225,2171.0
19,11,17,32,246,609,1228,3048.0
20,1,8,30,263,499,1312,2498.0
21,17,28,21,156,396,776,1984.0
22,4,23,74,183,352,913,1761.0
23,16,28,66,211,500,1052,2504.0
24,3,8,29,178,457,889,2286.0
25,15,16,67,167,365,831,1826.0
26,1,3,59,129,386,642,1930.0
27,9,27,28,177,537,884,2689.0
28,13,22,68,208,463,1038,2317.0
29,7,1,62,170,420,849,2103.0
30,1,2,59,154,357,770,1789.0
31,9,29,54,223,664,1111,3322.0
32,11,5,36,229,464,1145,2320.0
33,24,12,27,173,480,863,2400.0
34,21,5,17,175,471,874,2358.0
35,13,25,43,234,328,1169,1643.0
36,15,13,43,233,615,1162,3077.0
37,5,19,54,167,435,832,2176.0
38,22,11,57,167,346,835,1731.0
39,19,12,31,250,462,1246,2310.0
40,29,19,43,186,555,928,2778.0
41,29,22,71,227,499,1132,2495.0
42,2,14,48,212,387,1060,1937.0
43,17,5,27,207,382,1032,1913.0
44,15,25,39,215,558,1071,2791.0
45,26,1,36,193,397,964,1985.0
46,20,29,26,216,433,1079,2169.0
47,21,25,55,170,462,849,2312.0
48,4,8,53,232,533,1158,2666.0
49,21,8,19,181,392,903,1960.0
50,12,7,24,216,469,1077,2349.0
51,7,10,69,137,312,682,1563.0
52,30,21,72,191,365,953,1828.0
53,26,28,64,215,561,1072,2807.0
54,16,9,17,153,407,761,2039.0
55,2,5,70,227,427,1131,2138.0
56,27,7,46,195,391,971,1955.0
57,2,10,61,214,385,1066,1925.0
58,14,24,73,203,423,1013,2117.0
59,11,1,19,183,383,911,1919.0
60,3,19,26,190,496,950,2481.0
61,27,9,72,208,376,1037,1880.0
62,15,28,23,251,531,1252,2659.0
63,26,18,58,189,424,944,2122.0
64,27,23,37,218,359,1090,1799.0
65,6,7,46,127,363,635,1818.0
66,30,12,40,221,580,1102,2901.0
67,12,9,36,221,471,1103,2356.0
68,13,14,34,171,319,853,1599.0
69,16,4,26,181,470,905,2354.0
70,19,30,51,199,463,992,2317.0
71,5,4,28,167,432,835,2161.0
72,26,23,45,197,415,984,2077.0
73,16,2,70,220,417,1096,2086.0
74,24,16,52,185,430,921,2153.0
75,19,9,53,258,518,1288,2591.0
76,17,2,45,158,348,790,1741.0
77,6,15,26,225,438,1124,2192.0
78,22,20,19,170,354,846,1773.0
79,5,17,29,209,428,1044,2143.0
80,16,26,31,196,416,976,2082.0
81,4,12,46,131,545,652,2725.0
82,8,28,45,214,455,1070,2275.0
83,18,1,53,149,250,741,1253.0
84,2,9,36,192,396,958,1981.0
85,30,1,39,188,375,938,1877.0
86,2,26,26,202,520,1006,2600.0
87,10,19,19,168,375,837,1878.0
88,29,8,53,168,494,839,2470.0
89,3,20,38,245,504,1225,2523.0
90,1,16,68,227,331,1132,1657.0
91,1,26,22,226,464,1128,2320.0
92,4,2,20,231,450,1152,2250.0
93,23,10,63,181,475,902,2379.0
94,28,10,55,188,439,938,2199.0
95,3,6,30,219,450,1092,2251.0
96,11,18,68,213,392,1064,1961.0
97,11,23,50,209,344,1041,1723.0
98,3,26,40,161,448,805,2242.0
99,6,11,65,181,381,904,1907.0
100,16,10,63,216,447,1079,2238.0
101,26,6,16,174,349,866,1748.0
102,8,23,28,191,438,953,2194.0
103,28,1,66,201,329,1003,1649.0
104,23,24,53,185,471,925,2355.0
105,7,13,34,192,417,958,2087.0
106,3,30,51,142,459,709,2297.0
107,2,22,46,189,470,944,2353.0
108,17,4,43,202,430,1006,2150.0
109,11,6,19,196,283,978,1418.0
110,27,21,49,164,365,818,1825.0
111,1,20,15,162,359,807,1795.0
112,2,16,27,185,362,925,1811.0
113,2,7,52,207,532,1035,2660.0
114,12,21,42,173,371,865,1857.0
115,10,1,53,161,370,803,1851.0
116,2,20,24,179,400,893,2000.0
117,23,18,37,185,386,923,1930.0
118,15,18,61,189,522,942,2612.0
119,4,20,43,236,450,1177,2250.0
120,27,13,27,242,520,1210,2602.0
121,9,10,58,206,576,1028,2881.0
122,30,15,48,165,409,821,2047.0
123,21,1,29,176,376,879,1881.0
124,13,9,62,191,375,951,1875.0
125,26,9,16,201,477,1002,2388.0
126,5,12,34,168,488,836,2441.0
127,9,22,73,167,506,835,2533.0
128,20,22,47,214,531,1069,2658.0
129,14,23,30,234,321,1169,1605.0
130,25,11,50,193,442,963,2211.0
131,19,17,49,218,562,1090,2813.0
132,28,29,33,244,583,1217,2919.0
133,2,19,26,167,495,835,2476.0
134,17,24,51,223,365,1113,1826.0
135,25,30,42,246,579,1228,2899.0
136,28,16,39,169,342,841,1710.0
137,29,15,74,207,542,1032,2713.0
138,28,13,53,237,526,1181,2632.0
139,25,22,63,202,473,1006,2365.0
140,4,19,41,190,598,946,2992.0
141,5,2,44,229,373,1144,1868.0
142,30,10,43,206,441,1026,2209.0
143,8,16,54,249,384,1244,1922.0
144,3,18,57,203,521,1014,2606.0
145,21,3,73,157,317,782,1588.0
146,3,28,69,217,405,1084,2025.0
147,26,24,47,190,465,948,2325.0
148,8,15,60,195,322,972,1612.0
149,1,15,59,100,255,497,1276.0
150,23,21,46,166,512,830,2560.0
151,30,7,50,214,454,1068,2270.0
152,25,8,55,236,503,1179,2516.0
153,5,13,38,196,440,980,2204.0
154,5,23,25,219,467,1095,2337.0
155,22,7,59,228,497,1140,2487.0
156,14,25,48,154,431,769,2156.0
157,21,20,46,213,359,1062,1797.0
158,11,20,64,209,387,1045,1935.0
159,9,4,53,166,453,827,2268.0
160,3,2,57,262,369,1308,1848.0
161,14,6,67,195,456,973,2282.0
162,9,8,61,230,528,1147,2644.0
163,21,19,25,193,425,963,2125.0
164,21,9,30,205,514,1021,2572.0
165,1,5,40,198,339,989,1699.0
166,1,7,52,237,493,1185,2466.0
167,23,7,18,198,481,987,2407.0
168,9,12,53,178,530,890,2650.0
169,26,11,40,196,339,980,1698.0
170,13,10,18,143,332,711,1663.0
171,5,20,63,192,499,958,2496.0
172,17,25,47,210,390,1048,1950.0
173,18,6,28,212,461,1060,2308.0
174,3,27,51,226,460,1129,2301.0
175,12,29,23,268,414,1336,2072.0
176,15,14,64,158,356,788,1784.0
177,20,13,26,158,314,786,1574.0
178,2,4,74,175,405,871,2029.0
179,8,21,48,219,467,1093,2339.0
180,26,2,29,192,336,959,1684.0
181,24,7,21,250,455,1248,2276.0
182,23,4,46,235,379,1173,1895.0
183,14,11,26,184,470,919,2350.0
184,25,10,44,201,373,1004,1869.0
185,25,16,42,194,417,966,2088.0
186,13,21,51,151,353,753,1765.0
187,23,19,17,266,587,1328,2937.0
188,12,23,61,201,452,1004,2264.0
189,26,21,43,218,511,1087,2556.0
190,19,7,19,193,331,965,1656.0
191,5,7,15,234,385,1167,1925.0
192,6,16,58,162,316,809,1581.0
193,30,19,16,181,540,903,2703.0
194,2,28,31,145,422,725,2113.0
195,21,14,35,206,456,1030,2281.0
196,19,4,21,194,455,967,2277.0
197,15,19,65,204,400,1020,2004.0
198,30,24,32,188,479,938,2398.0
199,7,28,61,241,464,1203,2324.0
200,27,19,31,214,488,1067,2444.0
201,20,14,63,204,461,1020,2306.0
202,16,15,73,206,350,1026,1752.0
203,17,7,33,186,466,928,2332.0
204,27,30,51,153,333,763,1669.0
205,16,22,41,173,488,863,2441.0
206,25,12,46,186,496,927,2483.0
207,18,2,35,202,342,1007,1711.0
208,25,14,48,194,363,968,1818.0
209,13,7,18,195,444,972,2224.0
210,20,2,49,192,360,960,1804.0
211,20,26,24,215,482,1073,2414.0
212,10,8,69,257,460,1285,2304.0
213,17,10,65,169,263,844,1315.0
214,11,2,54,165,306,825,1533.0
215,1,22,49,194,397,966,1988.0
216,14,2,23,194,445,970,2228.0
217,16,14,23,184,403,918,2016.0
218,17,29,72,284,461,1420,2305.0
219,4,17,21,228,618,1140,3092.0
220,3,24,67,154,389,770,1947.0
221,9,13,32,175,587,872,2939.0
222,30,13,42,138,423,690,2118.0
223,15,20,67,221,530,1101,2650.0
224,12,24,72,197,423,981,2116.0
225,11,29,26,209,550,1043,2753.0
226,17,9,19,177,425,881,2126.0
227,18,16,24,207,354,1032,1772.0
228,14,18,22,178,443,889,2219.0
229,9,18,20,221,607,1104,3038.0
230,6,25,45,220,428,1098,2142.0
231,7,5,41,227,411,1132,2058.0
232,14,12,46,168,526,837,2630.0
233,1,27,62,193,404,965,2020.0
234,20,4,40,148,239,739,1199.0
235,21,29,52,156,477,780,2386.0
236,19,18,35,208,388,1038,1940.0
237,23,30,18,213,502,1065,2512.0
238,6,14,68,180,392,896,1961.0
239,16,12,63,171,317,854,1589.0
240,30,3,60,159,460,794,2300.0
241,19,6,53,214,400,1067,2000.0
242,12,1,17,250,422,1247,2112.0
243,20,15,67,168,433,839,2166.0
244,19,2,36,185,425,925,2128.0
245,15,7,47,229,486,1142,2434.0
246,25,5,29,198,465,988,2325.0
247,30,14,73,145,384,723,1920.0
248,3,25,28,206,518,1028,2592.0
249,11,9,17,168,358,839,1791.0
250,25,6,22,180,409,897,2047.0
251,19,16,33,208,491,1036,2459.0
252,25,28,51,241,538,1202,2691.0
253,17,22,39,240,524,1198,2620.0
254,25,26,38,181,496,905,2484.0
255,9,21,52,233,562,1162,2811.0
256,5,27,42,233,414,1165,2070.0
257,1,18,17,175,397,875,1985.0
258,18,9,16,231,467,1154,2335.0
259,22,26,35,127,428,631,2144.0
260,25,24,56,192,429,959,2146.0
261,11,26,50,204,387,1020,1939.0
262,5,22,39,249,545,1245,2729.0
263,21,22,16,167,492,835,2460.0
264,9,19,56,224,670,1118,3351.0
265,16,17,48,170,431,849,2155.0
266,18,7,61,186,486,927,2433.0
267,10,25,49,218,343,1090,1717.0
268,10,28,24,143,320,713,1602.0
269,14,22,37,202,340,1010,1700.0
270,22,27,52,168,459,839,2296.0
271,22,25,67,226,543,1126,2715.0
272,5,21,55,261,521,1303,2608.0
273,6,26,40,166,447,829,2235.0
274,1,12,72,238,439,1190,2198.0
275,18,12,37,216,476,1078,2380.0
276,8,5,30,166,343,828,1716.0
277,16,11,59,149,383,742,1916.0
278,30,6,52,232,534,1160,2670.0
279,2,13,36,182,513,907,2566.0
280,3,17,30,148,483,740,2415.0
281,3,23,47,219,496,1091,2483.0
282,30,4,27,239,547,1194,2735.0
283,4,28,72,220,605,1097,3027.0
284,1,6,56,186,379,930,1895.0
285,1,29,50,193,531,964,2658.0
286,19,14,32,196,377,977,1888.0
287,11,3,58,244,488,1216,2440.0
288,26,14,50,191,460,953,2304.0
289,21,18,65,244,436,1220,2183.0
290,24,23,62,190,376,946,1884.0
291,30,11,33,186,450,928,2250.0
292,18,4,56,140,344,698,1722.0
293,13,12,34,159,354,791,1774.0
294,10,7,40,246,499,1228,2498.0
295,17,15,56,191,474,953,2371.0
296,22,8,23,207,463,1033,2319.0
297,4,30,24,187,505,934,2526.0
298,25,17,55,186,464,927,2322.0
299,29,14,15,259,530,1291,2650.0
300,1,28,50,183,427,913,2139.0
301,4,25,58,184,532,919,2663.0
302,21,16,39,182,407,908,2036.0
303,29,1,71,216,469,1079,2348.0
304,20,10,62,158,401,790,2007.0
305,6,12,59,209,472,1042,2361.0
306,2,11,48,247,491,1235,2456.0
307,26,12,36,217,521,1085,2608.0
308,27,25,55,189,432,945,2161.0
309,16,20,21,249,498,1243,2494.0
310,25,21,44,196,369,980,1849.0
311,15,9,71,176,454,877,2274.0
312,12,26,66,174,389,867,1947.0
313,8,2,29,199,409,995,2048.0
314,24,26,48,163,489,815,2446.0
315,15,2,52,182,503,910,2519.0
316,20,9,62,208,418,1040,2092.0
317,22,6,31,223,389,1112,1946.0
318,8,14,19,171,371,853,1857.0
319,26,30,26,217,365,1085,1829.0
320,30,5,22,180,459,899,2299.0
321,26,15,37,193,483,965,2415.0
322,8,22,36,179,364,893,1824.0
323,25,27,63,190,463,949,2315.0
324,2,12,58,273,547,1364,2739.0
325,26,13,30,192,438,958,2194.0
326,15,23,42,216,465,1076,2326.0
327,7,30,64,208,378,1039,1894.0
328,26,19,61,255,624,1275,3122.0
329,7,15,49,223,404,1115,2022.0
330,22,5,35,215,386,1072,1931.0
331,12,2,35,179,297,895,1489.0
332,29,21,60,238,585,1189,2929.0
333,28,3,58,223,546,1111,2733.0
334,2,29,49,154,548,767,2744.0
335,23,8,74,166,392,829,1964.0
336,29,10,41,222,438,1107,2190.0
337,7,3,23,215,355,1074,1779.0
338,14,20,49,200,340,997,1702.0
339,1,23,67,254,405,1268,2028.0
340,17,23,46,142,362,710,1813.0
341,13,23,31,159,375,795,1877.0
342,18,10,53,215,468,1071,2342.0
343,29,7,36,206,566,1029,2834.0
344,22,4,38,192,425,957,2127.0
345,7,21,62,216,446,1076,2231.0
346,18,23,55,261,471,1305,2355.0
347,4,6,65,179,389,895,1947.0
348,16,13,63,209,500,1043,2500.0
349,18,28,41,162,418,807,2091.0
350,11,8,74,196,383,977,1918.0
351,3,11,17,244,439,1219,2197.0
352,27,15,43,256,502,1279,2513.0
353,9,1,53,181,369,902,1849.0
354,6,4,68,159,402,793,2013.0
355,23,22,70,209,409,1042,2049.0
356,15,5,63,177,453,883,2269.0
357,27,24,61,190,436,950,2181.0
358,16,1,73,213,468,1064,2341.0
359,27,28,67,188,432,940,2160.0
360,9,23,25,217,502,1081,2511.0
361,4,15,35,206,584,1029,2920.0
362,23,3,48,242,497,1207,2485.0
363,20,18,18,197,354,982,1772.0
364,23,6,62,145,444,721,2220.0
365,30,9,17,183,439,914,2195.0
366,17,27,40,234,363,1166,1815.0
367,7,11,56,173,402,864,2014.0
368,8,30,71,188,297,937,1486.0
369,21,26,60,238,570,1189,2853.0
370,22,24,64,270,381,1348,1905.0
371,18,26,70,182,459,908,2299.0
372,25,1,20,158,348,789,1741.0
373,20,23,70,245,452,1221,2262.0
374,12,20,59,196,478,979,2394.0
375,10,26,35,149,419,745,2096.0
376,30,26,16,208,370,1038,1854.0
377,4,18,44,196,527,978,2639.0
378,4,13,33,219,524,1093,2621.0
379,8,27,54,232,390,1157,1950.0
380,11,27,71,215,484,1071,2424.0
381,13,8,22,202,446,1008,2230.0
382,26,8,40,157,420,783,2104.0
383,17,13,74,174,417,867,2087.0
384,29,24,58,208,468,1037,2340.0
385,17,26,48,246,467,1229,2338.0
386,7,4,56,236,391,1179,1955.0
387,5,9,71,165,369,823,1845.0
388,15,30,16,182,539,910,2698.0
389,28,30,63,168,412,838,2062.0
390,1,14,31,224,332,1118,1663.0
391,24,2,67,190,307,950,1538.0
392,17,8,71,185,422,921,2114.0
393,16,7,65,244,433,1220,2165.0
394,16,18,33,178,465,886,2325.0
395,27,11,74,191,300,953,1500.0
396,26,22,16,181,511,901,2555.0
397,16,25,47,182,384,906,1924.0
398,28,12,65,227,433,1134,2169.0
399,10,24,18,193,278,963,1394.0
horizon=670
