NODES,30
1,1,-,-
2,2,-,-
3,3,-,-
4,4,-,-
5,5,-,-
6,6,-,-
7,7,-,-
8,8,-,-
9,9,-,-
10,10,-,-
11,11,-,-
12,12,-,-
13,13,-,-
14,14,-,-
15,15,-,-
16,16,-,-
17,17,-,-
18,18,-,-
19,19,-,-
20,20,-,-
21,21,-,-
22,22,-,-
23,23,-,-
24,24,-,-
25,25,-,-
26,26,-,-
27,27,-,-
28,28,-,-
29,29,-,-
30,30,-,-
ARCS,685
0,1,18,5,418,214,152,760,760.0
1,1,16,5,485,623,177,882,882.0
2,1,28,1,515,431,188,937,937.0
3,1,12,5,351,555,128,639,639.0
4,1,7,7,358,578,131,651,651.0
5,1,29,4,209,450,76,380,380.0
6,1,30,8,478,299,174,870,870.0
7,1,21,2,150,244,55,273,273.0
8,1,20,3,299,417,109,544,544.0
9,1,5,1,344,160,126,626,626.0
10,1,24,1,299,539,109,544,544.0
11,1,9,9,179,297,66,326,326.0
12,1,4,6,157,163,58,286,286.0
13,1,6,7,552,532,201,1004,1004.0
14,1,23,2,440,584,160,800,800.0
15,1,2,7,150,701,55,273,273.0
16,1,8,7,344,720,126,626,626.0
17,1,27,1,440,691,160,800,800.0
18,1,26,2,105,318,39,191,191.0
19,2,19,4,120,528,44,219,219.0
20,2,1,2,120,521,44,219,219.0
21,2,27,9,97,155,36,177,177.0
22,2,7,3,739,705,269,1344,1344.0
23,2,28,2,224,277,82,408,408.0
24,2,11,9,254,646,93,462,462.0
25,2,9,8,537,483,196,977,977.0
26,2,20,6,165,652,60,300,300.0
27,2,21,8,381,483,139,693,693.0
28,2,8,6,344,261,126,626,626.0
29,2,16,4,455,361,166,828,828.0
30,2,4,4,97,661,36,177,177.0
31,2,14,8,314,194,115,571,571.0
32,2,22,2,426,532,155,775,775.0
33,2,15,6,142,692,52,259,259.0
34,2,5,5,739,684,269,1344,1344.0
35,2,25,4,112,452,41,204,204.0
36,2,17,3,187,682,68,340,340.0
37,2,24,7,433,489,158,788,788.0
38,2,26,2,724,637,264,1317,1317.0
39,2,6,2,314,528,115,571,571.0
40,3,16,7,619,519,226,1126,1126.0
41,3,10,6,224,635,82,408,408.0
42,3,9,4,388,538,142,706,706.0
43,3,29,6,448,287,163,815,815.0
44,3,12,2,388,469,142,706,706.0
45,3,11,7,165,280,60,300,300.0
46,3,18,7,440,404,160,800,800.0
47,3,4,3,679,191,247,1235,1235.0
48,3,27,3,560,659,204,1019,1019.0
49,3,21,5,545,573,199,991,991.0
50,3,14,2,597,578,218,1086,1086.0
51,3,25,1,411,705,150,748,748.0
52,3,8,9,351,162,128,639,639.0
53,3,24,2,224,668,82,408,408.0
54,3,19,8,634,537,231,1153,1153.0
55,3,17,4,351,496,128,639,639.0
56,3,1,3,321,665,117,584,584.0
57,3,7,6,716,182,261,1302,1302.0
58,3,28,2,127,284,47,231,231.0
59,3,6,9,75,539,28,137,137.0
60,3,15,2,90,645,33,164,164.0
61,3,5,4,187,297,68,340,340.0
62,3,2,6,709,237,258,1290,1290.0
63,3,26,3,448,287,163,815,815.0
64,3,13,2,105,315,39,191,191.0
65,3,23,7,463,678,169,842,842.0
66,3,30,2,619,472,226,1126,1126.0
67,3,22,5,455,365,166,828,828.0
68,4,29,2,187,600,68,340,340.0
69,4,13,2,314,463,115,571,571.0
70,4,27,2,358,421,131,651,651.0
71,4,2,2,612,280,223,1113,1113.0
72,4,14,1,552,467,201,1004,1004.0
73,4,15,1,276,279,101,502,502.0
74,4,1,8,642,614,234,1168,1168.0
75,4,12,8,262,182,96,477,477.0
76,4,16,2,590,715,215,1073,1073.0
77,4,19,3,724,343,264,1317,1317.0
78,4,24,1,262,509,96,477,477.0
79,4,28,2,396,179,144,720,720.0
80,4,20,7,232,479,85,422,422.0
81,4,25,1,426,591,155,775,775.0
82,4,11,6,523,208,191,951,951.0
83,4,3,6,105,338,39,191,191.0
84,4,7,6,150,447,55,273,273.0
85,4,8,8,597,645,218,1086,1086.0
86,4,5,8,314,704,115,571,571.0
87,4,26,4,157,313,58,286,286.0
88,4,18,7,612,457,223,1113,1113.0
89,4,23,3,590,640,215,1073,1073.0
90,4,30,8,75,509,28,137,137.0
91,4,22,4,344,717,126,626,626.0
92,4,9,8,150,576,55,273,273.0
93,4,17,4,590,534,215,1073,1073.0
94,5,21,5,329,601,120,599,599.0
95,5,8,4,664,349,242,1208,1208.0
96,5,24,1,358,596,131,651,651.0
97,5,14,5,75,332,28,137,137.0
98,5,15,1,179,359,66,326,326.0
99,5,3,6,649,332,236,1180,1180.0
100,5,1,6,344,576,126,626,626.0
101,5,25,2,455,300,166,828,828.0
102,5,20,9,127,459,47,231,231.0
103,5,30,3,373,550,136,679,679.0
104,5,16,4,619,320,226,1126,1126.0
105,5,7,4,165,407,60,300,300.0
106,5,22,2,657,577,239,1195,1195.0
107,5,6,4,649,678,236,1180,1180.0
108,5,18,9,262,355,96,477,477.0
109,5,2,4,500,240,182,910,910.0
110,5,10,8,75,524,28,137,137.0
111,5,9,6,612,332,223,1113,1113.0
112,5,13,3,83,478,31,151,151.0
113,5,17,2,388,560,142,706,706.0
114,5,23,4,403,351,147,733,733.0
115,5,26,4,627,208,228,1140,1140.0
116,6,12,9,83,418,31,151,151.0
117,6,9,2,731,341,266,1330,1330.0
118,6,3,6,403,601,147,733,733.0
119,6,18,8,657,315,239,1195,1195.0
120,6,1,3,291,578,106,530,530.0
121,6,21,2,217,447,79,395,395.0
122,6,8,1,440,459,160,800,800.0
123,6,15,8,381,610,139,693,693.0
124,6,28,8,597,290,218,1086,1086.0
125,6,27,9,426,372,155,775,775.0
126,6,4,5,75,632,28,137,137.0
127,6,19,7,336,184,123,611,611.0
128,6,13,2,440,283,160,800,800.0
129,6,16,2,83,708,31,151,151.0
130,6,10,8,388,263,142,706,706.0
131,6,30,2,731,717,266,1330,1330.0
132,6,11,2,694,149,253,1262,1262.0
133,6,5,9,694,348,253,1262,1262.0
134,6,29,7,440,610,160,800,800.0
135,6,22,9,120,508,44,219,219.0
136,6,2,9,276,571,101,502,502.0
137,6,17,8,739,443,269,1344,1344.0
138,6,25,5,269,312,98,490,490.0
139,6,14,7,284,163,104,517,517.0
140,6,7,1,314,286,115,571,571.0
141,6,26,5,120,698,44,219,219.0
142,7,16,7,672,539,245,1222,1222.0
143,7,22,6,381,251,139,693,693.0
144,7,14,6,716,478,261,1302,1302.0
145,7,11,2,634,312,231,1153,1153.0
146,7,30,2,373,394,136,679,679.0
147,7,24,5,157,306,58,286,286.0
148,7,17,2,291,495,106,530,530.0
149,7,1,7,634,331,231,1153,1153.0
150,7,21,3,426,274,155,775,775.0
151,7,4,8,634,378,231,1153,1153.0
152,7,29,3,142,620,52,259,259.0
153,7,15,5,552,175,201,1004,1004.0
154,7,2,8,470,345,171,855,855.0
155,7,25,8,344,490,126,626,626.0
156,7,9,5,291,542,106,530,530.0
157,7,8,8,209,616,76,380,380.0
158,7,23,7,194,274,71,353,353.0
159,7,19,8,373,309,136,679,679.0
160,7,28,3,657,653,239,1195,1195.0
161,7,6,2,426,580,155,775,775.0
162,7,12,1,165,705,60,300,300.0
163,7,13,8,381,147,139,693,693.0
164,8,22,3,634,460,231,1153,1153.0
165,8,1,3,135,441,50,246,246.0
166,8,28,6,344,503,126,626,626.0
167,8,21,7,485,368,177,882,882.0
168,8,12,6,142,362,52,259,259.0
169,8,4,1,560,184,204,1019,1019.0
170,8,15,1,321,407,117,584,584.0
171,8,10,1,388,184,142,706,706.0
172,8,5,6,590,421,215,1073,1073.0
173,8,2,6,239,394,87,435,435.0
174,8,16,6,179,147,66,326,326.0
175,8,19,6,731,315,266,1330,1330.0
176,8,7,6,262,310,96,477,477.0
177,8,3,4,679,153,247,1235,1235.0
178,8,14,6,314,362,115,571,571.0
179,8,13,5,590,639,215,1073,1073.0
180,8,6,1,97,692,36,177,177.0
181,8,26,1,329,423,120,599,599.0
182,8,11,2,209,284,76,380,380.0
183,8,23,2,716,267,261,1302,1302.0
184,8,30,7,165,293,60,300,300.0
185,8,29,4,731,431,266,1330,1330.0
186,9,2,9,470,594,171,855,855.0
187,9,4,5,157,351,58,286,286.0
188,9,25,3,545,581,199,991,991.0
189,9,23,6,508,707,185,924,924.0
190,9,15,8,344,454,126,626,626.0
191,9,12,7,545,256,199,991,991.0
192,9,8,4,530,263,193,964,964.0
193,9,16,1,590,454,215,1073,1073.0
194,9,24,3,276,501,101,502,502.0
195,9,22,1,358,380,131,651,651.0
196,9,14,7,634,146,231,1153,1153.0
197,9,29,8,440,225,160,800,800.0
198,9,17,9,605,221,220,1100,1100.0
199,9,27,1,97,147,36,177,177.0
200,9,19,8,478,655,174,870,870.0
201,9,21,7,239,479,87,435,435.0
202,9,1,2,224,493,82,408,408.0
203,9,13,8,239,480,87,435,435.0
204,9,10,3,537,460,196,977,977.0
205,9,28,3,105,441,39,191,191.0
206,9,20,5,560,299,204,1019,1019.0
207,9,11,7,560,341,204,1019,1019.0
208,9,3,2,232,274,85,422,422.0
209,10,22,1,358,207,131,651,651.0
210,10,30,3,187,359,68,340,340.0
211,10,28,8,142,316,52,259,259.0
212,10,19,5,403,377,147,733,733.0
213,10,18,9,276,502,101,502,502.0
214,10,12,4,552,309,201,1004,1004.0
215,10,4,6,262,681,96,477,477.0
216,10,13,6,179,248,66,326,326.0
217,10,17,3,358,296,131,651,651.0
218,10,15,8,537,678,196,977,977.0
219,10,5,9,112,645,41,204,204.0
220,10,9,3,627,459,228,1140,1140.0
221,10,8,2,649,675,236,1180,1180.0
222,10,26,5,440,247,160,800,800.0
223,10,16,2,455,385,166,828,828.0
224,10,1,7,448,424,163,815,815.0
225,10,27,1,537,705,196,977,977.0
226,10,14,9,373,712,136,679,679.0
227,11,28,6,426,173,155,775,775.0
228,11,24,4,739,368,269,1344,1344.0
229,11,29,7,597,429,218,1086,1086.0
230,11,25,6,224,459,82,408,408.0
231,11,21,8,75,476,28,137,137.0
232,11,18,2,508,539,185,924,924.0
233,11,14,1,739,195,269,1344,1344.0
234,11,8,7,75,349,28,137,137.0
235,11,22,2,351,492,128,639,639.0
236,11,3,9,619,172,226,1126,1126.0
237,11,10,8,388,668,142,706,706.0
238,11,4,2,157,607,58,286,286.0
239,11,9,6,105,666,39,191,191.0
240,11,13,5,716,368,261,1302,1302.0
241,11,20,5,403,194,147,733,733.0
242,11,12,7,537,576,196,977,977.0
243,11,5,6,523,626,191,951,951.0
244,11,15,7,358,538,131,651,651.0
245,11,23,4,262,518,96,477,477.0
246,11,7,9,470,421,171,855,855.0
247,11,17,5,642,695,234,1168,1168.0
248,11,26,6,224,325,82,408,408.0
249,11,1,3,455,459,166,828,828.0
250,11,6,2,120,583,44,219,219.0
251,11,2,9,165,616,60,300,300.0
252,11,16,9,373,218,136,679,679.0
253,11,30,6,381,443,139,693,693.0
254,12,8,5,426,531,155,775,775.0
255,12,15,2,194,185,71,353,353.0
256,12,28,5,530,622,193,964,964.0
257,12,29,2,358,323,131,651,651.0
258,12,21,2,657,678,239,1195,1195.0
259,12,17,7,179,485,66,326,326.0
260,12,23,5,276,620,101,502,502.0
261,12,3,4,135,593,50,246,246.0
262,12,9,3,254,155,93,462,462.0
263,12,4,9,403,666,147,733,733.0
264,12,2,2,433,626,158,788,788.0
265,12,26,5,165,612,60,300,300.0
266,12,18,8,537,612,196,977,977.0
267,12,1,9,448,247,163,815,815.0
268,12,16,7,291,188,106,530,530.0
269,12,14,7,411,290,150,748,748.0
270,12,24,2,194,225,71,353,353.0
271,12,5,7,224,712,82,408,408.0
272,12,7,5,165,545,60,300,300.0
273,12,27,2,314,418,115,571,571.0
274,12,30,6,679,237,247,1235,1235.0
275,12,6,2,358,273,131,651,651.0
276,12,11,7,209,400,76,380,380.0
277,12,25,5,194,635,71,353,353.0
278,12,22,2,351,565,128,639,639.0
279,12,10,2,433,354,158,788,788.0
280,12,19,8,105,310,39,191,191.0
281,12,20,2,381,649,139,693,693.0
282,12,13,2,590,257,215,1073,1073.0
283,13,12,1,284,398,104,517,517.0
284,13,24,1,209,567,76,380,380.0
285,13,16,8,448,478,163,815,815.0
286,13,18,6,500,463,182,910,910.0
287,13,14,8,485,496,177,882,882.0
288,13,23,3,702,211,256,1277,1277.0
289,13,6,2,142,185,52,259,259.0
290,13,22,6,179,424,66,326,326.0
291,13,28,6,694,450,253,1262,1262.0
292,13,20,5,90,625,33,164,164.0
293,13,4,9,75,440,28,137,137.0
294,13,8,8,500,578,182,910,910.0
295,13,10,7,567,293,207,1031,1031.0
296,13,2,7,433,485,158,788,788.0
297,13,27,1,269,410,98,490,490.0
298,13,15,6,388,146,142,706,706.0
299,13,11,7,575,221,210,1046,1046.0
300,13,1,2,493,495,180,897,897.0
301,13,3,7,463,552,169,842,842.0
302,13,25,8,135,217,50,246,246.0
303,13,29,6,262,356,96,477,477.0
304,13,9,2,440,211,160,800,800.0
305,13,26,7,478,699,174,870,870.0
306,13,7,2,724,391,264,1317,1317.0
307,13,19,7,702,348,256,1277,1277.0
308,13,5,5,575,374,210,1046,1046.0
309,13,30,7,411,456,150,748,748.0
310,13,17,4,657,182,239,1195,1195.0
311,14,29,7,336,675,123,611,611.0
312,14,30,7,485,273,177,882,882.0
313,14,11,2,291,626,106,530,530.0
314,14,6,8,284,452,104,517,517.0
315,14,9,8,284,234,104,517,517.0
316,14,16,3,150,457,55,273,273.0
317,14,3,5,284,512,104,517,517.0
318,14,19,7,105,160,39,191,191.0
319,14,25,3,284,290,104,517,517.0
320,14,22,6,716,488,261,1302,1302.0
321,14,20,5,440,512,160,800,800.0
322,14,15,7,299,300,109,544,544.0
323,14,8,6,642,535,234,1168,1168.0
324,14,26,5,724,355,264,1317,1317.0
325,14,2,2,426,254,155,775,775.0
326,14,27,8,485,617,177,882,882.0
327,14,7,9,664,426,242,1208,1208.0
328,14,28,9,329,545,120,599,599.0
329,14,17,2,537,182,196,977,977.0
330,14,5,5,366,490,134,666,666.0
331,14,18,5,202,270,74,368,368.0
332,14,10,9,448,335,163,815,815.0
333,14,4,6,75,258,28,137,137.0
334,14,1,7,642,186,234,1168,1168.0
335,14,23,3,187,488,68,340,340.0
336,14,21,2,75,594,28,137,137.0
337,14,24,9,426,264,155,775,775.0
338,15,25,4,269,283,98,490,490.0
339,15,27,9,217,303,79,395,395.0
340,15,13,1,672,405,245,1222,1222.0
341,15,11,1,716,629,261,1302,1302.0
342,15,26,8,634,377,231,1153,1153.0
343,15,3,9,90,505,33,164,164.0
344,15,24,2,388,267,142,706,706.0
345,15,29,9,112,561,41,204,204.0
346,15,19,1,694,447,253,1262,1262.0
347,15,12,9,634,411,231,1153,1153.0
348,15,18,6,299,398,109,544,544.0
349,15,8,6,209,212,76,380,380.0
350,15,14,4,329,460,120,599,599.0
351,15,21,5,142,333,52,259,259.0
352,15,7,7,433,332,158,788,788.0
353,15,2,1,560,196,204,1019,1019.0
354,15,16,4,247,329,90,450,450.0
355,15,4,3,254,708,93,462,462.0
356,15,22,5,314,457,115,571,571.0
357,15,17,5,142,714,52,259,259.0
358,15,20,6,672,476,245,1222,1222.0
359,15,9,2,232,653,85,422,422.0
360,15,28,2,388,571,142,706,706.0
361,15,6,7,396,669,144,720,720.0
362,15,23,4,709,443,258,1290,1290.0
363,15,5,7,537,441,196,977,977.0
364,15,1,5,351,574,128,639,639.0
365,16,24,8,687,548,250,1250,1250.0
366,16,25,5,605,248,220,1100,1100.0
367,16,27,7,411,273,150,748,748.0
368,16,23,5,418,580,152,760,760.0
369,16,1,1,590,686,215,1073,1073.0
370,16,30,6,344,479,126,626,626.0
371,16,2,6,455,472,166,828,828.0
372,16,28,8,105,201,39,191,191.0
373,16,9,9,634,591,231,1153,1153.0
374,16,21,7,463,224,169,842,842.0
375,16,3,9,358,326,131,651,651.0
376,16,14,1,545,338,199,991,991.0
377,16,10,6,515,162,188,937,937.0
378,16,7,6,239,168,87,435,435.0
379,16,18,9,687,457,250,1250,1250.0
380,16,12,2,344,541,126,626,626.0
381,16,8,7,172,361,63,313,313.0
382,16,22,9,433,384,158,788,788.0
383,16,29,5,344,614,126,626,626.0
384,16,20,7,709,609,258,1290,1290.0
385,16,6,8,366,312,134,666,666.0
386,17,19,3,314,636,115,571,571.0
387,17,30,5,455,614,166,828,828.0
388,17,13,8,381,155,139,693,693.0
389,17,11,9,351,228,128,639,639.0
390,17,22,5,97,486,36,177,177.0
391,17,1,2,448,410,163,815,815.0
392,17,23,2,224,476,82,408,408.0
393,17,4,9,75,372,28,137,137.0
394,17,27,4,627,443,228,1140,1140.0
395,17,9,8,545,522,199,991,991.0
396,17,5,1,276,646,101,502,502.0
397,17,26,6,440,508,160,800,800.0
398,17,10,8,470,503,171,855,855.0
399,17,29,6,418,568,152,760,760.0
400,17,20,6,291,331,106,530,530.0
401,17,14,3,418,199,152,760,760.0
402,17,7,9,217,341,79,395,395.0
403,17,25,2,664,152,242,1208,1208.0
404,17,16,2,597,392,218,1086,1086.0
405,17,21,6,426,544,155,775,775.0
406,17,15,4,508,188,185,924,924.0
407,18,24,9,351,604,128,639,639.0
408,18,21,3,329,248,120,599,599.0
409,18,11,2,291,194,106,530,530.0
410,18,12,6,530,184,193,964,964.0
411,18,22,4,411,616,150,748,748.0
412,18,30,8,545,401,199,991,991.0
413,18,17,2,291,479,106,530,530.0
414,18,16,1,426,251,155,775,775.0
415,18,1,1,552,191,201,1004,1004.0
416,18,9,8,716,688,261,1302,1302.0
417,18,14,5,120,528,44,219,219.0
418,18,5,4,702,299,256,1277,1277.0
419,18,7,6,306,149,112,557,557.0
420,18,8,6,463,658,169,842,842.0
421,18,29,2,530,514,193,964,964.0
422,18,28,2,373,260,136,679,679.0
423,18,15,3,590,329,215,1073,1073.0
424,18,10,6,523,235,191,951,951.0
425,18,13,4,463,622,169,842,842.0
426,18,25,7,157,472,58,286,286.0
427,18,23,8,202,333,74,368,368.0
428,18,20,6,321,375,117,584,584.0
429,18,2,1,90,258,33,164,164.0
430,18,27,1,463,646,169,842,842.0
431,18,3,5,478,411,174,870,870.0
432,19,18,3,202,165,74,368,368.0
433,19,29,2,247,609,90,450,450.0
434,19,23,4,284,395,104,517,517.0
435,19,4,7,336,479,123,611,611.0
436,19,5,6,239,436,87,435,435.0
437,19,21,6,269,485,98,490,490.0
438,19,9,6,657,365,239,1195,1195.0
439,19,25,8,440,532,160,800,800.0
440,19,11,3,269,215,98,490,490.0
441,19,24,4,448,369,163,815,815.0
442,19,17,3,440,622,160,800,800.0
443,19,20,4,455,276,166,828,828.0
444,19,7,3,672,718,245,1222,1222.0
445,19,8,9,179,434,66,326,326.0
446,19,27,8,649,509,236,1180,1180.0
447,20,30,4,97,509,36,177,177.0
448,20,22,8,373,260,136,679,679.0
449,20,2,4,582,276,212,1059,1059.0
450,20,16,4,224,369,82,408,408.0
451,20,13,7,433,202,158,788,788.0
452,20,15,1,597,552,218,1086,1086.0
453,20,29,1,209,718,76,380,380.0
454,20,10,6,232,385,85,422,422.0
455,20,21,6,657,508,239,1195,1195.0
456,20,14,4,634,674,231,1153,1153.0
457,20,17,1,649,675,236,1180,1180.0
458,20,24,1,276,614,101,502,502.0
459,20,11,6,672,240,245,1222,1222.0
460,20,8,1,515,257,188,937,937.0
461,20,12,7,396,563,144,720,720.0
462,20,1,1,321,430,117,584,584.0
463,20,28,8,217,509,79,395,395.0
464,20,25,8,679,475,247,1235,1235.0
465,20,19,1,314,362,115,571,571.0
466,20,5,9,426,184,155,775,775.0
467,20,23,2,291,254,106,530,530.0
468,20,9,2,194,646,71,353,353.0
469,20,26,4,299,328,109,544,544.0
470,20,6,2,687,221,250,1250,1250.0
471,20,18,3,381,702,139,693,693.0
472,20,3,2,739,447,269,1344,1344.0
473,21,6,7,545,632,199,991,991.0
474,21,24,7,411,359,150,748,748.0
475,21,25,9,575,519,210,1046,1046.0
476,21,1,7,515,666,188,937,937.0
477,21,3,2,493,583,180,897,897.0
478,21,5,1,329,705,120,599,599.0
479,21,7,5,179,388,66,326,326.0
480,21,28,1,575,320,210,1046,1046.0
481,21,20,1,515,561,188,937,937.0
482,21,4,1,694,702,253,1262,1262.0
483,21,27,7,478,563,174,870,870.0
484,21,18,1,657,414,239,1195,1195.0
485,21,8,2,403,431,147,733,733.0
486,21,19,2,515,430,188,937,937.0
487,21,2,5,463,283,169,842,842.0
488,21,12,3,508,196,185,924,924.0
489,21,16,8,612,198,223,1113,1113.0
490,21,11,1,403,535,147,733,733.0
491,21,10,6,344,466,126,626,626.0
492,21,17,3,716,315,261,1302,1302.0
493,21,15,7,679,483,247,1235,1235.0
494,21,9,7,254,580,93,462,462.0
495,21,13,3,500,172,182,910,910.0
496,21,22,6,209,338,76,380,380.0
497,22,2,9,403,613,147,733,733.0
498,22,3,4,269,336,98,490,490.0
499,22,24,3,239,290,87,435,435.0
500,22,21,3,269,674,98,490,490.0
501,22,6,7,194,555,71,353,353.0
502,22,5,2,619,247,226,1126,1126.0
503,22,10,5,269,247,98,490,490.0
504,22,11,4,433,225,158,788,788.0
505,22,13,5,239,505,87,435,435.0
506,22,29,6,702,287,256,1277,1277.0
507,22,1,3,90,475,33,164,164.0
508,22,18,3,478,408,174,870,870.0
509,22,7,7,679,672,247,1235,1235.0
510,22,27,2,358,555,131,651,651.0
511,22,28,7,269,313,98,490,490.0
512,22,26,4,478,630,174,870,870.0
513,22,23,5,142,323,52,259,259.0
514,22,4,8,187,339,68,340,340.0
515,22,9,7,306,258,112,557,557.0
516,23,30,8,224,384,82,408,408.0
517,23,5,1,664,418,242,1208,1208.0
518,23,9,5,657,173,239,1195,1195.0
519,23,19,6,440,707,160,800,800.0
520,23,15,7,321,147,117,584,584.0
521,23,6,9,649,534,236,1180,1180.0
522,23,2,2,500,629,182,910,910.0
523,23,27,2,142,470,52,259,259.0
524,23,24,3,157,194,58,286,286.0
525,23,25,9,702,228,256,1277,1277.0
526,23,8,4,284,643,104,517,517.0
527,23,20,9,560,296,204,1019,1019.0
528,23,18,8,657,328,239,1195,1195.0
529,23,10,1,314,388,115,571,571.0
530,23,28,1,478,707,174,870,870.0
531,23,11,6,314,524,115,571,571.0
532,23,12,9,403,335,147,733,733.0
533,23,14,6,381,322,139,693,693.0
534,23,16,7,530,626,193,964,964.0
535,23,21,3,105,715,39,191,191.0
536,24,9,8,523,489,191,951,951.0
537,24,13,5,329,593,120,599,599.0
538,24,6,9,560,492,204,1019,1019.0
539,24,11,7,575,668,210,1046,1046.0
540,24,21,2,575,178,210,1046,1046.0
541,24,1,7,172,439,63,313,313.0
542,24,10,2,90,663,33,164,164.0
543,24,12,2,411,235,150,748,748.0
544,24,8,8,605,387,220,1100,1100.0
545,24,29,5,232,637,85,422,422.0
546,24,20,5,239,173,87,435,435.0
547,24,14,8,135,552,50,246,246.0
548,24,16,7,254,516,93,462,462.0
549,24,15,7,284,437,104,517,517.0
550,24,5,1,187,460,68,340,340.0
551,24,18,8,351,499,128,639,639.0
552,24,27,4,649,568,236,1180,1180.0
553,24,17,2,679,493,247,1235,1235.0
554,24,26,4,239,712,87,435,435.0
555,25,23,2,262,672,96,477,477.0
556,25,20,6,433,604,158,788,788.0
557,25,2,8,440,345,160,800,800.0
558,25,28,8,344,671,126,626,626.0
559,25,6,8,739,534,269,1344,1344.0
560,25,8,3,418,640,152,760,760.0
561,25,29,7,105,699,39,191,191.0
562,25,3,1,478,166,174,870,870.0
563,25,22,2,232,429,85,422,422.0
564,25,26,1,314,158,115,571,571.0
565,25,24,6,388,470,142,706,706.0
566,25,18,6,545,205,199,991,991.0
567,25,1,6,381,531,139,693,693.0
568,25,5,3,702,371,256,1277,1277.0
569,25,14,4,515,351,188,937,937.0
570,25,11,7,396,544,144,720,720.0
571,25,19,9,470,358,171,855,855.0
572,25,7,9,433,233,158,788,788.0
573,25,27,6,649,260,236,1180,1180.0
574,25,9,9,284,449,104,517,517.0
575,25,30,6,194,296,71,353,353.0
576,25,4,5,314,508,115,571,571.0
577,25,13,8,239,447,87,435,435.0
578,25,21,4,202,233,74,368,368.0
579,25,17,8,664,171,242,1208,1208.0
580,25,10,4,157,689,58,286,286.0
581,26,11,3,329,150,120,599,599.0
582,26,27,4,597,707,218,1086,1086.0
583,26,6,2,575,509,210,1046,1046.0
584,26,23,1,709,430,258,1290,1290.0
585,26,22,5,373,521,136,679,679.0
586,26,9,8,515,263,188,937,937.0
587,26,2,7,209,303,76,380,380.0
588,26,29,3,381,263,139,693,693.0
589,26,15,4,314,238,115,571,571.0
590,26,17,8,224,558,82,408,408.0
591,26,10,3,545,577,199,991,991.0
592,26,21,2,687,597,250,1250,1250.0
593,26,13,9,239,699,87,435,435.0
594,26,24,1,150,527,55,273,273.0
595,26,5,7,724,228,264,1317,1317.0
596,26,12,7,470,720,171,855,855.0
597,26,28,9,373,323,136,679,679.0
598,26,8,4,179,147,66,326,326.0
599,26,16,8,731,577,266,1330,1330.0
600,26,14,2,552,593,201,1004,1004.0
601,26,18,1,381,506,139,693,693.0
602,26,20,8,254,604,93,462,462.0
603,26,3,9,172,411,63,313,313.0
604,26,1,1,276,515,101,502,502.0
605,27,16,2,239,636,87,435,435.0
606,27,23,4,411,424,150,748,748.0
607,27,21,4,455,704,166,828,828.0
608,27,18,5,403,661,147,733,733.0
609,27,19,2,702,527,256,1277,1277.0
610,27,25,3,306,506,112,557,557.0
611,27,28,1,97,630,36,177,177.0
612,27,10,6,537,672,196,977,977.0
613,27,29,6,90,463,33,164,164.0
614,27,5,1,329,162,120,599,599.0
615,27,3,5,731,652,266,1330,1330.0
616,27,4,8,642,440,234,1168,1168.0
617,27,11,6,97,176,36,177,177.0
618,27,26,6,299,414,109,544,544.0
619,27,20,2,418,417,152,760,760.0
620,27,9,3,165,325,60,300,300.0
621,27,14,7,411,567,150,748,748.0
622,27,7,9,724,648,264,1317,1317.0
623,27,17,9,366,452,134,666,666.0
624,27,15,8,336,576,123,611,611.0
625,28,14,4,165,315,60,300,300.0
626,28,23,9,731,695,266,1330,1330.0
627,28,30,3,687,516,250,1250,1250.0
628,28,13,8,470,385,171,855,855.0
629,28,27,4,664,333,242,1208,1208.0
630,28,6,1,179,195,66,326,326.0
631,28,24,1,575,454,210,1046,1046.0
632,28,16,5,254,539,93,462,462.0
633,28,4,3,433,411,158,788,788.0
634,28,7,6,485,322,177,882,882.0
635,28,9,8,426,228,155,775,775.0
636,28,2,6,508,688,185,924,924.0
637,28,10,6,396,563,144,720,720.0
638,28,18,7,344,319,126,626,626.0
639,28,5,8,202,392,74,368,368.0
640,28,1,1,716,387,261,1302,1302.0
641,28,22,5,366,717,134,666,666.0
642,28,8,4,194,665,71,353,353.0
643,28,21,2,388,486,142,706,706.0
644,28,20,7,426,560,155,775,775.0
645,28,17,1,90,152,33,164,164.0
646,28,3,3,582,534,212,1059,1059.0
647,28,11,3,209,323,76,380,380.0
648,28,12,6,597,307,218,1086,1086.0
649,28,19,5,83,356,31,151,151.0
650,29,30,4,455,251,166,828,828.0
651,29,18,5,575,465,210,1046,1046.0
652,29,26,5,493,152,180,897,897.0
653,29,12,8,329,394,120,599,599.0
654,29,23,3,403,349,147,733,733.0
655,29,11,1,523,204,191,951,951.0
656,29,1,9,254,172,93,462,462.0
657,29,28,2,262,292,96,477,477.0
658,29,22,3,619,175,226,1126,1126.0
659,29,27,3,478,472,174,870,870.0
660,29,21,4,336,444,123,611,611.0
661,29,20,2,165,405,60,300,300.0
662,29,9,1,276,486,101,502,502.0
663,29,6,6,455,329,166,828,828.0
664,29,4,1,530,646,193,964,964.0
665,29,5,6,530,441,193,964,964.0
666,29,15,8,217,488,79,395,395.0
667,30,11,6,75,512,28,137,137.0
668,30,12,6,344,224,126,626,626.0
669,30,5,4,135,672,50,246,246.0
670,30,14,8,463,479,169,842,842.0
671,30,8,3,418,274,152,760,760.0
672,30,7,9,545,581,199,991,991.0
673,30,9,6,411,649,150,748,748.0
674,30,21,1,366,176,134,666,666.0
675,30,28,3,463,365,169,842,842.0
676,30,17,5,642,473,234,1168,1168.0
677,30,26,9,672,339,245,1222,1222.0
678,30,16,3,83,294,31,151,151.0
679,30,10,7,276,365,101,502,502.0
680,30,15,7,500,147,182,910,910.0
681,30,29,5,306,649,112,557,557.0
682,30,27,2,329,714,120,599,599.0
683,30,6,4,105,503,39,191,191.0
684,30,19,1,366,712,134,666,666.0
COMMODITIES,400
0,22,23,48,100,171,499,855.0
1,9,15,28,95,234,474,1173.0
2,25,19,70,98,257,490,1289.0
3,1,16,51,83,224,411,1123.0
4,15,7,25,106,248,527,1241.0
5,26,3,52,118,205,589,1028.0
6,6,3,74,97,191,481,956.0
7,22,10,18,102,220,506,1101.0
8,14,10,49,99,260,494,1302.0
9,29,20,35,92,169,460,847.0
10,1,4,63,111,189,555,946.0
11,6,21,34,82,184,407,920.0
12,15,22,20,92,210,457,1050.0
13,15,8,54,104,206,520,1033.0
14,15,12,38,120,235,600,1179.0
15,27,9,54,103,195,511,975.0
16,28,9,22,122,258,607,1292.0
17,28,14,74,108,199,537,995.0
18,12,15,22,125,218,622,1094.0
19,9,14,26,96,221,479,1109.0
20,20,13,24,111,247,552,1235.0
21,18,1,61,83,175,413,878.0
22,24,21,17,97,203,481,1015.0
23,23,13,46,95,278,471,1391.0
24,3,1,39,130,260,650,1301.0
25,3,28,59,114,178,569,894.0
26,29,17,16,93,250,465,1252.0
27,22,21,62,103,210,515,1054.0
28,12,25,44,120,214,599,1070.0
29,20,8,25,110,227,549,1135.0
30,15,5,70,118,244,589,1220.0
31,5,19,52,120,211,596,1056.0
32,1,28,15,131,257,655,1287.0
33,29,4,16,100,274,497,1370.0
34,24,18,44,113,267,562,1337.0
35,30,27,47,89,212,445,1061.0
36,15,17,43,108,187,536,938.0
37,7,10,59,105,217,523,1085.0
38,3,14,67,120,239,600,1199.0
39,25,17,19,118,284,586,1421.0
40,30,23,27,129,270,643,1350.0
41,16,9,52,95,269,474,1349.0
42,22,18,61,127,316,633,1583.0
43,11,4,62,125,200,625,1003.0
44,20,2,47,119,271,594,1358.0
45,30,29,41,99,234,492,1174.0
46,26,19,20,123,269,614,1346.0
47,7,13,59,88,253,440,1265.0
48,27,6,48,90,192,449,962.0
49,27,3,30,92,252,457,1261.0
50,10,7,47,109,224,541,1123.0
51,23,17,64,94,241,469,1206.0
52,24,7,15,124,280,619,1401.0
53,10,15,48,107,248,531,1242.0
54,20,21,20,86,201,430,1005.0
55,22,5,19,83,247,414,1236.0
56,8,19,42,86,197,427,985.0
57,15,28,30,94,197,467,988.0
58,5,1,33,89,239,442,1198.0
59,19,21,53,119,234,592,1173.0
60,17,19,68,84,218,420,1094.0
61,20,1,22,96,238,479,1191.0
62,15,29,22,112,178,560,894.0
63,2,9,45,113,231,562,1158.0
64,29,15,44,122,225,608,1126.0
65,26,23,47,116,306,577,1531.0
66,7,22,63,80,237,400,1185.0
67,25,11,29,73,198,364,992.0
68,2,13,59,85,218,421,1094.0
69,21,26,17,83,259,413,1297.0
70,2,18,72,94,243,467,1215.0
71,18,8,45,64,228,317,1141.0
72,18,9,18,105,259,522,1295.0
73,14,20,61,93,236,462,1180.0
74,12,4,51,108,226,540,1132.0
75,1,8,41,65,191,325,957.0
76,27,14,22,68,187,340,935.0
77,16,12,74,87,225,435,1126.0
78,9,7,41,99,235,493,1178.0
79,12,30,40,96,234,476,1173.0
80,7,15,63,132,294,656,1472.0
81,8,4,39,116,205,576,1028.0
82,12,14,71,143,273,712,1367.0
83,29,21,29,102,237,506,1185.0
84,19,27,72,118,285,587,1425.0
85,17,28,15,78,211,388,1056.0
86,13,19,25,108,252,538,1263.0
87,21,8,45,88,251,437,1257.0
88,7,4,27,106,259,528,1295.0
89,3,10,52,109,213,542,1065.0
90,29,14,46,115,295,571,1478.0
91,12,17,45,121,209,604,1045.0
92,21,5,69,91,234,451,1173.0
93,29,13,72,106,279,530,1397.0
94,17,24,21,102,246,508,1234.0
95,20,29,63,132,234,660,1172.0
96,16,26,40,80,248,400,1244.0
97,14,12,15,114,264,570,1320.0
98,16,19,24,92,189,458,946.0
99,2,5,19,81,224,405,1123.0
100,6,11,46,108,222,538,1114.0
101,10,19,27,110,221,547,1105.0
102,16,30,39,101,247,503,1237.0
103,15,21,49,118,195,589,977.0
104,5,17,62,87,227,431,1136.0
105,18,25,20,140,222,697,1111.0
106,22,6,63,81,182,405,914.0
107,5,22,53,90,202,447,1011.0
108,3,9,48,112,235,556,1179.0
109,24,25,16,68,242,336,1212.0
110,14,6,48,141,254,702,1273.0
111,23,28,70,115,228,574,1144.0
112,26,15,50,105,228,523,1140.0
113,14,27,41,111,250,552,1250.0
114,8,3,35,97,222,482,1113.0
115,16,4,41,96,218,477,1094.0
116,12,6,66,103,198,515,991.0
117,3,6,27,114,164,570,822.0
118,21,29,51,104,248,516,1242.0
119,6,20,44,133,269,661,1347.0
120,25,28,20,97,230,481,1152.0
121,1,13,18,114,269,566,1346.0
122,9,20,48,113,262,562,1310.0
123,11,5,69,114,271,569,1358.0
124,26,10,39,85,193,423,965.0
125,2,15,46,112,185,556,926.0
126,27,22,25,136,257,676,1289.0
127,6,4,65,100,151,500,759.0
128,8,27,18,125,272,624,1360.0
129,16,27,34,73,246,365,1233.0
130,22,24,20,119,232,592,1162.0
131,8,22,32,111,220,552,1100.0
132,7,5,45,105,255,521,1277.0
133,11,26,65,105,213,523,1067.0
134,7,12,56,89,186,441,930.0
135,6,1,29,119,218,595,1090.0
136,17,2,49,97,240,485,1200.0
137,22,11,66,100,249,500,1248.0
138,12,5,45,105,213,523,1065.0
139,14,28,57,106,228,529,1143.0
140,21,18,48,85,320,422,1604.0
141,28,15,60,123,274,613,1373.0
142,15,24,33,90,228,446,1141.0
143,7,17,57,134,264,668,1323.0
144,14,19,34,98,165,486,828.0
145,8,16,74,91,177,453,887.0
146,21,14,65,121,290,603,1454.0
147,27,2,57,82,204,410,1021.0
148,7,16,32,60,227,300,1137.0
149,20,6,50,67,165,335,826.0
150,4,1,28,109,265,542,1327.0
151,3,25,29,115,224,571,1123.0
152,22,2,38,68,184,336,922.0
153,7,29,25,104,182,518,911.0
154,15,20,59,107,226,533,1134.0
155,4,9,25,90,173,446,867.0
156,20,28,57,83,195,413,976.0
157,6,29,29,74,187,368,939.0
158,15,23,27,99,257,492,1287.0
159,28,18,18,94,219,468,1098.0
160,23,22,37,102,237,507,1188.0
161,7,30,40,107,265,534,1328.0
162,26,25,40,109,252,545,1260.0
163,29,27,70,110,269,547,1349.0
164,14,3,52,96,182,476,914.0
165,17,9,52,102,206,509,1034.0
166,15,2,23,113,281,565,1409.0
167,29,30,45,108,228,537,1144.0
168,4,24,55,98,214,487,1070.0
169,25,3,73,85,263,423,1315.0
170,27,5,48,74,206,370,1030.0
171,11,8,69,101,153,505,769.0
172,14,11,42,118,228,587,1144.0
173,20,26,19,117,251,581,1255.0
174,30,4,32,108,196,538,984.0
175,13,5,22,118,248,588,1241.0
176,17,6,71,115,231,575,1158.0
177,2,19,74,114,190,568,954.0
178,1,11,55,108,239,537,1195.0
179,16,5,74,96,230,477,1150.0
180,1,30,47,106,218,528,1093.0
181,21,3,53,98,292,490,1462.0
182,11,30,36,81,195,403,977.0
183,7,20,66,96,228,480,1143.0
184,3,8,65,94,209,468,1048.0
185,8,21,67,107,231,533,1155.0
186,9,26,52,92,226,460,1134.0
187,18,5,60,112,278,558,1392.0
188,16,21,25,101,253,503,1266.0
189,19,7,66,86,252,429,1261.0
190,29,23,56,96,276,478,1380.0
191,5,8,57,95,247,474,1238.0
192,27,18,54,67,230,331,1152.0
193,26,30,31,91,239,455,1196.0
194,14,29,23,99,213,493,1069.0
195,25,2,49,90,274,448,1373.0
196,19,13,61,98,238,487,1190.0
197,10,23,53,97,259,481,1295.0
198,9,17,44,137,229,683,1148.0
199,6,2,45,93,217,463,1089.0
200,27,19,25,80,173,398,865.0
201,28,20,54,76,219,376,1095.0
202,11,7,17,77,195,381,976.0
203,10,6,36,112,246,557,1233.0
204,11,28,62,98,197,487,988.0
205,6,17,22,95,212,473,1060.0
206,8,11,55,82,184,409,924.0
207,27,12,70,100,233,496,1167.0
208,13,4,60,93,152,465,760.0
209,22,8,62,113,270,564,1352.0
210,1,3,47,57,174,281,873.0
211,6,22,17,115,181,574,905.0
212,11,16,23,68,176,340,882.0
213,30,28,60,130,225,650,1127.0
214,7,9,16,108,231,538,1158.0
215,15,30,28,101,234,502,1173.0
216,14,15,19,128,246,638,1232.0
217,6,27,73,99,243,493,1215.0
218,15,3,17,88,144,438,720.0
219,9,2,15,93,249,465,1245.0
220,14,24,19,119,263,594,1315.0
221,6,5,50,79,199,392,997.0
222,3,21,53,116,222,578,1112.0
223,23,10,16,123,242,614,1213.0
224,17,3,72,113,198,564,992.0
225,12,26,66,104,187,519,939.0
226,12,11,68,98,198,486,991.0
227,15,16,32,93,206,462,1034.0
228,6,14,44,88,220,438,1100.0
229,27,25,37,85,219,423,1098.0
230,10,9,65,120,278,596,1391.0
231,2,24,18,130,289,648,1447.0
232,23,3,62,71,248,352,1241.0
233,2,28,49,101,195,504,979.0
234,26,24,63,98,171,487,859.0
235,29,1,31,90,211,449,1059.0
236,18,12,59,86,281,428,1405.0
237,5,21,56,88,170,437,850.0
238,28,7,38,120,256,599,1280.0
239,6,12,34,125,181,624,905.0
240,5,13,59,110,166,550,831.0
241,5,11,43,99,231,491,1158.0
242,27,23,42,123,275,613,1376.0
243,17,4,37,93,145,462,728.0
244,20,27,29,65,198,322,990.0
245,4,11,23,121,200,602,1003.0
246,11,13,43,114,264,566,1323.0
247,13,26,47,113,219,562,1096.0
248,24,28,20,98,202,486,1014.0
249,9,3,49,107,213,532,1067.0
250,8,15,18,91,229,451,1149.0
251,20,5,71,110,219,546,1098.0
252,5,14,60,124,168,620,844.0
253,5,10,52,83,131,415,657.0
254,22,25,37,89,241,445,1205.0
255,7,27,50,122,267,607,1335.0
256,27,11,72,107,159,535,799.0
257,9,6,57,109,234,545,1170.0
258,7,3,17,104,247,519,1238.0
259,17,10,29,119,269,593,1348.0
260,14,1,38,101,262,501,1314.0
261,15,6,20,69,159,344,797.0
262,18,26,63,93,230,462,1154.0
263,4,13,36,90,188,446,942.0
264,23,6,67,85,240,423,1201.0
265,10,21,39,78,199,389,998.0
266,8,5,71,94,233,466,1169.0
267,21,13,64,138,315,686,1576.0
268,7,1,62,104,248,520,1240.0
269,19,12,30,94,241,469,1209.0
270,1,21,57,127,203,633,1017.0
271,16,11,54,120,252,600,1261.0
272,25,30,38,89,181,445,905.0
273,7,23,24,110,204,547,1022.0
274,20,30,62,95,160,472,804.0
275,9,13,71,110,226,548,1131.0
276,13,23,53,81,222,404,1110.0
277,10,3,56,110,272,549,1362.0
278,23,19,34,84,234,416,1173.0
279,9,10,50,137,295,682,1479.0
280,13,3,19,105,185,521,929.0
281,25,23,46,105,219,522,1096.0
282,11,22,68,102,212,506,1062.0
283,17,14,30,84,235,417,1177.0
284,3,30,31,129,234,644,1170.0
285,13,9,67,100,199,498,997.0
286,12,2,31,107,262,531,1313.0
287,22,29,44,101,235,501,1175.0
288,22,30,19,111,238,555,1190.0
289,12,21,38,60,188,298,940.0
290,15,25,46,103,224,515,1123.0
291,16,17,15,97,194,483,973.0
292,2,6,49,77,204,381,1021.0
293,29,28,42,80,202,396,1010.0
294,28,24,50,99,281,495,1409.0
295,11,19,52,128,259,636,1296.0
296,5,3,44,143,258,712,1292.0
297,2,26,21,116,224,580,1123.0
298,30,9,58,101,192,502,963.0
299,5,20,17,75,144,372,721.0
300,26,21,35,141,295,701,1479.0
301,13,12,29,101,204,501,1020.0
302,9,5,55,105,240,525,1202.0
303,24,14,25,116,192,578,961.0
304,22,9,29,73,195,361,975.0
305,16,22,71,89,220,441,1100.0
306,2,7,56,102,223,508,1115.0
307,11,1,23,109,212,544,1062.0
308,14,9,28,131,235,651,1175.0
309,26,12,36,99,245,493,1225.0
310,29,6,32,117,282,584,1414.0
311,10,25,29,95,240,473,1204.0
312,4,14,47,131,255,655,1276.0
313,5,15,60,102,193,506,969.0
314,4,6,48,92,181,457,909.0
315,13,25,47,97,172,481,861.0
316,5,26,37,99,238,492,1190.0
317,18,15,22,100,212,497,1062.0
318,22,3,28,94,221,468,1106.0
319,26,17,24,108,217,538,1086.0
320,28,10,56,93,222,462,1110.0
321,10,22,64,102,245,509,1225.0
322,6,23,37,94,220,468,1100.0
323,14,13,72,101,232,503,1162.0
324,15,13,39,80,180,398,904.0
325,26,18,17,93,259,464,1299.0
326,21,20,37,82,274,407,1373.0
327,30,5,69,126,199,626,995.0
328,21,30,30,89,286,444,1433.0
329,28,5,68,87,187,435,936.0
330,26,16,65,107,249,535,1247.0
331,10,30,25,123,225,614,1128.0
332,8,23,66,109,268,545,1343.0
333,4,18,49,107,299,534,1499.0
334,20,16,56,95,191,475,959.0
335,16,2,17,118,294,587,1471.0
336,13,16,36,105,213,522,1066.0
337,27,20,24,104,215,517,1075.0
338,23,8,39,132,261,658,1309.0
339,4,19,62,89,232,444,1164.0
340,18,20,26,103,225,511,1128.0
341,25,26,72,107,248,531,1242.0
342,9,27,65,117,183,585,918.0
343,12,8,52,96,227,479,1137.0
344,8,28,52,70,195,346,978.0
345,17,7,36,100,214,496,1072.0
346,24,22,27,97,274,483,1371.0
347,16,25,48,133,344,663,1720.0
348,8,14,63,97,246,483,1234.0
349,28,19,18,124,180,617,901.0
350,22,27,26,90,216,446,1082.0
351,7,18,31,90,282,449,1414.0
352,24,5,73,92,183,457,916.0
353,4,26,16,98,182,487,911.0
354,30,7,68,125,258,624,1290.0
355,3,19,44,93,194,461,974.0
356,23,29,34,99,208,495,1043.0
357,11,18,43,116,316,577,1583.0
358,25,7,32,101,265,501,1328.0
359,16,13,23,105,267,524,1337.0
360,27,1,28,105,251,521,1257.0
361,28,1,42,102,232,509,1160.0
362,20,17,18,87,225,435,1129.0
363,20,4,41,97,233,482,1168.0
364,5,27,20,88,232,439,1160.0
365,16,6,43,93,215,462,1077.0
366,5,28,20,81,185,402,929.0
367,18,28,59,96,231,478,1155.0
368,29,3,26,107,239,534,1199.0
369,14,17,42,112,265,557,1325.0
370,10,17,57,95,200,474,1004.0
371,19,20,39,89,249,441,1248.0
372,18,30,45,107,223,534,1115.0
373,15,19,69,114,246,570,1230.0
374,16,7,27,77,185,381,929.0
375,11,27,55,98,198,490,994.0
376,15,11,60,105,226,521,1131.0
377,7,2,23,109,294,543,1473.0
378,24,11,35,99,256,495,1280.0
379,11,25,18,113,217,561,1085.0
380,27,8,72,69,158,343,791.0
381,17,21,65,101,237,503,1186.0
382,19,1,15,97,234,481,1174.0
383,26,27,41,109,247,542,1236.0
384,9,23,28,97,269,481,1349.0
385,5,24,74,99,237,493,1185.0
386,22,20,47,105,244,521,1222.0
387,11,20,53,120,266,598,1333.0
388,7,21,15,51,179,253,899.0
389,27,29,73,84,140,418,704.0
390,18,27,36,108,207,536,1038.0
391,3,7,24,113,252,562,1260.0
392,29,8,19,72,240,356,1204.0
393,27,16,71,119,233,595,1169.0
394,5,23,43,149,267,744,1335.0
395,13,29,35,95,206,471,1030.0
396,10,16,47,102,223,506,1117.0
397,9,28,31,139,208,693,1043.0
398,2,20,60,119,205,591,1029.0
399,20,10,59,128,240,639,1203.0
horizon=344
