NODES,30
1,1,-,-
2,2,-,-
3,3,-,-
4,4,-,-
5,5,-,-
6,6,-,-
7,7,-,-
8,8,-,-
9,9,-,-
10,10,-,-
11,11,-,-
12,12,-,-
13,13,-,-
14,14,-,-
15,15,-,-
16,16,-,-
17,17,-,-
18,18,-,-
19,19,-,-
20,20,-,-
21,21,-,-
22,22,-,-
23,23,-,-
24,24,-,-
25,25,-,-
26,26,-,-
27,27,-,-
28,28,-,-
29,29,-,-
30,30,-,-
ARCS,685
0,1,18,5,418,214,152,760,760.0
1,1,16,5,485,623,177,882,882.0
2,1,28,1,515,431,188,937,937.0
3,1,12,5,351,555,128,639,639.0
4,1,7,7,358,578,131,651,651.0
5,1,29,4,209,450,76,380,380.0
6,1,30,8,478,299,174,870,870.0
7,1,21,2,150,244,55,273,273.0
8,1,20,3,299,417,109,544,544.0
9,1,5,1,344,160,126,626,626.0
10,1,24,1,299,539,109,544,544.0
11,1,9,9,179,297,66,326,326.0
12,1,4,6,157,163,58,286,286.0
13,1,6,7,552,532,201,1004,1004.0
14,1,23,2,440,584,160,800,800.0
15,1,2,7,150,701,55,273,273.0
16,1,8,7,344,720,126,626,626.0
17,1,27,1,440,691,160,800,800.0
18,1,26,2,105,318,39,191,191.0
19,2,19,4,120,528,44,219,219.0
20,2,1,2,120,521,44,219,219.0
21,2,27,9,97,155,36,177,177.0
22,2,7,3,739,705,269,1344,1344.0
23,2,28,2,224,277,82,408,408.0
24,2,11,9,254,646,93,462,462.0
25,2,9,8,537,483,196,977,977.0
26,2,20,6,165,652,60,300,300.0
27,2,21,8,381,483,139,693,693.0
28,2,8,6,344,261,126,626,626.0
29,2,16,4,455,361,166,828,828.0
30,2,4,4,97,661,36,177,177.0
31,2,14,8,314,194,115,571,571.0
32,2,22,2,426,532,155,775,775.0
33,2,15,6,142,692,52,259,259.0
34,2,5,5,739,684,269,1344,1344.0
35,2,25,4,112,452,41,204,204.0
36,2,17,3,187,682,68,340,340.0
37,2,24,7,433,489,158,788,788.0
38,2,26,2,724,637,264,1317,1317.0
39,2,6,2,314,528,115,571,571.0
40,3,16,7,619,519,226,1126,1126.0
41,3,10,6,224,635,82,408,408.0
42,3,9,4,388,538,142,706,706.0
43,3,29,6,448,287,163,815,815.0
44,3,12,2,388,469,142,706,706.0
45,3,11,7,165,280,60,300,300.0
46,3,18,7,440,404,160,800,800.0
47,3,4,3,679,191,247,1235,1235.0
48,3,27,3,560,659,204,1019,1019.0
49,3,21,5,545,573,199,991,991.0
50,3,14,2,597,578,218,1086,1086.0
51,3,25,1,411,705,150,748,748.0
52,3,8,9,351,162,128,639,639.0
53,3,24,2,224,668,82,408,408.0
54,3,19,8,634,537,231,1153,1153.0
55,3,17,4,351,496,128,639,639.0
56,3,1,3,321,665,117,584,584.0
57,3,7,6,716,182,261,1302,1302.0
58,3,28,2,127,284,47,231,231.0
59,3,6,9,75,539,28,137,137.0
60,3,15,2,90,645,33,164,164.0
61,3,5,4,187,297,68,340,340.0
62,3,2,6,709,237,258,1290,1290.0
63,3,26,3,448,287,163,815,815.0
64,3,13,2,105,315,39,191,191.0
65,3,23,7,463,678,169,842,842.0
66,3,30,2,619,472,226,1126,1126.0
67,3,22,5,455,365,166,828,828.0
68,4,29,2,187,600,68,340,340.0
69,4,13,2,314,463,115,571,571.0
70,4,27,2,358,421,131,651,651.0
71,4,2,2,612,280,223,1113,1113.0
72,4,14,1,552,467,201,1004,1004.0
73,4,15,1,276,279,101,502,502.0
74,4,1,8,642,614,234,1168,1168.0
75,4,12,8,262,182,96,477,477.0
76,4,16,2,590,715,215,1073,1073.0
77,4,19,3,724,343,264,1317,1317.0
78,4,24,1,262,509,96,477,477.0
79,4,28,2,396,179,144,720,720.0
80,4,20,7,232,479,85,422,422.0
81,4,25,1,426,591,155,775,775.0
82,4,11,6,523,208,191,951,951.0
83,4,3,6,105,338,39,191,191.0
84,4,7,6,150,447,55,273,273.0
85,4,8,8,597,645,218,1086,1086.0
86,4,5,8,314,704,115,571,571.0
87,4,26,4,157,313,58,286,286.0
88,4,18,7,612,457,223,1113,1113.0
89,4,23,3,590,640,215,1073,1073.0
90,4,30,8,75,509,28,137,137.0
91,4,22,4,344,717,126,626,626.0
92,4,9,8,150,576,55,273,273.0
93,4,17,4,590,534,215,1073,1073.0
94,5,21,5,329,601,120,599,599.0
95,5,8,4,664,349,242,1208,1208.0
96,5,24,1,358,596,131,651,651.0
97,5,14,5,75,332,28,137,137.0
98,5,15,1,179,359,66,326,326.0
99,5,3,6,649,332,236,1180,1180.0
100,5,1,6,344,576,126,626,626.0
101,5,25,2,455,300,166,828,828.0
102,5,20,9,127,459,47,231,231.0
103,5,30,3,373,550,136,679,679.0
104,5,16,4,619,320,226,1126,1126.0
105,5,7,4,165,407,60,300,300.0
106,5,22,2,657,577,239,1195,1195.0
107,5,6,4,649,678,236,1180,1180.0
108,5,18,9,262,355,96,477,477.0
109,5,2,4,500,240,182,910,910.0
110,5,10,8,75,524,28,137,137.0
111,5,9,6,612,332,223,1113,1113.0
112,5,13,3,83,478,31,151,151.0
113,5,17,2,388,560,142,706,706.0
114,5,23,4,403,351,147,733,733.0
115,5,26,4,627,208,228,1140,1140.0
116,6,12,9,83,418,31,151,151.0
117,6,9,2,731,341,266,1330,1330.0
118,6,3,6,403,601,147,733,733.0
119,6,18,8,657,315,239,1195,1195.0
120,6,1,3,291,578,106,530,530.0
121,6,21,2,217,447,79,395,395.0
122,6,8,1,440,459,160,800,800.0
123,6,15,8,381,610,139,693,693.0
124,6,28,8,597,290,218,1086,1086.0
125,6,27,9,426,372,155,775,775.0
126,6,4,5,75,632,28,137,137.0
127,6,19,7,336,184,123,611,611.0
128,6,13,2,440,283,160,800,800.0
129,6,16,2,83,708,31,151,151.0
130,6,10,8,388,263,142,706,706.0
131,6,30,2,731,717,266,1330,1330.0
132,6,11,2,694,149,253,1262,1262.0
133,6,5,9,694,348,253,1262,1262.0
134,6,29,7,440,610,160,800,800.0
135,6,22,9,120,508,44,219,219.0
136,6,2,9,276,571,101,502,502.0
137,6,17,8,739,443,269,1344,1344.0
138,6,25,5,269,312,98,490,490.0
139,6,14,7,284,163,104,517,517.0
140,6,7,1,314,286,115,571,571.0
141,6,26,5,120,698,44,219,219.0
142,7,16,7,672,539,245,1222,1222.0
143,7,22,6,381,251,139,693,693.0
144,7,14,6,716,478,261,1302,1302.0
145,7,11,2,634,312,231,1153,1153.0
146,7,30,2,373,394,136,679,679.0
147,7,24,5,157,306,58,286,286.0
148,7,17,2,291,495,106,530,530.0
149,7,1,7,634,331,231,1153,1153.0
150,7,21,3,426,274,155,775,775.0
151,7,4,8,634,378,231,1153,1153.0
152,7,29,3,142,620,52,259,259.0
153,7,15,5,552,175,201,1004,1004.0
154,7,2,8,470,345,171,855,855.0
155,7,25,8,344,490,126,626,626.0
156,7,9,5,291,542,106,530,530.0
157,7,8,8,209,616,76,380,380.0
158,7,23,7,194,274,71,353,353.0
159,7,19,8,373,309,136,679,679.0
160,7,28,3,657,653,239,1195,1195.0
161,7,6,2,426,580,155,775,775.0
162,7,12,1,165,705,60,300,300.0
163,7,13,8,381,147,139,693,693.0
164,8,22,3,634,460,231,1153,1153.0
165,8,1,3,135,441,50,246,246.0
166,8,28,6,344,503,126,626,626.0
167,8,21,7,485,368,177,882,882.0
168,8,12,6,142,362,52,259,259.0
169,8,4,1,560,184,204,1019,1019.0
170,8,15,1,321,407,117,584,584.0
171,8,10,1,388,184,142,706,706.0
172,8,5,6,590,421,215,1073,1073.0
173,8,2,6,239,394,87,435,435.0
174,8,16,6,179,147,66,326,326.0
175,8,19,6,731,315,266,1330,1330.0
176,8,7,6,262,310,96,477,477.0
177,8,3,4,679,153,247,1235,1235.0
178,8,14,6,314,362,115,571,571.0
179,8,13,5,590,639,215,1073,1073.0
180,8,6,1,97,692,36,177,177.0
181,8,26,1,329,423,120,599,599.0
182,8,11,2,209,284,76,380,380.0
183,8,23,2,716,267,261,1302,1302.0
184,8,30,7,165,293,60,300,300.0
185,8,29,4,731,431,266,1330,1330.0
186,9,2,9,470,594,171,855,855.0
187,9,4,5,157,351,58,286,286.0
188,9,25,3,545,581,199,991,991.0
189,9,23,6,508,707,185,924,924.0
190,9,15,8,344,454,126,626,626.0
191,9,12,7,545,256,199,991,991.0
192,9,8,4,530,263,193,964,964.0
193,9,16,1,590,454,215,1073,1073.0
194,9,24,3,276,501,101,502,502.0
195,9,22,1,358,380,131,651,651.0
196,9,14,7,634,146,231,1153,1153.0
197,9,29,8,440,225,160,800,800.0
198,9,17,9,605,221,220,1100,1100.0
199,9,27,1,97,147,36,177,177.0
200,9,19,8,478,655,174,870,870.0
201,9,21,7,239,479,87,435,435.0
202,9,1,2,224,493,82,408,408.0
203,9,13,8,239,480,87,435,435.0
204,9,10,3,537,460,196,977,977.0
205,9,28,3,105,441,39,191,191.0
206,9,20,5,560,299,204,1019,1019.0
207,9,11,7,560,341,204,1019,1019.0
208,9,3,2,232,274,85,422,422.0
209,10,22,1,358,207,131,651,651.0
210,10,30,3,187,359,68,340,340.0
211,10,28,8,142,316,52,259,259.0
212,10,19,5,403,377,147,733,733.0
213,10,18,9,276,502,101,502,502.0
214,10,12,4,552,309,201,1004,1004.0
215,10,4,6,262,681,96,477,477.0
216,10,13,6,179,248,66,326,326.0
217,10,17,3,358,296,131,651,651.0
218,10,15,8,537,678,196,977,977.0
219,10,5,9,112,645,41,204,204.0
220,10,9,3,627,459,228,1140,1140.0
221,10,8,2,649,675,236,1180,1180.0
222,10,26,5,440,247,160,800,800.0
223,10,16,2,455,385,166,828,828.0
224,10,1,7,448,424,163,815,815.0
225,10,27,1,537,705,196,977,977.0
226,10,14,9,373,712,136,679,679.0
227,11,28,6,426,173,155,775,775.0
228,11,24,4,739,368,269,1344,1344.0
229,11,29,7,597,429,218,1086,1086.0
230,11,25,6,224,459,82,408,408.0
231,11,21,8,75,476,28,137,137.0
232,11,18,2,508,539,185,924,924.0
233,11,14,1,739,195,269,1344,1344.0
234,11,8,7,75,349,28,137,137.0
235,11,22,2,351,492,128,639,639.0
236,11,3,9,619,172,226,1126,1126.0
237,11,10,8,388,668,142,706,706.0
238,11,4,2,157,607,58,286,286.0
239,11,9,6,105,666,39,191,191.0
240,11,13,5,716,368,261,1302,1302.0
241,11,20,5,403,194,147,733,733.0
242,11,12,7,537,576,196,977,977.0
243,11,5,6,523,626,191,951,951.0
244,11,15,7,358,538,131,651,651.0
245,11,23,4,262,518,96,477,477.0
246,11,7,9,470,421,171,855,855.0
247,11,17,5,642,695,234,1168,1168.0
248,11,26,6,224,325,82,408,408.0
249,11,1,3,455,459,166,828,828.0
250,11,6,2,120,583,44,219,219.0
251,11,2,9,165,616,60,300,300.0
252,11,16,9,373,218,136,679,679.0
253,11,30,6,381,443,139,693,693.0
254,12,8,5,426,531,155,775,775.0
255,12,15,2,194,185,71,353,353.0
256,12,28,5,530,622,193,964,964.0
257,12,29,2,358,323,131,651,651.0
258,12,21,2,657,678,239,1195,1195.0
259,12,17,7,179,485,66,326,326.0
260,12,23,5,276,620,101,502,502.0
261,12,3,4,135,593,50,246,246.0
262,12,9,3,254,155,93,462,462.0
263,12,4,9,403,666,147,733,733.0
264,12,2,2,433,626,158,788,788.0
265,12,26,5,165,612,60,300,300.0
266,12,18,8,537,612,196,977,977.0
267,12,1,9,448,247,163,815,815.0
268,12,16,7,291,188,106,530,530.0
269,12,14,7,411,290,150,748,748.0
270,12,24,2,194,225,71,353,353.0
271,12,5,7,224,712,82,408,408.0
272,12,7,5,165,545,60,300,300.0
273,12,27,2,314,418,115,571,571.0
274,12,30,6,679,237,247,1235,1235.0
275,12,6,2,358,273,131,651,651.0
276,12,11,7,209,400,76,380,380.0
277,12,25,5,194,635,71,353,353.0
278,12,22,2,351,565,128,639,639.0
279,12,10,2,433,354,158,788,788.0
280,12,19,8,105,310,39,191,191.0
281,12,20,2,381,649,139,693,693.0
282,12,13,2,590,257,215,1073,1073.0
283,13,12,1,284,398,104,517,517.0
284,13,24,1,209,567,76,380,380.0
285,13,16,8,448,478,163,815,815.0
286,13,18,6,500,463,182,910,910.0
287,13,14,8,485,496,177,882,882.0
288,13,23,3,702,211,256,1277,1277.0
289,13,6,2,142,185,52,259,259.0
290,13,22,6,179,424,66,326,326.0
291,13,28,6,694,450,253,1262,1262.0
292,13,20,5,90,625,33,164,164.0
293,13,4,9,75,440,28,137,137.0
294,13,8,8,500,578,182,910,910.0
295,13,10,7,567,293,207,1031,1031.0
296,13,2,7,433,485,158,788,788.0
297,13,27,1,269,410,98,490,490.0
298,13,15,6,388,146,142,706,706.0
299,13,11,7,575,221,210,1046,1046.0
300,13,1,2,493,495,180,897,897.0
301,13,3,7,463,552,169,842,842.0
302,13,25,8,135,217,50,246,246.0
303,13,29,6,262,356,96,477,477.0
304,13,9,2,440,211,160,800,800.0
305,13,26,7,478,699,174,870,870.0
306,13,7,2,724,391,264,1317,1317.0
307,13,19,7,702,348,256,1277,1277.0
308,13,5,5,575,374,210,1046,1046.0
309,13,30,7,411,456,150,748,748.0
310,13,17,4,657,182,239,1195,1195.0
311,14,29,7,336,675,123,611,611.0
312,14,30,7,485,273,177,882,882.0
313,14,11,2,291,626,106,530,530.0
314,14,6,8,284,452,104,517,517.0
315,14,9,8,284,234,104,517,517.0
316,14,16,3,150,457,55,273,273.0
317,14,3,5,284,512,104,517,517.0
318,14,19,7,105,160,39,191,191.0
319,14,25,3,284,290,104,517,517.0
320,14,22,6,716,488,261,1302,1302.0
321,14,20,5,440,512,160,800,800.0
322,14,15,7,299,300,109,544,544.0
323,14,8,6,642,535,234,1168,1168.0
324,14,26,5,724,355,264,1317,1317.0
325,14,2,2,426,254,155,775,775.0
326,14,27,8,485,617,177,882,882.0
327,14,7,9,664,426,242,1208,1208.0
328,14,28,9,329,545,120,599,599.0
329,14,17,2,537,182,196,977,977.0
330,14,5,5,366,490,134,666,666.0
331,14,18,5,202,270,74,368,368.0
332,14,10,9,448,335,163,815,815.0
333,14,4,6,75,258,28,137,137.0
334,14,1,7,642,186,234,1168,1168.0
335,14,23,3,187,488,68,340,340.0
336,14,21,2,75,594,28,137,137.0
337,14,24,9,426,264,155,775,775.0
338,15,25,4,269,283,98,490,490.0
339,15,27,9,217,303,79,395,395.0
340,15,13,1,672,405,245,1222,1222.0
341,15,11,1,716,629,261,1302,1302.0
342,15,26,8,634,377,231,1153,1153.0
343,15,3,9,90,505,33,164,164.0
344,15,24,2,388,267,142,706,706.0
345,15,29,9,112,561,41,204,204.0
346,15,19,1,694,447,253,1262,1262.0
347,15,12,9,634,411,231,1153,1153.0
348,15,18,6,299,398,109,544,544.0
349,15,8,6,209,212,76,380,380.0
350,15,14,4,329,460,120,599,599.0
351,15,21,5,142,333,52,259,259.0
352,15,7,7,433,332,158,788,788.0
353,15,2,1,560,196,204,1019,1019.0
354,15,16,4,247,329,90,450,450.0
355,15,4,3,254,708,93,462,462.0
356,15,22,5,314,457,115,571,571.0
357,15,17,5,142,714,52,259,259.0
358,15,20,6,672,476,245,1222,1222.0
359,15,9,2,232,653,85,422,422.0
360,15,28,2,388,571,142,706,706.0
361,15,6,7,396,669,144,720,720.0
362,15,23,4,709,443,258,1290,1290.0
363,15,5,7,537,441,196,977,977.0
364,15,1,5,351,574,128,639,639.0
365,16,24,8,687,548,250,1250,1250.0
366,16,25,5,605,248,220,1100,1100.0
367,16,27,7,411,273,150,748,748.0
368,16,23,5,418,580,152,760,760.0
369,16,1,1,590,686,215,1073,1073.0
370,16,30,6,344,479,126,626,626.0
371,16,2,6,455,472,166,828,828.0
372,16,28,8,105,201,39,191,191.0
373,16,9,9,634,591,231,1153,1153.0
374,16,21,7,463,224,169,842,842.0
375,16,3,9,358,326,131,651,651.0
376,16,14,1,545,338,199,991,991.0
377,16,10,6,515,162,188,937,937.0
378,16,7,6,239,168,87,435,435.0
379,16,18,9,687,457,250,1250,1250.0
380,16,12,2,344,541,126,626,626.0
381,16,8,7,172,361,63,313,313.0
382,16,22,9,433,384,158,788,788.0
383,16,29,5,344,614,126,626,626.0
384,16,20,7,709,609,258,1290,1290.0
385,16,6,8,366,312,134,666,666.0
386,17,19,3,314,636,115,571,571.0
387,17,30,5,455,614,166,828,828.0
388,17,13,8,381,155,139,693,693.0
389,17,11,9,351,228,128,639,639.0
390,17,22,5,97,486,36,177,177.0
391,17,1,2,448,410,163,815,815.0
392,17,23,2,224,476,82,408,408.0
393,17,4,9,75,372,28,137,137.0
394,17,27,4,627,443,228,1140,1140.0
395,17,9,8,545,522,199,991,991.0
396,17,5,1,276,646,101,502,502.0
397,17,26,6,440,508,160,800,800.0
398,17,10,8,470,503,171,855,855.0
399,17,29,6,418,568,152,760,760.0
400,17,20,6,291,331,106,530,530.0
401,17,14,3,418,199,152,760,760.0
402,17,7,9,217,341,79,395,395.0
403,17,25,2,664,152,242,1208,1208.0
404,17,16,2,597,392,218,1086,1086.0
405,17,21,6,426,544,155,775,775.0
406,17,15,4,508,188,185,924,924.0
407,18,24,9,351,604,128,639,639.0
408,18,21,3,329,248,120,599,599.0
409,18,11,2,291,194,106,530,530.0
410,18,12,6,530,184,193,964,964.0
411,18,22,4,411,616,150,748,748.0
412,18,30,8,545,401,199,991,991.0
413,18,17,2,291,479,106,530,530.0
414,18,16,1,426,251,155,775,775.0
415,18,1,1,552,191,201,1004,1004.0
416,18,9,8,716,688,261,1302,1302.0
417,18,14,5,120,528,44,219,219.0
418,18,5,4,702,299,256,1277,1277.0
419,18,7,6,306,149,112,557,557.0
420,18,8,6,463,658,169,842,842.0
421,18,29,2,530,514,193,964,964.0
422,18,28,2,373,260,136,679,679.0
423,18,15,3,590,329,215,1073,1073.0
424,18,10,6,523,235,191,951,951.0
425,18,13,4,463,622,169,842,842.0
426,18,25,7,157,472,58,286,286.0
427,18,23,8,202,333,74,368,368.0
428,18,20,6,321,375,117,584,584.0
429,18,2,1,90,258,33,164,164.0
430,18,27,1,463,646,169,842,842.0
431,18,3,5,478,411,174,870,870.0
432,19,18,3,202,165,74,368,368.0
433,19,29,2,247,609,90,450,450.0
434,19,23,4,284,395,104,517,517.0
435,19,4,7,336,479,123,611,611.0
436,19,5,6,239,436,87,435,435.0
437,19,21,6,269,485,98,490,490.0
438,19,9,6,657,365,239,1195,1195.0
439,19,25,8,440,532,160,800,800.0
440,19,11,3,269,215,98,490,490.0
441,19,24,4,448,369,163,815,815.0
442,19,17,3,440,622,160,800,800.0
443,19,20,4,455,276,166,828,828.0
444,19,7,3,672,718,245,1222,1222.0
445,19,8,9,179,434,66,326,326.0
446,19,27,8,649,509,236,1180,1180.0
447,20,30,4,97,509,36,177,177.0
448,20,22,8,373,260,136,679,679.0
449,20,2,4,582,276,212,1059,1059.0
450,20,16,4,224,369,82,408,408.0
451,20,13,7,433,202,158,788,788.0
452,20,15,1,597,552,218,1086,1086.0
453,20,29,1,209,718,76,380,380.0
454,20,10,6,232,385,85,422,422.0
455,20,21,6,657,508,239,1195,1195.0
456,20,14,4,634,674,231,1153,1153.0
457,20,17,1,649,675,236,1180,1180.0
458,20,24,1,276,614,101,502,502.0
459,20,11,6,672,240,245,1222,1222.0
460,20,8,1,515,257,188,937,937.0
461,20,12,7,396,563,144,720,720.0
462,20,1,1,321,430,117,584,584.0
463,20,28,8,217,509,79,395,395.0
464,20,25,8,679,475,247,1235,1235.0
465,20,19,1,314,362,115,571,571.0
466,20,5,9,426,184,155,775,775.0
467,20,23,2,291,254,106,530,530.0
468,20,9,2,194,646,71,353,353.0
469,20,26,4,299,328,109,544,544.0
470,20,6,2,687,221,250,1250,1250.0
471,20,18,3,381,702,139,693,693.0
472,20,3,2,739,447,269,1344,1344.0
473,21,6,7,545,632,199,991,991.0
474,21,24,7,411,359,150,748,748.0
475,21,25,9,575,519,210,1046,1046.0
476,21,1,7,515,666,188,937,937.0
477,21,3,2,493,583,180,897,897.0
478,21,5,1,329,705,120,599,599.0
479,21,7,5,179,388,66,326,326.0
480,21,28,1,575,320,210,1046,1046.0
481,21,20,1,515,561,188,937,937.0
482,21,4,1,694,702,253,1262,1262.0
483,21,27,7,478,563,174,870,870.0
484,21,18,1,657,414,239,1195,1195.0
485,21,8,2,403,431,147,733,733.0
486,21,19,2,515,430,188,937,937.0
487,21,2,5,463,283,169,842,842.0
488,21,12,3,508,196,185,924,924.0
489,21,16,8,612,198,223,1113,1113.0
490,21,11,1,403,535,147,733,733.0
491,21,10,6,344,466,126,626,626.0
492,21,17,3,716,315,261,1302,1302.0
493,21,15,7,679,483,247,1235,1235.0
494,21,9,7,254,580,93,462,462.0
495,21,13,3,500,172,182,910,910.0
496,21,22,6,209,338,76,380,380.0
497,22,2,9,403,613,147,733,733.0
498,22,3,4,269,336,98,490,490.0
499,22,24,3,239,290,87,435,435.0
500,22,21,3,269,674,98,490,490.0
501,22,6,7,194,555,71,353,353.0
502,22,5,2,619,247,226,1126,1126.0
503,22,10,5,269,247,98,490,490.0
504,22,11,4,433,225,158,788,788.0
505,22,13,5,239,505,87,435,435.0
506,22,29,6,702,287,256,1277,1277.0
507,22,1,3,90,475,33,164,164.0
508,22,18,3,478,408,174,870,870.0
509,22,7,7,679,672,247,1235,1235.0
510,22,27,2,358,555,131,651,651.0
511,22,28,7,269,313,98,490,490.0
512,22,26,4,478,630,174,870,870.0
513,22,23,5,142,323,52,259,259.0
514,22,4,8,187,339,68,340,340.0
515,22,9,7,306,258,112,557,557.0
516,23,30,8,224,384,82,408,408.0
517,23,5,1,664,418,242,1208,1208.0
518,23,9,5,657,173,239,1195,1195.0
519,23,19,6,440,707,160,800,800.0
520,23,15,7,321,147,117,584,584.0
521,23,6,9,649,534,236,1180,1180.0
522,23,2,2,500,629,182,910,910.0
523,23,27,2,142,470,52,259,259.0
524,23,24,3,157,194,58,286,286.0
525,23,25,9,702,228,256,1277,1277.0
526,23,8,4,284,643,104,517,517.0
527,23,20,9,560,296,204,1019,1019.0
528,23,18,8,657,328,239,1195,1195.0
529,23,10,1,314,388,115,571,571.0
530,23,28,1,478,707,174,870,870.0
531,23,11,6,314,524,115,571,571.0
532,23,12,9,403,335,147,733,733.0
533,23,14,6,381,322,139,693,693.0
534,23,16,7,530,626,193,964,964.0
535,23,21,3,105,715,39,191,191.0
536,24,9,8,523,489,191,951,951.0
537,24,13,5,329,593,120,599,599.0
538,24,6,9,560,492,204,1019,1019.0
539,24,11,7,575,668,210,1046,1046.0
540,24,21,2,575,178,210,1046,1046.0
541,24,1,7,172,439,63,313,313.0
542,24,10,2,90,663,33,164,164.0
543,24,12,2,411,235,150,748,748.0
544,24,8,8,605,387,220,1100,1100.0
545,24,29,5,232,637,85,422,422.0
546,24,20,5,239,173,87,435,435.0
547,24,14,8,135,552,50,246,246.0
548,24,16,7,254,516,93,462,462.0
549,24,15,7,284,437,104,517,517.0
550,24,5,1,187,460,68,340,340.0
551,24,18,8,351,499,128,639,639.0
552,24,27,4,649,568,236,1180,1180.0
553,24,17,2,679,493,247,1235,1235.0
554,24,26,4,239,712,87,435,435.0
555,25,23,2,262,672,96,477,477.0
556,25,20,6,433,604,158,788,788.0
557,25,2,8,440,345,160,800,800.0
558,25,28,8,344,671,126,626,626.0
559,25,6,8,739,534,269,1344,1344.0
560,25,8,3,418,640,152,760,760.0
561,25,29,7,105,699,39,191,191.0
562,25,3,1,478,166,174,870,870.0
563,25,22,2,232,429,85,422,422.0
564,25,26,1,314,158,115,571,571.0
565,25,24,6,388,470,142,706,706.0
566,25,18,6,545,205,199,991,991.0
567,25,1,6,381,531,139,693,693.0
568,25,5,3,702,371,256,1277,1277.0
569,25,14,4,515,351,188,937,937.0
570,25,11,7,396,544,144,720,720.0
571,25,19,9,470,358,171,855,855.0
572,25,7,9,433,233,158,788,788.0
573,25,27,6,649,260,236,1180,1180.0
574,25,9,9,284,449,104,517,517.0
575,25,30,6,194,296,71,353,353.0
576,25,4,5,314,508,115,571,571.0
577,25,13,8,239,447,87,435,435.0
578,25,21,4,202,233,74,368,368.0
579,25,17,8,664,171,242,1208,1208.0
580,25,10,4,157,689,58,286,286.0
581,26,11,3,329,150,120,599,599.0
582,26,27,4,597,707,218,1086,1086.0
583,26,6,2,575,509,210,1046,1046.0
584,26,23,1,709,430,258,1290,1290.0
585,26,22,5,373,521,136,679,679.0
586,26,9,8,515,263,188,937,937.0
587,26,2,7,209,303,76,380,380.0
588,26,29,3,381,263,139,693,693.0
589,26,15,4,314,238,115,571,571.0
590,26,17,8,224,558,82,408,408.0
591,26,10,3,545,577,199,991,991.0
592,26,21,2,687,597,250,1250,1250.0
593,26,13,9,239,699,87,435,435.0
594,26,24,1,150,527,55,273,273.0
595,26,5,7,724,228,264,1317,1317.0
596,26,12,7,470,720,171,855,855.0
597,26,28,9,373,323,136,679,679.0
598,26,8,4,179,147,66,326,326.0
599,26,16,8,731,577,266,1330,1330.0
600,26,14,2,552,593,201,1004,1004.0
601,26,18,1,381,506,139,693,693.0
602,26,20,8,254,604,93,462,462.0
603,26,3,9,172,411,63,313,313.0
604,26,1,1,276,515,101,502,502.0
605,27,16,2,239,636,87,435,435.0
606,27,23,4,411,424,150,748,748.0
607,27,21,4,455,704,166,828,828.0
608,27,18,5,403,661,147,733,733.0
609,27,19,2,702,527,256,1277,1277.0
610,27,25,3,306,506,112,557,557.0
611,27,28,1,97,630,36,177,177.0
612,27,10,6,537,672,196,977,977.0
613,27,29,6,90,463,33,164,164.0
614,27,5,1,329,162,120,599,599.0
615,27,3,5,731,652,266,1330,1330.0
616,27,4,8,642,440,234,1168,1168.0
617,27,11,6,97,176,36,177,177.0
618,27,26,6,299,414,109,544,544.0
619,27,20,2,418,417,152,760,760.0
620,27,9,3,165,325,60,300,300.0
621,27,14,7,411,567,150,748,748.0
622,27,7,9,724,648,264,1317,1317.0
623,27,17,9,366,452,134,666,666.0
624,27,15,8,336,576,123,611,611.0
625,28,14,4,165,315,60,300,300.0
626,28,23,9,731,695,266,1330,1330.0
627,28,30,3,687,516,250,1250,1250.0
628,28,13,8,470,385,171,855,855.0
629,28,27,4,664,333,242,1208,1208.0
630,28,6,1,179,195,66,326,326.0
631,28,24,1,575,454,210,1046,1046.0
632,28,16,5,254,539,93,462,462.0
633,28,4,3,433,411,158,788,788.0
634,28,7,6,485,322,177,882,882.0
635,28,9,8,426,228,155,775,775.0
636,28,2,6,508,688,185,924,924.0
637,28,10,6,396,563,144,720,720.0
638,28,18,7,344,319,126,626,626.0
639,28,5,8,202,392,74,368,368.0
640,28,1,1,716,387,261,1302,1302.0
641,28,22,5,366,717,134,666,666.0
642,28,8,4,194,665,71,353,353.0
643,28,21,2,388,486,142,706,706.0
644,28,20,7,426,560,155,775,775.0
645,28,17,1,90,152,33,164,164.0
646,28,3,3,582,534,212,1059,1059.0
647,28,11,3,209,323,76,380,380.0
648,28,12,6,597,307,218,1086,1086.0
649,28,19,5,83,356,31,151,151.0
650,29,30,4,455,251,166,828,828.0
651,29,18,5,575,465,210,1046,1046.0
652,29,26,5,493,152,180,897,897.0
653,29,12,8,329,394,120,599,599.0
654,29,23,3,403,349,147,733,733.0
655,29,11,1,523,204,191,951,951.0
656,29,1,9,254,172,93,462,462.0
657,29,28,2,262,292,96,477,477.0
658,29,22,3,619,175,226,1126,1126.0
659,29,27,3,478,472,174,870,870.0
660,29,21,4,336,444,123,611,611.0
661,29,20,2,165,405,60,300,300.0
662,29,9,1,276,486,101,502,502.0
663,29,6,6,455,329,166,828,828.0
664,29,4,1,530,646,193,964,964.0
665,29,5,6,530,441,193,964,964.0
666,29,15,8,217,488,79,395,395.0
667,30,11,6,75,512,28,137,137.0
668,30,12,6,344,224,126,626,626.0
669,30,5,4,135,672,50,246,246.0
670,30,14,8,463,479,169,842,842.0
671,30,8,3,418,274,152,760,760.0
672,30,7,9,545,581,199,991,991.0
673,30,9,6,411,649,150,748,748.0
674,30,21,1,366,176,134,666,666.0
675,30,28,3,463,365,169,842,842.0
676,30,17,5,642,473,234,1168,1168.0
677,30,26,9,672,339,245,1222,1222.0
678,30,16,3,83,294,31,151,151.0
679,30,10,7,276,365,101,502,502.0
680,30,15,7,500,147,182,910,910.0
681,30,29,5,306,649,112,557,557.0
682,30,27,2,329,714,120,599,599.0
683,30,6,4,105,503,39,191,191.0
684,30,19,1,366,712,134,666,666.0
COMMODITIES,400
0,22,23,48,109,196,545,981.0
1,9,15,28,113,250,561,1253.0
2,25,19,70,108,275,540,1378.0
3,1,16,51,86,220,426,1102.0
4,15,7,25,96,238,477,1193.0
5,26,3,52,124,216,617,1083.0
6,6,3,74,116,208,578,1040.0
7,22,10,18,91,207,451,1037.0
8,14,10,49,106,261,526,1305.0
9,29,20,35,86,174,427,872.0
10,1,4,63,116,203,576,1016.0
11,6,21,34,88,186,438,930.0
12,15,22,20,93,206,465,1032.0
13,15,8,54,110,211,548,1057.0
14,15,12,38,119,238,595,1193.0
15,27,9,54,96,177,479,885.0
16,28,9,22,96,231,476,1157.0
17,28,14,74,100,192,499,962.0
18,12,15,22,90,182,448,913.0
19,9,14,26,97,214,481,1072.0
20,20,13,24,109,252,545,1261.0
21,18,1,61,98,196,490,984.0
22,24,21,17,84,189,420,946.0
23,23,13,46,92,269,456,1349.0
24,3,1,39,100,227,497,1139.0
25,3,28,59,99,172,491,861.0
26,29,17,16,97,247,482,1239.0
27,22,21,62,92,197,459,988.0
28,12,25,44,86,187,430,937.0
29,20,8,25,91,206,452,1030.0
30,15,5,70,108,235,538,1176.0
31,5,19,52,104,192,516,962.0
32,1,28,15,108,237,537,1185.0
33,29,4,16,101,278,504,1390.0
34,24,18,44,87,223,434,1115.0
35,30,27,47,99,228,491,1140.0
36,15,17,43,107,182,531,913.0
37,7,10,59,95,211,472,1056.0
38,3,14,67,130,256,646,1280.0
39,25,17,19,98,264,487,1324.0
40,30,23,27,100,249,497,1246.0
41,16,9,52,85,266,424,1330.0
42,22,18,61,96,298,477,1490.0
43,11,4,62,111,193,553,967.0
44,20,2,47,82,222,409,1111.0
45,30,29,41,116,255,580,1277.0
46,26,19,20,117,263,585,1315.0
47,7,13,59,81,244,402,1224.0
48,27,6,48,104,206,520,1034.0
49,27,3,30,93,253,465,1266.0
50,10,7,47,95,221,472,1105.0
51,23,17,64,133,286,665,1430.0
52,24,7,15,103,249,513,1248.0
53,10,15,48,111,250,555,1250.0
54,20,21,20,95,214,472,1073.0
55,22,5,19,93,252,465,1261.0
56,8,19,42,127,239,634,1195.0
57,15,28,30,98,199,489,997.0
58,5,1,33,110,262,546,1311.0
59,19,21,53,99,218,494,1092.0
60,17,19,68,93,230,465,1152.0
61,20,1,22,119,251,591,1258.0
62,15,29,22,89,155,443,775.0
63,2,9,45,101,205,501,1027.0
64,29,15,44,92,200,459,1003.0
65,26,23,47,110,294,547,1473.0
66,7,22,63,87,252,434,1263.0
67,25,11,29,85,207,421,1035.0
68,2,13,59,96,226,477,1132.0
69,21,26,17,122,297,608,1487.0
70,2,18,72,102,245,510,1226.0
71,18,8,45,114,277,567,1389.0
72,18,9,18,110,260,547,1302.0
73,14,20,61,80,211,397,1058.0
74,12,4,51,90,204,449,1021.0
75,1,8,41,97,221,485,1109.0
76,27,14,22,90,208,449,1040.0
77,16,12,74,116,254,577,1270.0
78,9,7,41,113,254,565,1272.0
79,12,30,40,99,242,492,1214.0
80,7,15,63,97,258,484,1292.0
81,8,4,39,112,201,557,1009.0
82,12,14,71,110,245,547,1227.0
83,29,21,29,97,250,481,1251.0
84,19,27,72,105,265,523,1326.0
85,17,28,15,98,228,488,1142.0
86,13,19,25,88,229,436,1146.0
87,21,8,45,101,268,501,1342.0
88,7,4,27,99,252,493,1264.0
89,3,10,52,105,207,523,1037.0
90,29,14,46,109,286,543,1431.0
91,12,17,45,104,194,517,972.0
92,21,5,69,96,251,479,1256.0
93,29,13,72,105,279,522,1397.0
94,17,24,21,68,214,337,1072.0
95,20,29,63,93,196,462,981.0
96,16,26,40,96,266,480,1332.0
97,14,12,15,95,247,474,1236.0
98,16,19,24,102,200,508,1000.0
99,2,5,19,113,256,564,1284.0
100,6,11,46,90,191,447,955.0
101,10,19,27,80,185,396,925.0
102,16,30,39,121,266,605,1332.0
103,15,21,49,86,159,427,795.0
104,5,17,62,85,223,421,1119.0
105,18,25,20,103,188,515,943.0
106,22,6,63,86,181,429,907.0
107,5,22,53,101,221,505,1108.0
108,3,9,48,120,246,600,1230.0
109,24,25,16,111,282,554,1413.0
110,14,6,48,95,215,471,1076.0
111,23,28,70,88,208,437,1040.0
112,26,15,50,90,214,446,1070.0
113,14,27,41,109,251,545,1258.0
114,8,3,35,79,201,394,1006.0
115,16,4,41,107,234,533,1170.0
116,12,6,66,121,223,605,1115.0
117,3,6,27,131,177,653,886.0
118,21,29,51,119,261,591,1307.0
119,6,20,44,82,222,409,1111.0
120,25,28,20,106,239,529,1199.0
121,1,13,18,84,229,417,1147.0
122,9,20,48,117,258,583,1294.0
123,11,5,69,93,249,461,1246.0
124,26,10,39,96,210,480,1051.0
125,2,15,46,111,193,554,965.0
126,27,22,25,112,242,560,1210.0
127,6,4,65,105,157,524,787.0
128,8,27,18,92,245,457,1225.0
129,16,27,34,108,286,540,1434.0
130,22,24,20,92,202,459,1012.0
131,8,22,32,93,202,465,1013.0
132,7,5,45,114,269,570,1348.0
133,11,26,65,107,204,531,1023.0
134,7,12,56,110,191,550,957.0
135,6,1,29,106,210,527,1052.0
136,17,2,49,109,258,545,1294.0
137,22,11,66,125,272,622,1364.0
138,12,5,45,120,229,596,1146.0
139,14,28,57,100,209,496,1045.0
140,21,18,48,85,327,422,1635.0
141,28,15,60,81,241,402,1207.0
142,15,24,33,90,228,447,1140.0
143,7,17,57,112,248,560,1240.0
144,14,19,34,111,171,555,856.0
145,8,16,74,91,180,454,902.0
146,21,14,65,97,264,482,1320.0
147,27,2,57,116,234,580,1172.0
148,7,16,32,95,260,475,1302.0
149,20,6,50,107,204,532,1024.0
150,4,1,28,101,264,503,1323.0
151,3,25,29,97,208,484,1040.0
152,22,2,38,102,217,506,1087.0
153,7,29,25,92,169,458,848.0
154,15,20,59,103,229,512,1146.0
155,4,9,25,107,192,532,962.0
156,20,28,57,92,194,459,973.0
157,6,29,29,111,230,551,1150.0
158,15,23,27,96,255,477,1278.0
159,28,18,18,79,210,394,1052.0
160,23,22,37,122,266,607,1330.0
161,7,30,40,91,252,455,1264.0
162,26,25,40,92,228,460,1144.0
163,29,27,70,102,262,509,1311.0
164,14,3,52,105,190,525,954.0
165,17,9,52,87,197,433,987.0
166,15,2,23,114,279,568,1397.0
167,29,30,45,90,206,450,1032.0
168,4,24,55,94,210,467,1052.0
169,25,3,73,111,288,554,1443.0
170,27,5,48,108,241,538,1206.0
171,11,8,69,112,159,559,797.0
172,14,11,42,85,187,422,936.0
173,20,26,19,113,235,563,1176.0
174,30,4,32,93,189,465,947.0
175,13,5,22,102,235,509,1176.0
176,17,6,71,108,226,539,1133.0
177,2,19,74,106,176,527,881.0
178,1,11,55,120,266,600,1330.0
179,16,5,74,105,246,525,1232.0
180,1,30,47,90,201,450,1008.0
181,21,3,53,117,317,585,1587.0
182,11,30,36,96,202,480,1013.0
183,7,20,66,94,236,467,1182.0
184,3,8,65,89,197,444,987.0
185,8,21,67,96,227,478,1138.0
186,9,26,52,113,254,563,1273.0
187,18,5,60,96,267,479,1338.0
188,16,21,25,122,281,609,1407.0
189,19,7,66,84,259,419,1299.0
190,29,23,56,90,267,448,1336.0
191,5,8,57,96,256,480,1280.0
192,27,18,54,93,261,463,1309.0
193,26,30,31,105,255,523,1276.0
194,14,29,23,80,200,400,1001.0
195,25,2,49,100,290,498,1452.0
196,19,13,61,110,255,546,1277.0
197,10,23,53,118,274,587,1374.0
198,9,17,44,101,197,505,985.0
199,6,2,45,76,198,376,991.0
200,27,19,25,112,207,559,1037.0
201,28,20,54,88,231,439,1157.0
202,11,7,17,106,218,526,1093.0
203,10,6,36,96,227,477,1135.0
204,11,28,62,88,195,439,979.0
205,6,17,22,102,229,508,1148.0
206,8,11,55,105,207,521,1036.0
207,27,12,70,119,253,591,1268.0
208,13,4,60,94,155,466,778.0
209,22,8,62,93,258,462,1290.0
210,1,3,47,106,223,527,1118.0
211,6,22,17,93,160,464,804.0
212,11,16,23,100,195,496,979.0
213,30,28,60,110,202,549,1014.0
214,7,9,16,100,232,496,1162.0
215,15,30,28,80,211,398,1055.0
216,14,15,19,91,212,451,1061.0
217,6,27,73,79,227,393,1138.0
218,15,3,17,92,146,457,734.0
219,9,2,15,115,275,573,1376.0
220,14,24,19,80,229,398,1148.0
221,6,5,50,88,217,439,1085.0
222,3,21,53,116,227,577,1137.0
223,23,10,16,110,226,549,1134.0
224,17,3,72,111,206,553,1031.0
225,12,26,66,79,158,394,791.0
226,12,11,68,101,199,501,996.0
227,15,16,32,104,227,520,1136.0
228,6,14,44,92,220,457,1101.0
229,27,25,37,107,246,533,1232.0
230,10,9,65,121,282,603,1413.0
231,2,24,18,113,267,562,1336.0
232,23,3,62,109,286,542,1431.0
233,2,28,49,102,199,510,995.0
234,26,24,63,102,181,509,908.0
235,29,1,31,100,218,496,1092.0
236,18,12,59,92,281,459,1405.0
237,5,21,56,98,178,486,891.0
238,28,7,38,121,262,602,1310.0
239,6,12,34,87,145,434,729.0
240,5,13,59,100,159,497,796.0
241,5,11,43,106,238,526,1192.0
242,27,23,42,122,272,609,1363.0
243,17,4,37,109,153,543,765.0
244,20,27,29,99,235,495,1177.0
245,4,11,23,118,197,590,987.0
246,11,13,43,102,250,508,1254.0
247,13,26,47,111,213,553,1067.0
248,24,28,20,87,193,433,966.0
249,9,3,49,102,209,506,1049.0
250,8,15,18,102,246,506,1232.0
251,20,5,71,93,206,461,1033.0
252,5,14,60,100,152,500,763.0
253,5,10,52,113,160,563,800.0
254,22,25,37,106,249,530,1247.0
255,7,27,50,101,254,503,1271.0
256,27,11,72,105,168,521,844.0
257,9,6,57,105,234,523,1173.0
258,7,3,17,97,232,482,1163.0
259,17,10,29,106,261,527,1306.0
260,14,1,38,99,256,494,1280.0
261,15,6,20,114,198,568,993.0
262,18,26,63,106,243,528,1219.0
263,4,13,36,92,193,458,967.0
264,23,6,67,90,231,450,1157.0
265,10,21,39,93,212,462,1064.0
266,8,5,71,110,244,550,1220.0
267,21,13,64,87,263,435,1319.0
268,7,1,62,107,249,531,1245.0
269,19,12,30,112,254,559,1270.0
270,1,21,57,85,166,421,834.0
271,16,11,54,112,247,557,1239.0
272,25,30,38,124,228,619,1140.0
273,7,23,24,90,183,450,916.0
274,20,30,62,90,149,449,749.0
275,9,13,71,102,213,508,1066.0
276,13,23,53,93,236,461,1180.0
277,10,3,56,105,257,525,1288.0
278,23,19,34,112,253,560,1268.0
279,9,10,50,115,269,571,1349.0
280,13,3,19,125,213,625,1069.0
281,25,23,46,97,212,482,1063.0
282,11,22,68,114,225,566,1128.0
283,17,14,30,87,241,433,1206.0
284,3,30,31,98,208,488,1043.0
285,13,9,67,114,217,567,1089.0
286,12,2,31,117,281,583,1407.0
287,22,29,44,106,239,526,1199.0
288,22,30,19,93,215,465,1078.0
289,12,21,38,123,240,614,1204.0
290,15,25,46,112,231,556,1157.0
291,16,17,15,98,196,489,982.0
292,2,6,49,104,227,520,1137.0
293,29,28,42,94,216,468,1083.0
294,28,24,50,114,299,570,1499.0
295,11,19,52,102,222,506,1110.0
296,5,3,44,94,212,470,1064.0
297,2,26,21,93,203,465,1019.0
298,30,9,58,105,192,522,963.0
299,5,20,17,100,171,498,858.0
300,26,21,35,91,242,454,1213.0
301,13,12,29,87,191,433,959.0
302,9,5,55,109,247,543,1238.0
303,24,14,25,106,183,526,917.0
304,22,9,29,90,216,447,1083.0
305,16,22,71,110,238,547,1191.0
306,2,7,56,106,222,527,1113.0
307,11,1,23,94,197,468,989.0
308,14,9,28,91,194,453,972.0
309,26,12,36,96,227,478,1138.0
310,29,6,32,103,268,512,1344.0
311,10,25,29,92,222,458,1114.0
312,4,14,47,107,238,535,1192.0
313,5,15,60,103,195,512,975.0
314,4,6,48,112,193,559,965.0
315,13,25,47,124,200,619,1001.0
316,5,26,37,101,243,502,1215.0
317,18,15,22,102,213,510,1067.0
318,22,3,28,82,200,410,1003.0
319,26,17,24,76,178,378,891.0
320,28,10,56,102,224,509,1123.0
321,10,22,64,104,245,516,1226.0
322,6,23,37,98,218,487,1092.0
323,14,13,72,105,234,523,1171.0
324,15,13,39,93,180,462,903.0
325,26,18,17,98,262,489,1312.0
326,21,20,37,112,303,556,1517.0
327,30,5,69,104,178,520,890.0
328,21,30,30,101,297,503,1485.0
329,28,5,68,99,198,494,990.0
330,26,16,65,83,229,411,1149.0
331,10,30,25,93,182,464,914.0
332,8,23,66,100,255,500,1278.0
333,4,18,49,115,302,572,1511.0
334,20,16,56,122,210,609,1053.0
335,16,2,17,96,273,479,1368.0
336,13,16,36,110,218,549,1092.0
337,27,20,24,109,230,544,1154.0
338,23,8,39,107,237,532,1185.0
339,4,19,62,93,231,462,1156.0
340,18,20,26,115,231,574,1155.0
341,25,26,72,112,250,558,1251.0
342,9,27,65,97,157,483,788.0
343,12,8,52,102,234,506,1172.0
344,8,28,52,97,222,485,1113.0
345,17,7,36,106,211,530,1057.0
346,24,22,27,96,267,478,1336.0
347,16,25,48,110,315,546,1576.0
348,8,14,63,98,238,486,1194.0
349,28,19,18,114,158,569,794.0
350,22,27,26,118,249,586,1249.0
351,7,18,31,105,304,522,1520.0
352,24,5,73,98,191,490,955.0
353,4,26,16,97,178,484,891.0
354,30,7,68,89,216,445,1080.0
355,3,19,44,90,187,449,936.0
356,23,29,34,113,219,561,1098.0
357,11,18,43,104,309,518,1545.0
358,25,7,32,109,271,541,1359.0
359,16,13,23,104,277,518,1387.0
360,27,1,28,110,239,548,1199.0
361,28,1,42,79,207,395,1038.0
362,20,17,18,117,251,583,1259.0
363,20,4,41,112,239,558,1195.0
364,5,27,20,107,268,535,1342.0
365,16,6,43,99,212,494,1062.0
366,5,28,20,86,185,427,927.0
367,18,28,59,111,243,553,1218.0
368,29,3,26,100,236,496,1184.0
369,14,17,42,108,258,538,1294.0
370,10,17,57,113,214,565,1074.0
371,19,20,39,82,244,406,1222.0
372,18,30,45,106,221,526,1107.0
373,15,19,69,116,246,576,1234.0
374,16,7,27,89,201,445,1008.0
375,11,27,55,116,215,579,1076.0
376,15,11,60,109,228,542,1141.0
377,7,2,23,85,263,423,1318.0
378,24,11,35,79,233,391,1169.0
379,11,25,18,108,209,536,1049.0
380,27,8,72,108,198,540,993.0
381,17,21,65,114,248,567,1241.0
382,19,1,15,98,237,490,1189.0
383,26,27,41,89,222,441,1114.0
384,9,23,28,88,261,439,1307.0
385,5,24,74,104,235,516,1175.0
386,22,20,47,96,246,479,1232.0
387,11,20,53,89,242,442,1211.0
388,7,21,15,98,231,489,1156.0
389,27,29,73,110,168,546,843.0
390,18,27,36,98,185,489,925.0
391,3,7,24,105,241,522,1207.0
392,29,8,19,98,278,488,1394.0
393,27,16,71,93,212,462,1061.0
394,5,23,43,84,200,420,1002.0
395,13,29,35,102,209,508,1048.0
396,10,16,47,99,221,495,1109.0
397,9,28,31,81,146,404,730.0
398,2,20,60,108,193,536,967.0
399,20,10,59,104,205,516,1027.0
horizon=327
