NODES,30
1,1,-,-
2,2,-,-
3,3,-,-
4,4,-,-
5,5,-,-
6,6,-,-
7,7,-,-
8,8,-,-
9,9,-,-
10,10,-,-
11,11,-,-
12,12,-,-
13,13,-,-
14,14,-,-
15,15,-,-
16,16,-,-
17,17,-,-
18,18,-,-
19,19,-,-
20,20,-,-
21,21,-,-
22,22,-,-
23,23,-,-
24,24,-,-
25,25,-,-
26,26,-,-
27,27,-,-
28,28,-,-
29,29,-,-
30,30,-,-
ARCS,679
0,1,13,3,744,665,271,1353,1353.0
1,1,19,7,1279,172,466,2326,2326.0
2,1,20,6,1427,224,519,2595,2595.0
3,1,3,1,996,246,363,1811,1811.0
4,1,7,7,848,583,309,1542,1542.0
5,1,6,6,937,187,341,1704,1704.0
6,1,11,8,773,489,282,1406,1406.0
7,1,14,8,1427,621,519,2595,2595.0
8,1,10,9,1100,665,400,2000,2000.0
9,1,9,4,402,486,147,731,731.0
10,1,22,6,863,689,314,1570,1570.0
11,1,18,8,1234,649,449,2244,2244.0
12,1,29,7,1442,552,525,2622,2622.0
13,1,2,2,268,719,98,488,488.0
14,1,8,1,833,743,303,1515,1515.0
15,2,19,2,402,337,147,731,731.0
16,2,1,9,1190,728,433,2164,2164.0
17,2,29,2,565,275,206,1028,1028.0
18,2,12,5,283,562,103,515,515.0
19,2,11,9,967,737,352,1759,1759.0
20,2,9,5,1309,492,476,2380,2380.0
21,2,17,1,699,683,255,1271,1271.0
22,2,26,7,357,720,130,650,650.0
23,2,21,6,1472,525,536,2677,2677.0
24,2,22,3,580,564,211,1055,1055.0
25,2,18,1,1427,525,519,2595,2595.0
26,2,8,4,164,576,60,299,299.0
27,2,16,9,952,306,347,1731,1731.0
28,2,5,6,1249,586,455,2271,2271.0
29,2,15,6,328,236,120,597,597.0
30,2,27,1,729,451,266,1326,1326.0
31,2,10,3,1323,309,482,2406,2406.0
32,2,24,7,536,300,195,975,975.0
33,2,4,2,1071,150,390,1948,1948.0
34,2,23,1,253,249,92,460,460.0
35,2,28,6,803,276,292,1460,1460.0
36,2,14,5,1309,167,476,2380,2380.0
37,2,25,4,833,604,303,1515,1515.0
38,2,3,7,1427,352,519,2595,2595.0
39,2,20,4,1219,366,444,2217,2217.0
40,2,13,6,1041,649,379,1893,1893.0
41,3,5,9,149,473,55,271,271.0
42,3,7,9,1130,470,411,2055,2055.0
43,3,29,7,1071,409,390,1948,1948.0
44,3,8,6,580,430,211,1055,1055.0
45,3,6,3,179,375,66,326,326.0
46,3,24,1,982,161,358,1786,1786.0
47,3,23,5,328,519,120,597,597.0
48,3,30,2,238,354,87,433,433.0
49,3,9,5,610,313,222,1110,1110.0
50,3,22,2,967,191,352,1759,1759.0
51,3,1,6,1353,424,492,2460,2460.0
52,3,25,7,1353,533,492,2460,2460.0
53,3,28,1,476,181,174,866,866.0
54,4,29,5,1011,428,368,1839,1839.0
55,4,17,7,550,719,200,1000,1000.0
56,4,22,2,1234,232,449,2244,2244.0
57,4,11,6,922,202,336,1677,1677.0
58,4,1,5,1071,732,390,1948,1948.0
59,4,26,5,149,445,55,271,271.0
60,4,18,5,1219,182,444,2217,2217.0
61,4,19,9,937,355,341,1704,1704.0
62,4,5,7,491,418,179,893,893.0
63,4,7,8,1368,540,498,2488,2488.0
64,4,6,3,952,603,347,1731,1731.0
65,4,27,1,684,480,249,1244,1244.0
66,4,21,1,1160,668,422,2110,2110.0
67,4,8,1,1368,495,498,2488,2488.0
68,4,23,7,1041,243,379,1893,1893.0
69,4,30,2,655,570,239,1191,1191.0
70,5,9,5,1472,615,536,2677,2677.0
71,5,29,6,773,723,282,1406,1406.0
72,5,28,8,521,473,190,948,948.0
73,5,12,9,1279,293,466,2326,2326.0
74,5,10,8,253,515,92,460,460.0
75,5,1,3,714,597,260,1299,1299.0
76,5,7,1,1086,384,395,1975,1975.0
77,5,23,2,446,311,163,811,811.0
78,5,11,4,1457,248,530,2650,2650.0
79,5,21,2,432,705,158,786,786.0
80,5,30,5,877,717,319,1595,1595.0
81,5,3,5,610,509,222,1110,1110.0
82,5,17,6,1353,208,492,2460,2460.0
83,5,6,6,164,735,60,299,299.0
84,5,2,1,372,543,136,677,677.0
85,5,16,2,907,679,330,1650,1650.0
86,5,25,5,1175,519,428,2137,2137.0
87,5,26,1,759,477,276,1380,1380.0
88,5,19,4,996,205,363,1811,1811.0
89,5,18,5,759,443,276,1380,1380.0
90,5,14,5,342,655,125,622,622.0
91,5,20,8,372,492,136,677,677.0
92,5,27,8,1071,242,390,1948,1948.0
93,5,24,4,1279,196,466,2326,2326.0
94,5,8,8,1442,737,525,2622,2622.0
95,6,7,5,1056,638,384,1920,1920.0
96,6,14,1,759,407,276,1380,1380.0
97,6,10,2,1234,606,449,2244,2244.0
98,6,23,2,922,625,336,1677,1677.0
99,6,17,8,818,597,298,1488,1488.0
100,6,11,2,699,591,255,1271,1271.0
101,6,3,8,1383,704,503,2515,2515.0
102,6,28,2,669,394,244,1217,1217.0
103,6,13,8,877,623,319,1595,1595.0
104,6,30,9,967,492,352,1759,1759.0
105,6,21,8,982,226,358,1786,1786.0
106,6,5,2,1294,470,471,2353,2353.0
107,6,26,4,669,389,244,1217,1217.0
108,6,8,2,922,191,336,1677,1677.0
109,6,12,7,1457,434,530,2650,2650.0
110,6,24,1,1249,278,455,2271,2271.0
111,6,4,6,1160,418,422,2110,2110.0
112,6,29,8,1427,719,519,2595,2595.0
113,6,20,2,1309,398,476,2380,2380.0
114,6,15,9,238,610,87,433,433.0
115,6,18,5,744,480,271,1353,1353.0
116,7,24,5,506,421,184,920,920.0
117,7,18,9,610,640,222,1110,1110.0
118,7,27,3,759,728,276,1380,1380.0
119,7,9,5,833,635,303,1515,1515.0
120,7,28,3,164,470,60,299,299.0
121,7,26,2,1041,673,379,1893,1893.0
122,7,10,3,848,682,309,1542,1542.0
123,7,19,3,476,641,174,866,866.0
124,7,22,2,1309,662,476,2380,2380.0
125,7,15,6,446,492,163,811,811.0
126,7,17,9,536,315,195,975,975.0
127,7,30,4,714,571,260,1299,1299.0
128,7,20,4,402,331,147,731,731.0
129,7,3,4,342,588,125,622,622.0
130,7,29,8,432,343,158,786,786.0
131,7,12,4,506,713,184,920,920.0
132,7,13,3,1026,367,374,1866,1866.0
133,7,4,9,536,674,195,975,975.0
134,7,8,8,848,607,309,1542,1542.0
135,7,25,9,1398,378,509,2542,2542.0
136,7,21,1,283,325,103,515,515.0
137,7,23,9,640,150,233,1164,1164.0
138,7,1,3,209,339,76,380,380.0
139,7,14,7,610,330,222,1110,1110.0
140,7,5,5,298,585,109,542,542.0
141,7,6,7,684,325,249,1244,1244.0
142,8,5,3,1145,252,417,2082,2082.0
143,8,25,9,773,674,282,1406,1406.0
144,8,9,9,1086,376,395,1975,1975.0
145,8,29,4,1086,397,395,1975,1975.0
146,8,30,5,1442,150,525,2622,2622.0
147,8,23,6,892,437,325,1622,1622.0
148,8,13,3,877,625,319,1595,1595.0
149,8,4,5,1383,427,503,2515,2515.0
150,8,12,5,1086,392,395,1975,1975.0
151,8,16,9,640,446,233,1164,1164.0
152,8,1,4,432,668,158,786,786.0
153,8,18,1,877,735,319,1595,1595.0
154,8,3,5,209,333,76,380,380.0
155,8,7,5,149,249,55,271,271.0
156,8,20,8,328,387,120,597,597.0
157,8,6,1,1160,579,422,2110,2110.0
158,8,17,6,1353,468,492,2460,2460.0
159,8,2,8,1026,299,374,1866,1866.0
160,8,26,7,892,586,325,1622,1622.0
161,8,24,6,268,583,98,488,488.0
162,8,11,6,1026,570,374,1866,1866.0
163,8,15,3,313,577,114,570,570.0
164,8,21,7,536,613,195,975,975.0
165,8,14,2,1323,269,482,2406,2406.0
166,9,25,1,863,232,314,1570,1570.0
167,9,18,5,1160,324,422,2110,2110.0
168,9,16,7,595,461,217,1082,1082.0
169,9,15,9,179,370,66,326,326.0
170,9,10,9,209,470,76,380,380.0
171,9,3,9,1011,351,368,1839,1839.0
172,9,29,2,313,237,114,570,570.0
173,9,1,6,699,550,255,1271,1271.0
174,9,14,9,1413,439,514,2570,2570.0
175,9,23,3,595,266,217,1082,1082.0
176,9,13,1,283,564,103,515,515.0
177,9,27,8,194,534,71,353,353.0
178,9,5,1,238,455,87,433,433.0
179,9,7,2,729,381,266,1326,1326.0
180,9,11,2,1457,232,530,2650,2650.0
181,9,28,1,149,343,55,271,271.0
182,9,20,1,1249,591,455,2271,2271.0
183,9,19,3,1145,658,417,2082,2082.0
184,9,30,1,1011,553,368,1839,1839.0
185,9,2,2,982,254,358,1786,1786.0
186,9,6,5,952,430,347,1731,1731.0
187,9,4,6,1249,275,455,2271,2271.0
188,9,26,2,967,245,352,1759,1759.0
189,9,22,6,818,692,298,1488,1488.0
190,9,24,5,1041,659,379,1893,1893.0
191,9,21,6,149,424,55,271,271.0
192,10,23,1,1427,254,519,2595,2595.0
193,10,6,3,1041,217,379,1893,1893.0
194,10,5,2,1279,367,466,2326,2326.0
195,10,16,8,149,385,55,271,271.0
196,10,1,8,1204,561,438,2190,2190.0
197,10,26,5,952,486,347,1731,1731.0
198,10,9,7,342,685,125,622,622.0
199,10,20,3,877,154,319,1595,1595.0
200,10,14,5,655,518,239,1191,1191.0
201,10,22,7,313,156,114,570,570.0
202,10,12,5,788,424,287,1433,1433.0
203,10,15,4,238,623,87,433,433.0
204,10,8,3,1309,562,476,2380,2380.0
205,10,19,7,714,300,260,1299,1299.0
206,10,25,2,1457,616,530,2650,2650.0
207,10,29,6,1190,212,433,2164,2164.0
208,10,13,5,1427,190,519,2595,2595.0
209,10,7,7,238,643,87,433,433.0
210,10,30,6,1457,200,530,2650,2650.0
211,10,28,3,788,547,287,1433,1433.0
212,10,4,1,565,536,206,1028,1028.0
213,10,11,7,863,691,314,1570,1570.0
214,10,18,2,1011,550,368,1839,1839.0
215,10,21,7,877,357,319,1595,1595.0
216,11,10,5,610,667,222,1110,1110.0
217,11,13,8,625,498,228,1137,1137.0
218,11,22,3,714,488,260,1299,1299.0
219,11,9,6,387,336,141,704,704.0
220,11,1,7,298,272,109,542,542.0
221,11,3,8,996,480,363,1811,1811.0
222,11,16,6,1100,184,400,2000,2000.0
223,11,6,3,1145,203,417,2082,2082.0
224,11,4,1,491,701,179,893,893.0
225,11,7,4,892,214,325,1622,1622.0
226,11,5,4,595,494,217,1082,1082.0
227,11,30,2,863,273,314,1570,1570.0
228,11,25,6,595,485,217,1082,1082.0
229,11,21,8,1309,190,476,2380,2380.0
230,11,29,3,1309,495,476,2380,2380.0
231,11,23,9,655,638,239,1191,1191.0
232,11,14,4,714,327,260,1299,1299.0
233,11,12,5,550,430,200,1000,1000.0
234,11,8,2,1219,650,444,2217,2217.0
235,11,20,8,313,388,114,570,570.0
236,11,15,4,669,328,244,1217,1217.0
237,11,19,4,848,655,309,1542,1542.0
238,11,24,6,1115,613,406,2028,2028.0
239,11,2,3,1204,300,438,2190,2190.0
240,12,1,4,892,345,325,1622,1622.0
241,12,16,7,298,534,109,542,542.0
242,12,9,7,1368,191,498,2488,2488.0
243,12,19,3,699,239,255,1271,1271.0
244,12,29,8,209,488,76,380,380.0
245,12,18,5,432,381,158,786,786.0
246,12,25,5,1338,242,487,2433,2433.0
247,12,21,1,1145,339,417,2082,2082.0
248,12,23,1,1056,574,384,1920,1920.0
249,12,11,4,253,582,92,460,460.0
250,12,28,8,194,476,71,353,353.0
251,12,4,9,461,673,168,839,839.0
252,12,20,4,610,458,222,1110,1110.0
253,12,14,9,1041,483,379,1893,1893.0
254,13,5,1,1011,582,368,1839,1839.0
255,13,30,9,268,366,98,488,488.0
256,13,25,9,1249,178,455,2271,2271.0
257,13,19,5,476,215,174,866,866.0
258,13,10,1,402,455,147,731,731.0
259,13,14,5,803,302,292,1460,1460.0
260,13,3,9,432,293,158,786,786.0
261,13,15,3,1368,237,498,2488,2488.0
262,13,24,3,1294,501,471,2353,2353.0
263,13,20,3,1249,182,455,2271,2271.0
264,13,11,1,1219,579,444,2217,2217.0
265,13,7,3,1234,521,449,2244,2244.0
266,13,28,9,729,643,266,1326,1326.0
267,13,17,9,699,218,255,1271,1271.0
268,13,27,7,521,621,190,948,948.0
269,13,6,7,1398,372,509,2542,2542.0
270,13,16,2,1204,156,438,2190,2190.0
271,13,2,6,268,460,98,488,488.0
272,13,4,8,595,370,217,1082,1082.0
273,13,9,6,833,652,303,1515,1515.0
274,13,12,1,640,217,233,1164,1164.0
275,13,22,5,625,479,228,1137,1137.0
276,13,23,4,283,556,103,515,515.0
277,14,6,4,1175,705,428,2137,2137.0
278,14,13,1,848,550,309,1542,1542.0
279,14,28,9,580,594,211,1055,1055.0
280,14,9,3,446,607,163,811,811.0
281,14,3,9,1011,188,368,1839,1839.0
282,14,20,1,565,397,206,1028,1028.0
283,14,15,5,1056,495,384,1920,1920.0
284,14,11,8,922,436,336,1677,1677.0
285,14,12,1,714,470,260,1299,1299.0
286,14,16,9,1338,226,487,2433,2433.0
287,14,29,5,1056,676,384,1920,1920.0
288,14,25,3,640,428,233,1164,1164.0
289,14,23,7,1264,597,460,2299,2299.0
290,14,19,5,1309,646,476,2380,2380.0
291,14,1,7,996,352,363,1811,1811.0
292,14,4,8,1383,379,503,2515,2515.0
293,14,22,6,506,705,184,920,920.0
294,14,24,7,848,415,309,1542,1542.0
295,14,8,6,595,193,217,1082,1082.0
296,14,10,7,788,190,287,1433,1433.0
297,14,21,8,1011,701,368,1839,1839.0
298,14,30,8,580,370,211,1055,1055.0
299,15,11,1,669,322,244,1217,1217.0
300,15,8,6,1234,424,449,2244,2244.0
301,15,12,8,922,528,336,1677,1677.0
302,15,27,4,1413,240,514,2570,2570.0
303,15,7,5,446,153,163,811,811.0
304,15,2,9,1368,325,498,2488,2488.0
305,15,9,8,1190,366,433,2164,2164.0
306,15,4,5,1115,379,406,2028,2028.0
307,15,13,1,372,303,136,677,677.0
308,15,16,4,1130,275,411,2055,2055.0
309,15,20,3,655,257,239,1191,1191.0
310,15,19,8,387,743,141,704,704.0
311,15,29,9,387,242,141,704,704.0
312,15,25,8,1115,744,406,2028,2028.0
313,15,21,6,328,387,120,597,597.0
314,15,23,6,387,306,141,704,704.0
315,15,1,3,952,330,347,1731,1731.0
316,15,22,7,179,476,66,326,326.0
317,15,26,3,1398,671,509,2542,2542.0
318,15,5,5,744,164,271,1353,1353.0
319,15,14,3,461,562,168,839,839.0
320,15,28,1,298,401,109,542,542.0
321,15,3,4,342,513,125,622,622.0
322,15,10,1,179,382,66,326,326.0
323,15,18,1,788,381,287,1433,1433.0
324,15,6,8,357,473,130,650,650.0
325,15,24,9,1100,421,400,2000,2000.0
326,16,15,9,967,480,352,1759,1759.0
327,16,3,2,640,249,233,1164,1164.0
328,16,2,2,328,468,120,597,597.0
329,16,19,3,1309,695,476,2380,2380.0
330,16,4,8,967,193,352,1759,1759.0
331,16,27,3,863,360,314,1570,1570.0
332,16,9,4,1175,623,428,2137,2137.0
333,16,22,8,922,369,336,1677,1677.0
334,16,24,6,446,331,163,811,811.0
335,16,5,3,1115,442,406,2028,2028.0
336,16,1,3,1130,568,411,2055,2055.0
337,16,29,3,729,303,266,1326,1326.0
338,16,8,5,1368,156,498,2488,2488.0
339,16,25,9,729,716,266,1326,1326.0
340,16,17,9,372,546,136,677,677.0
341,16,11,5,1219,442,444,2217,2217.0
342,16,13,8,1130,586,411,2055,2055.0
343,16,21,9,506,501,184,920,920.0
344,16,14,4,595,369,217,1082,1082.0
345,16,28,4,372,375,136,677,677.0
346,16,30,5,848,448,309,1542,1542.0
347,16,18,2,1249,249,455,2271,2271.0
348,16,7,8,461,415,168,839,839.0
349,16,26,3,937,428,341,1704,1704.0
350,17,14,9,684,729,249,1244,1244.0
351,17,16,2,313,419,114,570,570.0
352,17,3,5,699,595,255,1271,1271.0
353,17,18,6,982,697,358,1786,1786.0
354,17,7,1,506,221,184,920,920.0
355,17,28,5,773,361,282,1406,1406.0
356,17,6,7,164,275,60,299,299.0
357,17,23,2,565,479,206,1028,1028.0
358,17,20,5,937,278,341,1704,1704.0
359,17,12,9,417,179,152,759,759.0
360,17,11,6,1204,734,438,2190,2190.0
361,17,19,5,788,722,287,1433,1433.0
362,17,24,1,149,403,55,271,271.0
363,17,22,7,283,519,103,515,515.0
364,17,5,8,253,157,92,460,460.0
365,17,9,2,952,418,347,1731,1731.0
366,17,13,4,714,439,260,1299,1299.0
367,17,1,1,1309,565,476,2380,2380.0
368,17,30,6,238,723,87,433,433.0
369,17,21,3,1413,735,514,2570,2570.0
370,17,26,3,536,369,195,975,975.0
371,18,15,6,744,689,271,1353,1353.0
372,18,5,9,833,433,303,1515,1515.0
373,18,11,6,476,221,174,866,866.0
374,18,22,8,313,266,114,570,570.0
375,18,13,4,877,659,319,1595,1595.0
376,18,16,4,506,528,184,920,920.0
377,18,24,5,1294,553,471,2353,2353.0
378,18,8,3,1309,525,476,2380,2380.0
379,18,12,4,313,503,114,570,570.0
380,18,28,4,461,550,168,839,839.0
381,18,3,6,1190,491,433,2164,2164.0
382,18,1,9,328,677,120,597,597.0
383,18,25,1,892,401,325,1622,1622.0
384,18,9,4,1338,480,487,2433,2433.0
385,18,21,5,714,415,260,1299,1299.0
386,18,17,5,1457,637,530,2650,2650.0
387,18,4,9,996,451,363,1811,1811.0
388,18,20,2,313,234,114,570,570.0
389,18,23,4,1323,546,482,2406,2406.0
390,18,30,4,892,626,325,1622,1622.0
391,18,10,9,1442,296,525,2622,2622.0
392,18,7,5,1413,406,514,2570,2570.0
393,18,2,5,1011,233,368,1839,1839.0
394,18,6,6,714,424,260,1299,1299.0
395,18,29,4,655,568,239,1191,1191.0
396,19,29,7,387,431,141,704,704.0
397,19,2,6,610,720,222,1110,1110.0
398,19,14,6,892,698,325,1622,1622.0
399,19,18,3,536,524,195,975,975.0
400,19,24,6,402,267,147,731,731.0
401,19,28,3,417,232,152,759,759.0
402,19,13,7,1368,612,498,2488,2488.0
403,19,22,2,1100,217,400,2000,2000.0
404,19,10,9,892,676,325,1622,1622.0
405,19,16,1,521,407,190,948,948.0
406,19,21,6,1249,637,455,2271,2271.0
407,19,23,4,1264,521,460,2299,2299.0
408,19,4,4,402,691,147,731,731.0
409,19,3,6,417,586,152,759,759.0
410,19,25,8,759,644,276,1380,1380.0
411,19,1,7,1383,449,503,2515,2515.0
412,19,20,3,1115,273,406,2028,2028.0
413,19,15,2,1323,463,482,2406,2406.0
414,19,7,5,1100,188,400,2000,2000.0
415,19,5,9,476,427,174,866,866.0
416,20,7,8,432,172,158,786,786.0
417,20,16,4,729,258,266,1326,1326.0
418,20,14,8,744,340,271,1353,1353.0
419,20,24,5,937,154,341,1704,1704.0
420,20,1,9,610,182,222,1110,1110.0
421,20,9,9,1323,161,482,2406,2406.0
422,20,26,3,848,358,309,1542,1542.0
423,20,18,4,729,443,266,1326,1326.0
424,20,8,2,223,190,82,406,406.0
425,20,5,1,1472,564,536,2677,2677.0
426,20,10,5,1056,543,384,1920,1920.0
427,20,25,4,446,697,163,811,811.0
428,20,13,8,565,637,206,1028,1028.0
429,20,21,1,1368,330,498,2488,2488.0
430,20,2,4,1056,522,384,1920,1920.0
431,20,22,8,1338,588,487,2433,2433.0
432,20,29,9,1309,582,476,2380,2380.0
433,20,3,2,372,232,136,677,677.0
434,20,11,7,1100,410,400,2000,2000.0
435,20,19,7,1398,507,509,2542,2542.0
436,20,23,3,1115,616,406,2028,2028.0
437,20,4,4,1086,489,395,1975,1975.0
438,20,12,6,1279,167,466,2326,2326.0
439,20,30,1,164,205,60,299,299.0
440,20,15,7,194,542,71,353,353.0
441,20,17,3,610,488,222,1110,1110.0
442,20,27,9,1071,446,390,1948,1948.0
443,20,28,7,164,661,60,299,299.0
444,21,15,3,387,428,141,704,704.0
445,21,17,8,1472,187,536,2677,2677.0
446,21,22,1,298,284,109,542,542.0
447,21,28,9,1219,272,444,2217,2217.0
448,21,1,5,164,460,60,299,299.0
449,21,9,8,877,363,319,1595,1595.0
450,21,20,3,759,601,276,1380,1380.0
451,21,12,7,595,609,217,1082,1082.0
452,21,27,2,372,543,136,677,677.0
453,21,23,3,1457,571,530,2650,2650.0
454,21,19,7,1398,539,509,2542,2542.0
455,21,8,3,1204,169,438,2190,2190.0
456,21,29,1,550,586,200,1000,1000.0
457,21,24,3,1086,600,395,1975,1975.0
458,21,30,1,1398,468,509,2542,2542.0
459,21,25,1,982,257,358,1786,1786.0
460,21,3,1,1383,419,503,2515,2515.0
461,21,7,6,1086,698,395,1975,1975.0
462,21,26,1,744,652,271,1353,1353.0
463,21,5,1,253,281,92,460,460.0
464,21,6,3,1264,597,460,2299,2299.0
465,21,11,9,640,732,233,1164,1164.0
466,21,4,6,550,436,200,1000,1000.0
467,21,13,5,1086,199,395,1975,1975.0
468,21,14,8,1115,324,406,2028,2028.0
469,22,3,8,744,570,271,1353,1353.0
470,22,17,7,402,500,147,731,731.0
471,22,20,7,149,196,55,271,271.0
472,22,29,8,521,164,190,948,948.0
473,22,21,4,773,680,282,1406,1406.0
474,22,12,4,996,294,363,1811,1811.0
475,22,14,3,536,582,195,975,975.0
476,22,4,9,1264,415,460,2299,2299.0
477,22,30,4,655,163,239,1191,1191.0
478,22,2,9,818,740,298,1488,1488.0
479,22,16,3,729,291,266,1326,1326.0
480,22,6,1,1145,710,417,2082,2082.0
481,22,8,4,877,385,319,1595,1595.0
482,22,15,2,506,723,184,920,920.0
483,22,23,7,744,737,271,1353,1353.0
484,22,24,1,1353,705,492,2460,2460.0
485,22,25,5,669,355,244,1217,1217.0
486,22,10,6,655,460,239,1191,1191.0
487,22,9,3,892,685,325,1622,1622.0
488,22,13,9,625,588,228,1137,1137.0
489,22,19,4,1160,695,422,2110,2110.0
490,22,5,4,669,428,244,1217,1217.0
491,22,18,4,625,516,228,1137,1137.0
492,22,1,9,818,694,298,1488,1488.0
493,23,19,1,759,209,276,1380,1380.0
494,23,20,7,610,522,222,1110,1110.0
495,23,16,1,1175,305,428,2137,2137.0
496,23,26,1,684,352,249,1244,1244.0
497,23,28,9,1472,316,536,2677,2677.0
498,23,8,7,283,167,103,515,515.0
499,23,21,9,655,738,239,1191,1191.0
500,23,22,3,1249,673,455,2271,2271.0
501,23,17,2,937,685,341,1704,1704.0
502,23,1,5,342,623,125,622,622.0
503,23,25,2,521,193,190,948,948.0
504,23,14,3,1145,486,417,2082,2082.0
505,23,3,2,1026,689,374,1866,1866.0
506,23,30,8,342,741,125,622,622.0
507,23,15,7,1427,477,519,2595,2595.0
508,23,27,6,268,650,98,488,488.0
509,23,5,7,892,561,325,1622,1622.0
510,23,9,2,328,492,120,597,597.0
511,23,12,3,907,688,330,1650,1650.0
512,23,6,6,669,294,244,1217,1217.0
513,23,29,6,1249,641,455,2271,2271.0
514,23,10,3,149,713,55,271,271.0
515,23,11,2,625,454,228,1137,1137.0
516,24,20,1,1398,309,509,2542,2542.0
517,24,2,4,1086,556,395,1975,1975.0
518,24,15,1,1323,166,482,2406,2406.0
519,24,12,4,1413,531,514,2570,2570.0
520,24,11,1,1234,300,449,2244,2244.0
521,24,5,4,892,670,325,1622,1622.0
522,24,21,9,699,156,255,1271,1271.0
523,24,29,6,253,521,92,460,460.0
524,24,4,1,655,205,239,1191,1191.0
525,24,25,9,803,467,292,1460,1460.0
526,24,18,4,892,316,325,1622,1622.0
527,24,9,1,194,530,71,353,353.0
528,24,1,1,1145,571,417,2082,2082.0
529,24,6,9,328,722,120,597,597.0
530,24,16,1,1294,506,471,2353,2353.0
531,24,26,7,788,618,287,1433,1433.0
532,24,28,6,1071,679,390,1948,1948.0
533,24,30,9,1086,537,395,1975,1975.0
534,24,8,1,476,382,174,866,866.0
535,24,23,9,1100,279,400,2000,2000.0
536,24,17,4,446,689,163,811,811.0
537,25,14,2,1383,351,503,2515,2515.0
538,25,7,3,982,150,358,1786,1786.0
539,25,3,9,1442,498,525,2622,2622.0
540,25,13,8,461,176,168,839,839.0
541,25,2,1,179,613,66,326,326.0
542,25,17,1,1383,324,503,2515,2515.0
543,25,9,5,744,592,271,1353,1353.0
544,25,12,9,1398,542,509,2542,2542.0
545,25,21,3,759,667,276,1380,1380.0
546,25,30,9,1100,297,400,2000,2000.0
547,25,1,1,907,439,330,1650,1650.0
548,25,26,2,1368,378,498,2488,2488.0
549,25,23,3,1130,166,411,2055,2055.0
550,25,6,8,684,367,249,1244,1244.0
551,25,15,5,699,509,255,1271,1271.0
552,25,28,4,1026,697,374,1866,1866.0
553,25,20,4,1264,738,460,2299,2299.0
554,25,8,4,1086,637,395,1975,1975.0
555,25,4,5,1204,425,438,2190,2190.0
556,25,22,3,759,510,276,1380,1380.0
557,25,18,7,1442,406,525,2622,2622.0
558,25,5,4,1160,455,422,2110,2110.0
559,25,29,7,892,324,325,1622,1622.0
560,25,16,4,357,719,130,650,650.0
561,25,19,2,803,248,292,1460,1460.0
562,26,15,9,1413,662,514,2570,2570.0
563,26,10,2,417,269,152,759,759.0
564,26,18,9,1056,352,384,1920,1920.0
565,26,11,8,610,318,222,1110,1110.0
566,26,1,5,848,331,309,1542,1542.0
567,26,17,6,967,686,352,1759,1759.0
568,26,30,1,149,302,55,271,271.0
569,26,9,3,1219,184,444,2217,2217.0
570,26,7,4,863,720,314,1570,1570.0
571,26,28,3,684,354,249,1244,1244.0
572,26,29,6,342,272,125,622,622.0
573,26,14,9,1219,494,444,2217,2217.0
574,26,24,7,238,263,87,433,433.0
575,26,8,7,922,363,336,1677,1677.0
576,26,16,1,1204,533,438,2190,2190.0
577,26,5,8,506,234,184,920,920.0
578,26,19,5,1190,437,433,2164,2164.0
579,26,12,2,937,442,341,1704,1704.0
580,26,27,2,253,173,92,460,460.0
581,26,21,7,952,245,347,1731,1731.0
582,26,4,7,565,321,206,1028,1028.0
583,27,1,8,417,659,152,759,759.0
584,27,22,8,194,658,71,353,353.0
585,27,7,6,1472,200,536,2677,2677.0
586,27,8,6,550,446,200,1000,1000.0
587,27,10,1,907,381,330,1650,1650.0
588,27,2,9,1338,378,487,2433,2433.0
589,27,17,4,1249,291,455,2271,2271.0
590,27,20,2,372,232,136,677,677.0
591,27,14,7,342,582,125,622,622.0
592,27,11,6,298,439,109,542,542.0
593,27,28,2,238,479,87,433,433.0
594,27,30,2,238,731,87,433,433.0
595,27,3,3,1279,615,466,2326,2326.0
596,27,26,9,387,436,141,704,704.0
597,27,15,2,922,424,336,1677,1677.0
598,27,18,1,1249,258,455,2271,2271.0
599,27,9,8,179,492,66,326,326.0
600,27,5,8,937,288,341,1704,1704.0
601,27,23,9,1115,694,406,2028,2028.0
602,27,25,8,788,334,287,1433,1433.0
603,27,13,4,714,558,260,1299,1299.0
604,27,4,4,313,674,114,570,570.0
605,27,16,3,818,170,298,1488,1488.0
606,27,24,7,863,305,314,1570,1570.0
607,27,6,9,1011,267,368,1839,1839.0
608,27,29,4,714,492,260,1299,1299.0
609,27,21,3,1011,209,368,1839,1839.0
610,27,12,7,1457,360,530,2650,2650.0
611,27,19,1,521,640,190,948,948.0
612,28,21,3,744,343,271,1353,1353.0
613,28,1,3,1413,731,514,2570,2570.0
614,28,29,2,328,500,120,597,597.0
615,28,17,6,179,372,66,326,326.0
616,28,5,5,536,387,195,975,975.0
617,28,4,7,1309,491,476,2380,2380.0
618,28,14,4,1338,597,487,2433,2433.0
619,28,11,1,1115,442,406,2028,2028.0
620,28,3,6,194,308,71,353,353.0
621,28,12,9,1115,279,406,2028,2028.0
622,28,7,5,491,232,179,893,893.0
623,28,10,9,357,533,130,650,650.0
624,28,24,4,283,410,103,515,515.0
625,28,15,1,907,710,330,1650,1650.0
626,28,20,3,536,309,195,975,975.0
627,28,16,3,1279,410,466,2326,2326.0
628,28,9,5,982,275,358,1786,1786.0
629,28,27,6,1115,622,406,2028,2028.0
630,29,25,9,1234,395,449,2244,2244.0
631,29,13,3,1338,275,487,2433,2433.0
632,29,22,9,729,518,266,1326,1326.0
633,29,17,8,937,504,341,1704,1704.0
634,29,7,6,1353,355,492,2460,2460.0
635,29,24,9,342,539,125,622,622.0
636,29,6,9,491,300,179,893,893.0
637,29,12,5,877,223,319,1595,1595.0
638,29,3,6,1353,658,492,2460,2460.0
639,29,15,4,1353,355,492,2460,2460.0
640,29,1,4,565,543,206,1028,1028.0
641,29,30,7,253,738,92,460,460.0
642,29,14,8,194,315,71,353,353.0
643,29,11,1,550,269,200,1000,1000.0
644,29,26,8,1368,364,498,2488,2488.0
645,29,28,1,967,668,352,1759,1759.0
646,29,4,4,655,673,239,1191,1191.0
647,29,5,8,982,728,358,1786,1786.0
648,29,21,5,625,539,228,1137,1137.0
649,29,27,9,1472,725,536,2677,2677.0
650,29,10,1,1264,515,460,2299,2299.0
651,29,16,3,744,299,271,1353,1353.0
652,29,8,6,387,680,141,704,704.0
653,29,19,8,1368,442,498,2488,2488.0
654,29,23,2,1398,439,509,2542,2542.0
655,30,1,9,1398,589,509,2542,2542.0
656,30,17,8,461,743,168,839,839.0
657,30,8,5,1011,626,368,1839,1839.0
658,30,20,7,892,698,325,1622,1622.0
659,30,2,3,387,597,141,704,704.0
660,30,15,1,1056,634,384,1920,1920.0
661,30,22,2,432,187,158,786,786.0
662,30,14,4,1086,443,395,1975,1975.0
663,30,10,4,788,156,287,1433,1433.0
664,30,12,1,729,389,266,1326,1326.0
665,30,26,5,268,379,98,488,488.0
666,30,25,6,1071,607,390,1948,1948.0
667,30,18,7,1442,205,525,2622,2622.0
668,30,28,6,580,734,211,1055,1055.0
669,30,4,4,342,333,125,622,622.0
670,30,9,6,402,711,147,731,731.0
671,30,19,7,1160,309,422,2110,2110.0
672,30,13,3,1338,333,487,2433,2433.0
673,30,29,6,1413,734,514,2570,2570.0
674,30,21,2,1427,637,519,2595,2595.0
675,30,3,1,892,509,325,1622,1622.0
676,30,24,5,1190,397,433,2164,2164.0
677,30,23,8,714,646,260,1299,1299.0
678,30,27,9,714,550,260,1299,1299.0
COMMODITIES,400
0,18,3,52,239,561,1193,2805.0
1,15,23,28,200,425,998,2127.0
2,9,2,40,208,523,1039,2618.0
3,5,30,40,271,553,1353,2765.0
4,9,4,51,223,532,1113,2660.0
5,29,18,74,176,719,879,3599.0
6,2,14,67,217,589,1082,2949.0
7,19,17,21,211,508,1053,2540.0
8,6,20,41,260,578,1298,2891.0
9,18,10,36,177,507,884,2537.0
10,19,21,50,304,704,1519,3523.0
11,22,9,66,218,594,1090,2971.0
12,21,7,61,230,599,1150,2996.0
13,9,21,32,178,329,887,1649.0
14,27,25,52,153,564,763,2824.0
15,13,29,42,222,639,1108,3195.0
16,15,6,16,238,466,1188,2330.0
17,2,22,61,271,556,1355,2784.0
18,3,8,33,258,565,1289,2825.0
19,14,9,56,202,445,1010,2227.0
20,6,10,18,217,470,1083,2350.0
21,6,22,45,197,413,984,2066.0
22,30,20,74,148,468,740,2340.0
23,17,7,72,176,467,880,2337.0
24,25,21,58,215,578,1071,2894.0
25,30,24,56,214,520,1069,2601.0
26,19,30,18,185,513,925,2566.0
27,10,22,18,192,385,959,1929.0
28,24,17,57,248,503,1240,2516.0
29,16,20,50,215,619,1071,3095.0
30,8,17,57,247,542,1232,2710.0
31,22,30,71,197,377,984,1889.0
32,9,13,57,212,404,1058,2022.0
33,14,21,61,238,570,1186,2852.0
34,17,20,37,253,517,1264,2587.0
35,9,16,58,234,463,1167,2316.0
36,12,1,19,216,529,1080,2645.0
37,27,28,58,135,356,672,1780.0
38,29,25,41,224,657,1120,3285.0
39,6,23,47,186,517,926,2587.0
40,1,13,66,236,590,1177,2952.0
41,8,25,15,179,551,895,2756.0
42,17,23,51,202,501,1008,2508.0
43,5,27,41,216,570,1080,2851.0
44,27,5,44,182,440,909,2203.0
45,5,29,45,252,621,1256,3106.0
46,13,23,53,161,380,804,1904.0
47,7,17,31,269,493,1345,2466.0
48,23,12,61,157,575,782,2878.0
49,7,2,25,237,495,1184,2475.0
50,26,17,26,227,560,1133,2802.0
51,20,13,36,138,480,687,2402.0
52,16,7,45,129,422,641,2110.0
53,28,7,74,210,506,1046,2533.0
54,1,4,30,163,616,814,3082.0
55,5,28,51,175,445,872,2229.0
56,21,1,28,245,429,1223,2145.0
57,9,6,59,202,454,1006,2271.0
58,25,13,56,216,493,1079,2468.0
59,29,19,16,223,684,1111,3420.0
60,5,23,53,226,513,1130,2567.0
61,6,17,31,178,549,889,2748.0
62,25,4,21,181,630,904,3151.0
63,26,20,56,218,522,1086,2611.0
64,19,27,48,239,629,1193,3149.0
65,27,24,43,223,489,1112,2447.0
66,28,13,40,180,531,897,2658.0
67,18,29,51,254,577,1267,2886.0
68,3,23,74,286,492,1428,2460.0
69,19,23,17,209,597,1045,2985.0
70,15,9,41,291,599,1453,2996.0
71,18,7,71,253,626,1261,3131.0
72,24,8,29,212,486,1059,2432.0
73,14,4,27,211,648,1052,3244.0
74,15,14,18,247,497,1234,2485.0
75,10,25,68,232,664,1158,3323.0
76,5,17,72,221,580,1103,2903.0
77,18,17,41,217,548,1081,2744.0
78,17,21,45,253,544,1263,2723.0
79,18,6,28,241,575,1205,2875.0
80,20,9,62,183,489,914,2448.0
81,2,28,62,282,544,1406,2722.0
82,12,2,54,206,537,1030,2689.0
83,19,15,15,134,499,667,2495.0
84,28,9,59,216,481,1080,2409.0
85,27,16,44,139,443,692,2215.0
86,3,30,74,224,381,1118,1906.0
87,28,1,35,188,551,938,2758.0
88,30,8,66,209,525,1042,2625.0
89,27,3,27,286,548,1428,2744.0
90,25,5,49,239,645,1192,3226.0
91,4,1,71,194,627,966,3136.0
92,22,15,62,204,447,1019,2235.0
93,17,16,24,154,376,767,1880.0
94,26,16,62,160,443,798,2219.0
95,20,1,40,168,492,839,2464.0
96,6,16,55,210,530,1048,2650.0
97,19,9,38,202,512,1006,2564.0
98,30,19,16,205,627,1025,3137.0
99,4,11,21,236,589,1176,2946.0
100,2,11,53,171,489,855,2447.0
101,4,8,26,204,587,1019,2935.0
102,26,25,15,198,685,987,3426.0
103,16,21,31,207,492,1031,2460.0
104,7,23,20,201,542,1003,2713.0
105,29,7,15,190,487,949,2439.0
106,29,10,19,226,615,1126,3078.0
107,16,9,63,184,541,920,2709.0
108,26,7,15,201,530,1001,2651.0
109,25,8,69,207,417,1031,2087.0
110,23,10,63,146,317,729,1589.0
111,2,27,27,194,509,966,2546.0
112,26,23,39,202,604,1007,3021.0
113,13,18,59,258,718,1289,3594.0
114,2,24,61,228,456,1139,2280.0
115,9,30,52,270,538,1349,2692.0
116,21,25,41,228,665,1139,3326.0
117,22,2,46,200,535,996,2676.0
118,28,19,27,197,622,985,3114.0
119,16,2,63,222,451,1108,2257.0
120,12,22,63,207,531,1031,2656.0
121,30,25,74,228,693,1138,3469.0
122,16,24,41,157,433,781,2166.0
123,14,28,40,241,576,1205,2882.0
124,9,27,67,184,364,916,1821.0
125,13,7,25,217,549,1084,2745.0
126,15,27,61,141,460,701,2300.0
127,16,13,18,180,625,896,3128.0
128,8,23,65,260,582,1298,2912.0
129,25,11,52,261,637,1304,3186.0
130,15,19,50,107,345,534,1727.0
131,14,24,32,277,711,1381,3558.0
132,2,23,57,200,393,996,1968.0
133,15,13,36,223,490,1115,2451.0
134,29,22,58,214,557,1066,2789.0
135,12,3,62,284,541,1419,2707.0
136,14,20,58,176,480,879,2402.0
137,24,10,62,183,424,912,2122.0
138,29,23,36,178,612,889,3062.0
139,26,8,70,200,584,1000,2922.0
140,17,1,17,176,512,878,2562.0
141,21,18,68,252,699,1256,3499.0
142,24,11,19,276,618,1379,3094.0
143,30,22,55,240,482,1198,2413.0
144,16,28,22,166,387,830,1939.0
145,26,10,71,189,437,943,2189.0
146,17,4,57,244,531,1216,2655.0
147,28,16,29,224,483,1120,2417.0
148,30,5,59,222,557,1108,2789.0
149,7,16,62,216,542,1079,2711.0
150,7,1,74,237,415,1183,2076.0
151,4,13,43,208,607,1038,3038.0
152,30,17,29,174,454,870,2270.0
153,29,6,57,216,495,1077,2476.0
154,22,17,40,195,443,973,2218.0
155,3,24,29,173,545,862,2727.0
156,13,20,57,201,595,1002,2975.0
157,14,23,61,204,657,1018,3289.0
158,19,6,52,191,496,955,2480.0
159,14,25,68,209,584,1045,2923.0
160,7,13,29,183,609,911,3047.0
161,19,18,41,262,546,1310,2732.0
162,17,5,23,151,325,753,1629.0
163,21,15,18,194,415,969,2077.0
164,24,3,68,221,508,1101,2540.0
165,22,28,23,227,468,1131,2341.0
166,19,16,43,231,505,1153,2528.0
167,26,19,20,195,566,973,2830.0
168,11,21,49,234,542,1170,2711.0
169,13,11,56,266,635,1326,3178.0
170,13,24,66,224,605,1116,3027.0
171,24,5,20,202,468,1008,2344.0
172,16,15,17,186,547,929,2736.0
173,25,19,52,153,448,765,2241.0
174,30,11,58,242,630,1209,3154.0
175,5,20,70,224,446,1119,2230.0
176,20,16,34,259,553,1292,2767.0
177,4,29,72,265,560,1322,2800.0
178,11,5,33,136,453,676,2267.0
179,23,30,72,213,456,1065,2280.0
180,25,22,42,230,586,1147,2931.0
181,30,6,21,183,521,911,2609.0
182,8,14,19,176,511,879,2555.0
183,2,4,29,219,573,1093,2869.0
184,9,5,53,256,443,1277,2215.0
185,18,20,42,174,371,870,1857.0
186,23,6,54,237,606,1185,3030.0
187,25,2,55,197,327,982,1636.0
188,5,19,43,170,592,848,2962.0
189,6,7,17,231,565,1154,2826.0
190,9,14,56,219,501,1094,2507.0
191,4,20,45,228,611,1136,3058.0
192,28,27,19,162,531,806,2656.0
193,14,7,38,246,624,1226,3120.0
194,20,12,44,227,629,1132,3149.0
195,16,23,31,161,462,805,2311.0
196,8,20,32,197,439,983,2198.0
197,15,18,50,207,606,1032,3032.0
198,9,3,68,206,457,1030,2288.0
199,9,7,44,194,450,968,2252.0
200,9,15,18,130,290,646,1451.0
201,1,10,73,221,575,1105,2879.0
202,10,27,27,210,532,1050,2664.0
203,2,3,22,220,465,1100,2326.0
204,27,7,31,241,556,1201,2782.0
205,25,1,24,235,610,1174,3054.0
206,25,27,45,226,560,1127,2803.0
207,26,5,68,235,510,1174,2554.0
208,12,10,65,204,538,1017,2690.0
209,24,18,51,175,632,871,3164.0
210,11,4,65,241,509,1204,2545.0
211,7,24,70,159,434,794,2174.0
212,15,24,60,225,573,1121,2866.0
213,1,6,28,242,636,1209,3182.0
214,19,28,27,252,507,1256,2537.0
215,3,11,15,219,651,1091,3258.0
216,5,1,20,235,562,1174,2811.0
217,19,26,58,194,485,969,2426.0
218,25,16,61,194,421,967,2106.0
219,9,22,49,197,452,985,2261.0
220,2,13,54,183,547,915,2735.0
221,4,7,39,234,638,1166,3191.0
222,6,15,30,182,376,909,1881.0
223,27,29,45,249,550,1244,2750.0
224,25,7,73,175,437,873,2186.0
225,7,5,21,267,506,1331,2532.0
226,15,4,50,223,615,1115,3078.0
227,3,16,41,219,535,1092,2678.0
228,5,9,58,142,464,706,2320.0
229,7,4,33,250,562,1250,2810.0
230,15,8,62,230,533,1150,2669.0
231,20,22,68,227,478,1134,2391.0
232,22,3,26,262,548,1307,2742.0
233,10,8,21,169,545,841,2725.0
234,14,6,39,191,611,952,3057.0
235,4,9,41,168,463,837,2318.0
236,4,27,36,253,469,1264,2346.0
237,22,14,42,202,529,1010,2646.0
238,10,6,69,247,601,1235,3009.0
239,5,6,59,157,334,783,1674.0
240,3,21,41,242,588,1210,2943.0
241,9,23,34,160,466,796,2334.0
242,6,2,36,187,613,931,3069.0
243,8,15,44,166,370,827,1854.0
244,5,8,59,228,545,1140,2727.0
245,23,13,61,248,585,1240,2926.0
246,10,15,63,172,365,857,1828.0
247,16,18,17,203,681,1014,3406.0
248,19,12,70,237,619,1184,3096.0
249,24,23,57,228,616,1139,3080.0
250,21,6,27,230,520,1146,2600.0
251,30,7,18,139,499,693,2497.0
252,26,11,23,216,494,1079,2471.0
253,21,23,44,193,518,961,2592.0
254,28,3,58,195,356,971,1784.0
255,6,27,53,209,655,1044,3276.0
256,10,16,45,161,330,803,1650.0
257,24,12,67,227,647,1132,3237.0
258,9,10,52,180,341,897,1707.0
259,30,2,60,253,515,1263,2575.0
260,29,26,74,233,519,1163,2599.0
261,25,23,19,208,482,1038,2412.0
262,4,6,48,128,481,638,2409.0
263,23,29,44,194,553,967,2766.0
264,27,12,23,190,579,949,2896.0
265,14,5,68,153,507,761,2538.0
266,1,5,40,153,490,762,2452.0
267,12,21,66,206,574,1027,2870.0
268,24,27,48,213,466,1062,2332.0
269,12,9,56,296,646,1477,3231.0
270,27,6,46,204,499,1019,2497.0
271,8,28,65,252,454,1256,2272.0
272,29,2,37,224,560,1118,2804.0
273,1,21,43,157,474,785,2371.0
274,18,4,61,235,641,1175,3207.0
275,9,17,62,204,399,1019,1999.0
276,27,17,74,196,424,977,2122.0
277,7,15,63,197,439,983,2199.0
278,30,21,21,230,525,1150,2626.0
279,29,5,74,194,577,967,2889.0
280,25,10,56,172,496,858,2484.0
281,12,17,24,181,404,904,2020.0
282,29,30,34,151,324,751,1620.0
283,15,26,50,239,622,1192,3113.0
284,20,7,21,242,497,1208,2486.0
285,5,26,32,135,526,674,2634.0
286,26,29,59,221,453,1103,2268.0
287,30,4,65,160,407,799,2038.0
288,8,24,57,242,423,1209,2117.0
289,1,22,16,214,590,1066,2954.0
290,10,30,74,207,547,1032,2737.0
291,26,6,73,210,499,1049,2498.0
292,3,13,47,216,592,1077,2962.0
293,24,25,70,229,665,1143,3329.0
294,15,7,22,200,440,996,2204.0
295,10,9,64,218,420,1089,2100.0
296,15,28,37,197,434,984,2172.0
297,29,12,65,235,678,1173,3391.0
298,24,19,65,211,606,1053,3034.0
299,24,28,70,186,405,929,2028.0
300,16,8,64,224,512,1119,2562.0
301,5,3,46,246,602,1227,3011.0
302,14,29,15,207,617,1033,3088.0
303,22,29,52,186,475,928,2375.0
304,16,12,32,172,498,856,2492.0
305,1,19,32,182,570,906,2852.0
306,17,18,58,178,590,889,2950.0
307,29,20,45,236,633,1177,3167.0
308,29,13,18,263,643,1315,3217.0
309,20,4,65,180,477,897,2387.0
310,6,4,51,206,654,1027,3274.0
311,25,15,66,217,520,1084,2603.0
312,23,15,19,169,393,841,1969.0
313,19,7,25,183,611,913,3059.0
314,25,14,72,226,670,1127,3354.0
315,22,27,33,211,591,1054,2955.0
316,21,27,53,220,453,1098,2267.0
317,10,3,30,293,620,1462,3101.0
318,10,1,36,220,490,1096,2451.0
319,9,29,54,233,458,1164,2290.0
320,22,11,29,213,686,1062,3433.0
321,3,12,17,292,694,1457,3473.0
322,16,22,73,187,522,931,2613.0
323,30,28,22,224,533,1120,2669.0
324,5,2,66,219,462,1093,2313.0
325,2,8,44,222,369,1107,1849.0
326,1,30,52,199,613,992,3066.0
327,11,10,34,212,570,1056,2852.0
328,2,25,16,165,552,823,2764.0
329,26,27,22,182,359,907,1798.0
330,24,29,25,229,435,1143,2179.0
331,21,2,49,211,453,1051,2265.0
332,9,18,60,307,756,1532,3783.0
333,21,8,63,217,557,1081,2785.0
334,6,25,48,160,639,797,3199.0
335,11,22,52,178,531,888,2659.0
336,6,8,28,131,521,655,2608.0
337,12,7,41,205,548,1025,2741.0
338,28,14,48,138,464,688,2322.0
339,8,27,60,228,582,1139,2912.0
340,6,9,21,146,499,727,2499.0
341,28,30,15,191,455,953,2276.0
342,29,17,38,163,540,814,2700.0
343,4,5,45,220,494,1096,2470.0
344,16,25,70,290,666,1448,3334.0
345,25,24,71,216,531,1076,2655.0
346,25,29,23,227,605,1132,3026.0
347,6,26,66,246,593,1229,2967.0
348,25,20,47,161,528,803,2642.0
349,18,24,44,203,623,1011,3119.0
350,26,22,67,210,486,1048,2433.0
351,16,10,15,202,578,1010,2894.0
352,13,17,53,208,571,1038,2856.0
353,7,8,66,236,546,1177,2734.0
354,12,6,26,186,492,930,2463.0
355,25,3,59,229,538,1143,2690.0
356,6,5,34,196,557,978,2786.0
357,28,11,15,296,702,1477,3513.0
358,18,5,63,236,634,1178,3171.0
359,6,28,25,162,452,806,2263.0
360,19,1,41,174,598,867,2993.0
361,2,12,36,266,475,1329,2376.0
362,13,26,24,280,559,1398,2798.0
363,30,16,70,249,663,1244,3319.0
364,22,1,58,174,546,868,2734.0
365,25,6,25,158,489,789,2448.0
366,10,2,24,239,506,1191,2534.0
367,19,22,21,189,624,944,3124.0
368,27,1,45,166,414,826,2071.0
369,10,28,47,227,466,1131,2334.0
370,21,3,32,192,567,959,2837.0
371,13,4,63,222,551,1108,2758.0
372,22,25,45,217,524,1081,2623.0
373,16,5,63,215,548,1074,2744.0
374,2,19,41,251,516,1251,2581.0
375,16,27,70,158,563,790,2819.0
376,27,30,34,219,438,1093,2192.0
377,16,1,51,181,542,903,2713.0
378,28,21,51,152,459,758,2295.0
379,28,24,61,164,337,818,1686.0
380,21,10,60,261,561,1303,2808.0
381,17,8,51,245,560,1224,2800.0
382,25,26,68,229,510,1143,2550.0
383,19,5,60,245,533,1221,2665.0
384,12,29,69,212,371,1056,1857.0
385,20,15,18,223,394,1111,1973.0
386,29,14,73,150,307,746,1539.0
387,16,30,52,222,549,1106,2746.0
388,24,16,19,152,459,759,2295.0
389,27,11,46,190,401,948,2009.0
390,19,8,18,165,560,824,2800.0
391,11,30,31,240,517,1200,2585.0
392,27,23,28,173,533,865,2669.0
393,4,30,55,200,415,1000,2078.0
394,26,13,49,193,556,962,2783.0
395,25,9,69,184,543,916,2715.0
396,10,13,19,211,591,1053,2956.0
397,29,3,57,225,548,1122,2740.0
398,24,9,21,278,407,1387,2039.0
399,25,30,25,216,562,1080,2811.0
horizon=756
