NODES,30
1,1,-,-
2,2,-,-
3,3,-,-
4,4,-,-
5,5,-,-
6,6,-,-
7,7,-,-
8,8,-,-
9,9,-,-
10,10,-,-
11,11,-,-
12,12,-,-
13,13,-,-
14,14,-,-
15,15,-,-
16,16,-,-
17,17,-,-
18,18,-,-
19,19,-,-
20,20,-,-
21,21,-,-
22,22,-,-
23,23,-,-
24,24,-,-
25,25,-,-
26,26,-,-
27,27,-,-
28,28,-,-
29,29,-,-
30,30,-,-
ARCS,678
0,1,9,2,485,523,177,882,882.0
1,1,6,4,111,454,41,202,202.0
2,1,13,9,479,536,175,871,871.0
3,1,19,4,508,527,185,924,924.0
4,1,7,3,245,497,90,446,446.0
5,1,4,9,333,282,122,606,606.0
6,1,23,8,181,432,66,330,330.0
7,1,5,9,549,355,200,999,999.0
8,1,2,2,315,523,115,573,573.0
9,1,20,7,572,461,208,1040,1040.0
10,1,16,2,397,381,145,722,722.0
11,1,11,9,531,465,194,966,966.0
12,1,12,4,380,544,139,691,691.0
13,1,21,4,140,222,51,255,255.0
14,1,26,8,88,290,32,160,160.0
15,1,18,2,555,509,202,1010,1010.0
16,1,15,2,205,317,75,373,373.0
17,1,3,6,455,377,166,828,828.0
18,1,28,5,525,354,191,955,955.0
19,1,24,4,356,528,130,648,648.0
20,1,25,8,234,245,86,426,426.0
21,1,29,2,228,498,83,415,415.0
22,2,14,6,170,289,62,310,310.0
23,2,5,1,578,187,211,1051,1051.0
24,2,25,3,88,196,32,160,160.0
25,2,6,6,199,194,73,362,362.0
26,2,18,1,455,295,166,828,828.0
27,2,4,3,432,404,158,786,786.0
28,2,21,3,152,259,56,277,277.0
29,2,24,9,210,449,77,382,382.0
30,2,27,9,310,295,113,564,564.0
31,2,15,2,199,312,73,362,362.0
32,2,29,1,333,164,122,606,606.0
33,2,28,7,228,293,83,415,415.0
34,2,11,5,65,520,24,119,119.0
35,2,1,9,257,328,94,468,468.0
36,2,13,2,135,328,50,246,246.0
37,2,19,4,123,528,45,224,224.0
38,2,8,1,333,534,122,606,606.0
39,2,3,2,560,549,204,1019,1019.0
40,2,9,3,333,176,122,606,606.0
41,2,17,2,59,221,22,108,108.0
42,2,7,2,531,223,194,966,966.0
43,2,22,8,135,485,50,246,246.0
44,2,12,5,356,126,130,648,648.0
45,2,23,7,444,300,162,808,808.0
46,2,26,8,76,401,28,139,139.0
47,3,27,3,292,255,107,531,531.0
48,3,4,2,350,486,128,637,637.0
49,3,29,4,520,333,190,946,946.0
50,3,8,4,175,204,64,319,319.0
51,3,5,4,245,430,90,446,446.0
52,3,9,6,572,354,208,1040,1040.0
53,3,1,9,263,521,96,479,479.0
54,3,10,6,234,326,86,426,426.0
55,3,2,1,140,560,51,255,255.0
56,3,24,1,420,541,153,764,764.0
57,3,7,4,65,498,24,119,119.0
58,3,6,8,257,324,94,468,468.0
59,3,14,5,65,396,24,119,119.0
60,3,23,6,385,514,140,700,700.0
61,3,19,2,94,144,35,171,171.0
62,3,11,2,496,180,181,902,902.0
63,3,16,4,467,308,170,850,850.0
64,3,15,7,257,479,94,468,468.0
65,3,26,1,152,208,56,277,277.0
66,3,18,2,129,528,47,235,235.0
67,3,17,3,257,220,94,468,468.0
68,3,20,2,444,571,162,808,808.0
69,4,19,4,286,302,104,520,520.0
70,4,9,4,181,255,66,330,330.0
71,4,2,5,572,134,208,1040,1040.0
72,4,23,3,275,188,100,500,500.0
73,4,15,5,409,502,149,744,744.0
74,4,17,4,216,268,79,393,393.0
75,4,22,6,520,510,190,946,946.0
76,4,14,1,350,390,128,637,637.0
77,4,11,2,140,247,51,255,255.0
78,4,13,7,531,134,194,966,966.0
79,4,6,1,170,355,62,310,310.0
80,4,5,1,310,574,113,564,564.0
81,4,10,2,170,376,62,310,310.0
82,4,18,6,345,269,126,628,628.0
83,4,20,2,403,178,147,733,733.0
84,4,27,8,269,160,98,490,490.0
85,5,3,1,502,447,183,913,913.0
86,5,10,3,467,174,170,850,850.0
87,5,15,8,327,524,119,595,595.0
88,5,26,2,403,512,147,733,733.0
89,5,14,2,70,442,26,128,128.0
90,5,24,1,525,356,191,955,955.0
91,5,25,3,280,235,102,510,510.0
92,5,21,3,59,174,22,108,108.0
93,5,16,8,82,127,30,150,150.0
94,5,8,7,531,535,194,966,966.0
95,5,4,7,280,378,102,510,510.0
96,5,9,6,286,388,104,520,520.0
97,5,7,3,105,406,39,191,191.0
98,5,27,5,65,144,24,119,119.0
99,5,1,6,315,477,115,573,573.0
100,5,12,8,473,289,172,860,860.0
101,5,6,2,304,443,111,553,553.0
102,5,2,5,485,413,177,882,882.0
103,5,19,2,251,264,92,457,457.0
104,5,22,9,310,360,113,564,564.0
105,5,13,2,514,433,187,935,935.0
106,5,17,1,146,554,54,266,266.0
107,5,20,2,240,272,88,437,437.0
108,5,29,5,65,152,24,119,119.0
109,5,11,2,199,338,73,362,362.0
110,5,30,8,123,426,45,224,224.0
111,5,28,5,187,357,68,340,340.0
112,6,23,4,409,226,149,744,744.0
113,6,11,7,327,277,119,595,595.0
114,6,16,7,205,215,75,373,373.0
115,6,17,5,385,192,140,700,700.0
116,6,12,9,450,247,164,819,819.0
117,6,9,6,263,473,96,479,479.0
118,6,19,1,333,230,122,606,606.0
119,6,20,4,310,166,113,564,564.0
120,6,15,7,385,222,140,700,700.0
121,6,3,6,210,572,77,382,382.0
122,6,7,2,520,151,190,946,946.0
123,6,14,9,432,559,158,786,786.0
124,6,10,2,397,471,145,722,722.0
125,6,8,3,105,556,39,191,191.0
126,6,30,4,485,505,177,882,882.0
127,6,29,9,560,366,204,1019,1019.0
128,6,24,7,368,176,134,670,670.0
129,6,28,9,555,255,202,1010,1010.0
130,6,21,5,228,170,83,415,415.0
131,6,18,7,94,245,35,171,171.0
132,6,5,8,514,455,187,935,935.0
133,6,22,8,210,189,77,382,382.0
134,6,25,9,455,446,166,828,828.0
135,6,2,3,187,351,68,340,340.0
136,6,26,7,240,208,88,437,437.0
137,6,27,3,88,319,32,160,160.0
138,7,14,3,257,277,94,468,468.0
139,7,24,2,82,173,30,150,150.0
140,7,6,8,263,381,96,479,479.0
141,7,8,4,438,516,160,797,797.0
142,7,4,5,298,324,109,542,542.0
143,7,17,1,420,135,153,764,764.0
144,7,18,8,467,118,170,850,850.0
145,7,5,2,94,181,35,171,171.0
146,7,10,2,175,119,64,319,319.0
147,7,3,5,170,458,62,310,310.0
148,7,28,9,251,259,92,457,457.0
149,7,22,1,514,342,187,935,935.0
150,7,20,3,88,575,32,160,160.0
151,7,27,8,356,144,130,648,648.0
152,7,15,2,490,542,179,891,891.0
153,7,26,2,520,203,190,946,946.0
154,7,16,5,555,136,202,1010,1010.0
155,7,30,4,350,141,128,637,637.0
156,8,10,2,415,480,151,755,755.0
157,8,28,7,263,291,96,479,479.0
158,8,6,4,228,236,83,415,415.0
159,8,20,4,164,440,60,299,299.0
160,8,3,8,397,349,145,722,722.0
161,8,29,6,315,574,115,573,573.0
162,8,1,7,210,417,77,382,382.0
163,8,12,2,123,517,45,224,224.0
164,8,2,6,234,486,86,426,426.0
165,8,30,4,321,545,117,584,584.0
166,8,4,1,461,435,168,839,839.0
167,8,14,8,485,546,177,882,882.0
168,8,23,1,537,425,196,977,977.0
169,8,25,2,572,500,208,1040,1040.0
170,8,5,1,251,466,92,457,457.0
171,8,18,3,345,480,126,628,628.0
172,8,16,1,135,250,50,246,246.0
173,8,21,7,310,211,113,564,564.0
174,9,25,6,216,484,79,393,393.0
175,9,30,9,479,368,175,871,871.0
176,9,20,7,105,231,39,191,191.0
177,9,11,4,117,403,43,213,213.0
178,9,4,9,263,232,96,479,479.0
179,9,27,2,362,440,132,659,659.0
180,9,14,5,175,529,64,319,319.0
181,9,28,5,473,548,172,860,860.0
182,9,6,8,251,265,92,457,457.0
183,9,5,7,467,213,170,850,850.0
184,9,24,7,525,306,191,955,955.0
185,9,23,8,152,238,56,277,277.0
186,9,17,9,467,291,170,850,850.0
187,9,2,4,251,129,92,457,457.0
188,9,8,9,514,510,187,935,935.0
189,9,22,6,170,556,62,310,310.0
190,9,18,7,362,164,132,659,659.0
191,9,29,3,426,361,155,775,775.0
192,9,26,2,385,537,140,700,700.0
193,9,13,7,362,174,132,659,659.0
194,10,15,1,403,568,147,733,733.0
195,10,7,1,292,289,107,531,531.0
196,10,28,4,164,167,60,299,299.0
197,10,2,6,479,217,175,871,871.0
198,10,9,5,566,300,206,1030,1030.0
199,10,17,5,578,184,211,1051,1051.0
200,10,19,9,350,486,128,637,637.0
201,10,21,7,275,233,100,500,500.0
202,10,22,7,333,528,122,606,606.0
203,10,11,3,210,302,77,382,382.0
204,10,3,6,566,468,206,1030,1030.0
205,10,5,8,473,469,172,860,860.0
206,10,20,8,508,368,185,924,924.0
207,10,18,9,117,192,43,213,213.0
208,10,12,8,292,199,107,531,531.0
209,10,13,8,199,397,73,362,362.0
210,10,4,8,175,246,64,319,319.0
211,10,27,1,164,167,60,299,299.0
212,10,24,3,485,549,177,882,882.0
213,10,6,5,560,273,204,1019,1019.0
214,10,23,1,88,412,32,160,160.0
215,10,16,2,490,125,179,891,891.0
216,10,8,8,362,338,132,659,659.0
217,10,30,1,193,408,71,351,351.0
218,10,26,5,356,254,130,648,648.0
219,11,2,5,327,455,119,595,595.0
220,11,18,5,327,401,119,595,595.0
221,11,25,1,187,539,68,340,340.0
222,11,21,1,502,385,183,913,913.0
223,11,6,9,222,280,81,404,404.0
224,11,28,3,333,430,122,606,606.0
225,11,9,4,525,536,191,955,955.0
226,11,24,9,158,376,58,288,288.0
227,11,1,4,94,389,35,171,171.0
228,11,4,2,286,209,104,520,520.0
229,11,29,1,525,400,191,955,955.0
230,11,8,9,88,356,32,160,160.0
231,11,23,3,70,391,26,128,128.0
232,11,30,2,193,221,71,351,351.0
233,11,22,5,549,249,200,999,999.0
234,11,15,8,380,558,139,691,691.0
235,11,5,5,210,192,77,382,382.0
236,11,20,9,345,301,126,628,628.0
237,11,14,6,333,164,122,606,606.0
238,11,16,3,549,440,200,999,999.0
239,11,19,9,187,357,68,340,340.0
240,11,17,9,146,316,54,266,266.0
241,11,13,9,210,283,77,382,382.0
242,11,7,4,543,435,198,988,988.0
243,12,25,5,327,485,119,595,595.0
244,12,22,4,473,291,172,860,860.0
245,12,11,7,304,166,111,553,553.0
246,12,20,2,245,243,90,446,446.0
247,12,7,6,304,381,111,553,553.0
248,12,30,3,94,560,35,171,171.0
249,12,26,7,222,544,81,404,404.0
250,12,3,2,327,543,119,595,595.0
251,12,17,3,339,542,124,617,617.0
252,12,27,3,426,471,155,775,775.0
253,12,14,4,525,131,191,955,955.0
254,12,4,8,397,404,145,722,722.0
255,12,24,7,368,122,134,670,670.0
256,12,28,3,263,403,96,479,479.0
257,12,9,4,496,574,181,902,902.0
258,12,18,9,286,204,104,520,520.0
259,12,8,5,245,284,90,446,446.0
260,12,15,7,205,541,75,373,373.0
261,12,6,3,263,464,96,479,479.0
262,12,16,7,415,492,151,755,755.0
263,12,2,6,292,470,107,531,531.0
264,12,29,3,164,340,60,299,299.0
265,12,1,8,321,359,117,584,584.0
266,12,23,9,397,420,145,722,722.0
267,12,10,2,245,560,90,446,446.0
268,12,13,6,380,348,139,691,691.0
269,12,21,2,397,424,145,722,722.0
270,13,29,8,514,131,187,935,935.0
271,13,3,9,82,209,30,150,150.0
272,13,22,2,444,351,162,808,808.0
273,13,7,6,397,233,145,722,722.0
274,13,25,3,269,575,98,490,490.0
275,13,18,5,409,417,149,744,744.0
276,13,24,2,181,222,66,330,330.0
277,13,28,7,100,537,37,182,182.0
278,13,16,7,496,379,181,902,902.0
279,13,8,3,105,192,39,191,191.0
280,13,4,5,385,366,140,700,700.0
281,13,21,2,181,138,66,330,330.0
282,13,5,6,129,483,47,235,235.0
283,13,9,1,362,333,132,659,659.0
284,13,30,3,70,302,26,128,128.0
285,13,20,6,368,167,134,670,670.0
286,13,1,7,485,217,177,882,882.0
287,13,10,3,170,297,62,310,310.0
288,13,11,7,578,221,211,1051,1051.0
289,14,16,4,70,155,26,128,128.0
290,14,18,8,549,386,200,999,999.0
291,14,19,8,490,422,179,891,891.0
292,14,5,8,333,520,122,606,606.0
293,14,6,7,135,404,50,246,246.0
294,14,22,6,310,428,113,564,564.0
295,14,1,8,135,181,50,246,246.0
296,14,23,4,479,545,175,871,871.0
297,14,9,7,100,216,37,182,182.0
298,14,3,8,473,412,172,860,860.0
299,14,15,2,76,545,28,139,139.0
300,14,10,3,409,297,149,744,744.0
301,14,26,6,257,400,94,468,468.0
302,14,12,8,560,312,204,1019,1019.0
303,14,29,8,164,355,60,299,299.0
304,14,27,4,205,120,75,373,373.0
305,14,7,7,438,390,160,797,797.0
306,14,24,9,560,145,204,1019,1019.0
307,14,30,2,65,295,24,119,119.0
308,15,4,4,140,475,51,255,255.0
309,15,18,2,257,311,94,468,468.0
310,15,30,5,543,195,198,988,988.0
311,15,12,8,193,406,71,351,351.0
312,15,17,1,514,261,187,935,935.0
313,15,20,6,473,352,172,860,860.0
314,15,27,4,467,345,170,850,850.0
315,15,19,6,409,308,149,744,744.0
316,15,11,7,280,426,102,510,510.0
317,15,22,2,210,539,77,382,382.0
318,15,2,5,502,443,183,913,913.0
319,15,8,6,210,283,77,382,382.0
320,15,26,4,555,137,202,1010,1010.0
321,15,10,9,374,335,136,680,680.0
322,15,16,3,100,130,37,182,182.0
323,15,24,5,70,330,26,128,128.0
324,15,3,5,543,305,198,988,988.0
325,16,17,2,164,459,60,299,299.0
326,16,14,4,187,135,68,340,340.0
327,16,23,2,572,218,208,1040,1040.0
328,16,5,1,385,507,140,700,700.0
329,16,11,8,269,243,98,490,490.0
330,16,10,6,531,320,194,966,966.0
331,16,6,1,105,277,39,191,191.0
332,16,30,8,170,435,62,310,310.0
333,16,3,9,187,459,68,340,340.0
334,16,27,6,356,296,130,648,648.0
335,16,12,8,257,211,94,468,468.0
336,16,1,8,397,375,145,722,722.0
337,16,21,9,356,479,130,648,648.0
338,16,2,5,59,558,22,108,108.0
339,16,26,3,385,218,140,700,700.0
340,16,22,3,315,566,115,573,573.0
341,16,7,8,292,229,107,531,531.0
342,16,25,1,146,138,54,266,266.0
343,16,8,9,94,122,35,171,171.0
344,16,28,6,70,371,26,128,128.0
345,16,20,4,100,323,37,182,182.0
346,17,23,8,82,177,30,150,150.0
347,17,22,5,129,140,47,235,235.0
348,17,18,7,537,512,196,977,977.0
349,17,30,5,140,237,51,255,255.0
350,17,1,7,350,125,128,637,637.0
351,17,19,2,514,367,187,935,935.0
352,17,10,4,70,524,26,128,128.0
353,17,9,6,175,286,64,319,319.0
354,17,5,1,525,312,191,955,955.0
355,17,25,2,310,516,113,564,564.0
356,17,29,6,321,521,117,584,584.0
357,17,2,7,286,118,104,520,520.0
358,17,26,3,105,472,39,191,191.0
359,17,3,1,65,545,24,119,119.0
360,17,28,7,251,269,92,457,457.0
361,17,4,3,502,172,183,913,913.0
362,17,8,5,450,291,164,819,819.0
363,17,15,5,187,235,68,340,340.0
364,17,11,1,251,156,92,457,457.0
365,17,12,7,280,147,102,510,510.0
366,17,7,3,257,497,94,468,468.0
367,17,20,4,275,476,100,500,500.0
368,17,21,2,432,228,158,786,786.0
369,17,6,6,432,255,158,786,786.0
370,17,13,5,187,170,68,340,340.0
371,18,5,2,181,466,66,330,330.0
372,18,21,8,275,288,100,500,500.0
373,18,23,1,251,171,92,457,457.0
374,18,4,6,391,515,143,711,711.0
375,18,11,2,560,172,204,1019,1019.0
376,18,19,8,111,471,41,202,202.0
377,18,15,3,438,472,160,797,797.0
378,18,28,8,240,513,88,437,437.0
379,18,10,2,455,566,166,828,828.0
380,18,30,7,520,514,190,946,946.0
381,18,2,8,304,158,111,553,553.0
382,18,9,5,572,515,208,1040,1040.0
383,18,27,3,82,495,30,150,150.0
384,18,26,2,555,546,202,1010,1010.0
385,18,7,3,170,370,62,310,310.0
386,18,22,9,164,142,60,299,299.0
387,18,17,1,473,384,172,860,860.0
388,18,25,8,374,396,136,680,680.0
389,18,6,6,82,249,30,150,150.0
390,19,23,3,444,247,162,808,808.0
391,19,1,4,222,413,81,404,404.0
392,19,24,4,333,564,122,606,606.0
393,19,5,5,111,290,41,202,202.0
394,19,29,3,432,194,158,786,786.0
395,19,27,2,94,494,35,171,171.0
396,19,2,4,345,127,126,628,628.0
397,19,17,8,496,566,181,902,902.0
398,19,21,6,82,530,30,150,150.0
399,19,28,2,263,486,96,479,479.0
400,19,16,2,380,225,139,691,691.0
401,19,7,1,473,509,172,860,860.0
402,19,25,8,88,233,32,160,160.0
403,19,20,7,514,236,187,935,935.0
404,19,30,5,181,400,66,330,330.0
405,19,18,7,100,354,37,182,182.0
406,19,22,6,240,334,88,437,437.0
407,19,9,9,59,444,22,108,108.0
408,19,6,9,531,520,194,966,966.0
409,19,13,6,444,425,162,808,808.0
410,19,3,4,275,136,100,500,500.0
411,19,14,9,65,323,24,119,119.0
412,19,11,4,415,255,151,755,755.0
413,20,13,6,339,439,124,617,617.0
414,20,25,7,158,141,58,288,288.0
415,20,28,5,502,281,183,913,913.0
416,20,4,9,298,500,109,542,542.0
417,20,11,9,339,466,124,617,617.0
418,20,30,9,205,500,75,373,373.0
419,20,12,5,76,147,28,139,139.0
420,20,1,8,315,305,115,573,573.0
421,20,14,4,438,254,160,797,797.0
422,20,22,6,280,419,102,510,510.0
423,20,6,3,170,568,62,310,310.0
424,20,5,1,415,544,151,755,755.0
425,20,19,7,566,568,206,1030,1030.0
426,20,23,2,409,159,149,744,744.0
427,20,29,8,397,497,145,722,722.0
428,20,9,9,368,492,134,670,670.0
429,20,17,3,59,401,22,108,108.0
430,20,21,6,450,392,164,819,819.0
431,20,24,5,286,545,104,520,520.0
432,20,7,5,339,397,124,617,617.0
433,20,27,8,181,528,66,330,330.0
434,20,2,5,140,201,51,255,255.0
435,20,8,6,76,473,28,139,139.0
436,20,10,1,76,310,28,139,139.0
437,20,3,7,525,537,191,955,955.0
438,21,10,8,181,523,66,330,330.0
439,21,15,6,578,164,211,1051,1051.0
440,21,22,2,280,134,102,510,510.0
441,21,25,9,391,211,143,711,711.0
442,21,28,9,444,179,162,808,808.0
443,21,11,5,403,404,147,733,733.0
444,21,27,6,444,186,162,808,808.0
445,21,2,2,321,118,117,584,584.0
446,21,23,7,385,405,140,700,700.0
447,21,3,6,310,282,113,564,564.0
448,21,6,8,321,351,117,584,584.0
449,21,17,8,82,206,30,150,150.0
450,21,4,2,105,159,39,191,191.0
451,21,30,1,467,454,170,850,850.0
452,21,29,5,175,386,64,319,319.0
453,21,26,1,438,288,160,797,797.0
454,21,18,6,450,425,164,819,819.0
455,21,16,1,543,337,198,988,988.0
456,21,1,1,450,388,164,819,819.0
457,21,20,1,181,143,66,330,330.0
458,21,5,3,88,266,32,160,160.0
459,21,13,5,496,386,181,902,902.0
460,21,14,6,473,303,172,860,860.0
461,21,12,3,543,447,198,988,988.0
462,21,24,4,473,131,172,860,860.0
463,21,19,2,205,549,75,373,373.0
464,21,7,6,94,174,35,171,171.0
465,22,9,4,339,545,124,617,617.0
466,22,15,8,310,491,113,564,564.0
467,22,4,6,76,463,28,139,139.0
468,22,23,4,321,150,117,584,584.0
469,22,13,7,350,481,128,637,637.0
470,22,24,7,397,568,145,722,722.0
471,22,1,2,444,515,162,808,808.0
472,22,16,1,572,397,208,1040,1040.0
473,22,19,2,537,128,196,977,977.0
474,22,7,6,374,297,136,680,680.0
475,22,17,9,415,398,151,755,755.0
476,22,8,9,403,312,147,733,733.0
477,22,14,7,549,361,200,999,999.0
478,22,5,5,158,129,58,288,288.0
479,22,11,9,426,430,155,775,775.0
480,22,2,7,467,506,170,850,850.0
481,22,30,8,374,264,136,680,680.0
482,22,18,9,555,443,202,1010,1010.0
483,22,29,2,339,501,124,617,617.0
484,22,20,7,245,490,90,446,446.0
485,22,25,9,210,523,77,382,382.0
486,22,12,2,234,393,86,426,426.0
487,23,24,1,479,224,175,871,871.0
488,23,26,9,117,398,43,213,213.0
489,23,25,4,560,522,204,1019,1019.0
490,23,4,3,490,217,179,891,891.0
491,23,27,2,397,174,145,722,722.0
492,23,13,4,415,252,151,755,755.0
493,23,17,7,199,428,73,362,362.0
494,23,9,8,88,288,32,160,160.0
495,23,12,8,94,530,35,171,171.0
496,23,18,9,193,399,71,351,351.0
497,23,2,3,100,325,37,182,182.0
498,23,30,4,105,391,39,191,191.0
499,23,8,6,152,129,56,277,277.0
500,23,14,5,432,345,158,786,786.0
501,23,16,3,105,382,39,191,191.0
502,23,10,2,385,162,140,700,700.0
503,23,19,6,315,552,115,573,573.0
504,23,20,9,193,369,71,351,351.0
505,23,21,7,315,319,115,573,573.0
506,23,11,8,193,403,71,351,351.0
507,23,5,1,275,276,100,500,500.0
508,23,6,4,210,561,77,382,382.0
509,23,15,7,327,182,119,595,595.0
510,23,28,3,146,243,54,266,266.0
511,23,29,3,280,311,102,510,510.0
512,24,25,4,88,578,32,160,160.0
513,24,8,9,146,395,54,266,266.0
514,24,20,7,140,384,51,255,255.0
515,24,19,5,432,338,158,786,786.0
516,24,7,7,251,202,92,457,457.0
517,24,14,1,310,501,113,564,564.0
518,24,4,4,485,532,177,882,882.0
519,24,28,5,193,429,71,351,351.0
520,24,30,4,345,233,126,628,628.0
521,24,11,3,450,520,164,819,819.0
522,24,22,8,426,177,155,775,775.0
523,24,10,2,566,386,206,1030,1030.0
524,24,12,6,350,379,128,637,637.0
525,24,2,9,175,323,64,319,319.0
526,24,9,4,298,311,109,542,542.0
527,24,18,7,210,274,77,382,382.0
528,24,21,2,350,173,128,637,637.0
529,24,17,8,280,279,102,510,510.0
530,24,13,4,257,320,94,468,468.0
531,24,27,7,234,311,86,426,426.0
532,24,29,7,187,177,68,340,340.0
533,24,6,3,292,507,107,531,531.0
534,24,26,1,520,159,190,946,946.0
535,24,3,9,228,271,83,415,415.0
536,24,15,1,76,463,28,139,139.0
537,24,16,1,234,348,86,426,426.0
538,25,20,4,531,352,194,966,966.0
539,25,7,3,385,237,140,700,700.0
540,25,3,4,245,564,90,446,446.0
541,25,23,7,111,410,41,202,202.0
542,25,12,1,199,123,73,362,362.0
543,25,22,7,280,452,102,510,510.0
544,25,11,2,65,348,24,119,119.0
545,25,15,7,100,390,37,182,182.0
546,25,16,1,380,238,139,691,691.0
547,25,13,2,537,439,196,977,977.0
548,25,5,7,228,174,83,415,415.0
549,25,27,2,70,300,26,128,128.0
550,25,18,9,269,151,98,490,490.0
551,25,1,2,140,226,51,255,255.0
552,25,6,6,280,167,102,510,510.0
553,25,10,1,205,255,75,373,373.0
554,25,28,6,444,557,162,808,808.0
555,25,14,3,245,217,90,446,446.0
556,25,17,2,298,216,109,542,542.0
557,25,8,2,432,573,158,786,786.0
558,25,21,3,222,388,81,404,404.0
559,25,26,1,415,388,151,755,755.0
560,25,19,5,403,351,147,733,733.0
561,25,4,1,70,400,26,128,128.0
562,25,24,1,216,552,79,393,393.0
563,26,8,8,508,491,185,924,924.0
564,26,5,3,315,295,115,573,573.0
565,26,19,4,304,370,111,553,553.0
566,26,2,4,420,523,153,764,764.0
567,26,9,3,485,479,177,882,882.0
568,26,12,5,362,192,132,659,659.0
569,26,7,1,350,412,128,637,637.0
570,26,18,5,59,530,22,108,108.0
571,26,11,5,327,150,119,595,595.0
572,26,30,7,490,341,179,891,891.0
573,26,6,4,537,181,196,977,977.0
574,26,13,1,350,126,128,637,637.0
575,26,24,2,327,351,119,595,595.0
576,26,21,4,420,512,153,764,764.0
577,26,27,9,100,207,37,182,182.0
578,26,17,1,123,291,45,224,224.0
579,26,23,8,549,228,200,999,999.0
580,26,14,2,257,309,94,468,468.0
581,26,3,3,333,272,122,606,606.0
582,26,16,9,409,143,149,744,744.0
583,26,15,5,560,465,204,1019,1019.0
584,26,20,5,164,375,60,299,299.0
585,26,1,2,339,332,124,617,617.0
586,26,29,2,210,384,77,382,382.0
587,26,22,7,129,327,47,235,235.0
588,26,25,5,310,477,113,564,564.0
589,26,28,6,508,529,185,924,924.0
590,26,10,9,327,186,119,595,595.0
591,26,4,1,257,568,94,468,468.0
592,27,25,7,263,419,96,479,479.0
593,27,22,2,409,144,149,744,744.0
594,27,23,8,228,222,83,415,415.0
595,27,6,6,310,456,113,564,564.0
596,27,14,6,525,537,191,955,955.0
597,27,17,9,525,418,191,955,955.0
598,27,4,9,59,196,22,108,108.0
599,27,28,5,275,522,100,500,500.0
600,27,16,4,193,237,71,351,351.0
601,27,21,8,257,435,94,468,468.0
602,27,19,6,432,204,158,786,786.0
603,27,10,3,403,252,147,733,733.0
604,27,12,5,263,472,96,479,479.0
605,27,24,6,100,338,37,182,182.0
606,27,8,4,111,537,41,202,202.0
607,27,3,4,181,300,66,330,330.0
608,27,1,3,286,400,104,520,520.0
609,27,18,4,572,456,208,1040,1040.0
610,27,5,2,438,503,160,797,797.0
611,27,20,6,59,440,22,108,108.0
612,28,18,3,205,296,75,373,373.0
613,28,4,5,450,191,164,819,819.0
614,28,29,2,380,578,139,691,691.0
615,28,1,2,380,304,139,691,691.0
616,28,24,8,205,269,75,373,373.0
617,28,22,7,578,300,211,1051,1051.0
618,28,5,5,140,302,51,255,255.0
619,28,14,2,315,216,115,573,573.0
620,28,10,3,222,140,81,404,404.0
621,28,17,7,181,339,66,330,330.0
622,28,3,6,199,384,73,362,362.0
623,28,30,3,473,129,172,860,860.0
624,28,6,3,403,282,147,733,733.0
625,28,9,8,473,428,172,860,860.0
626,28,21,7,292,158,107,531,531.0
627,29,27,8,380,507,139,691,691.0
628,29,4,4,135,536,50,246,246.0
629,29,24,1,88,501,32,160,160.0
630,29,3,3,175,515,64,319,319.0
631,29,28,6,251,182,92,457,457.0
632,29,12,3,152,527,56,277,277.0
633,29,23,6,566,276,206,1030,1030.0
634,29,19,8,193,269,71,351,351.0
635,29,5,3,321,349,117,584,584.0
636,29,18,9,234,159,86,426,426.0
637,29,16,8,240,554,88,437,437.0
638,29,21,2,496,185,181,902,902.0
639,29,2,4,222,243,81,404,404.0
640,29,25,8,362,141,132,659,659.0
641,29,30,8,537,353,196,977,977.0
642,29,14,6,537,180,196,977,977.0
643,29,20,2,135,379,50,246,246.0
644,29,8,7,292,379,107,531,531.0
645,29,17,1,88,539,32,160,160.0
646,29,9,5,356,437,130,648,648.0
647,29,11,4,438,391,160,797,797.0
648,29,22,9,327,512,119,595,595.0
649,29,6,6,234,259,86,426,426.0
650,29,26,7,572,123,208,1040,1040.0
651,29,15,8,152,425,56,277,277.0
652,29,7,9,275,225,100,500,500.0
653,29,10,8,135,475,50,246,246.0
654,29,1,4,350,446,128,637,637.0
655,29,13,6,88,334,32,160,160.0
656,30,7,2,129,541,47,235,235.0
657,30,2,9,263,362,96,479,479.0
658,30,21,2,350,531,128,637,637.0
659,30,4,4,549,342,200,999,999.0
660,30,28,7,100,206,37,182,182.0
661,30,10,8,175,454,64,319,319.0
662,30,22,3,485,369,177,882,882.0
663,30,11,3,537,266,196,977,977.0
664,30,3,1,298,137,109,542,542.0
665,30,24,2,292,370,107,531,531.0
666,30,6,9,432,557,158,786,786.0
667,30,9,1,216,536,79,393,393.0
668,30,20,9,461,382,168,839,839.0
669,30,18,5,467,481,170,850,850.0
670,30,13,4,420,275,153,764,764.0
671,30,1,6,321,497,117,584,584.0
672,30,27,3,362,151,132,659,659.0
673,30,15,7,479,192,175,871,871.0
674,30,26,1,76,401,28,139,139.0
675,30,23,8,450,217,164,819,819.0
676,30,16,1,514,268,187,935,935.0
677,30,14,4,222,406,81,404,404.0
COMMODITIES,400
0,11,19,47,77,189,384,947.0
1,30,3,59,83,231,415,1155.0
2,19,17,72,94,191,467,957.0
3,28,4,70,69,202,344,1011.0
4,24,5,53,72,228,357,1143.0
5,7,15,55,76,163,376,816.0
6,9,25,36,71,192,351,961.0
7,5,14,21,79,138,391,693.0
8,3,8,19,81,186,404,934.0
9,28,25,49,74,219,366,1096.0
10,19,23,57,77,193,384,969.0
11,19,6,31,85,198,421,992.0
12,10,2,63,83,186,413,934.0
13,8,14,59,65,226,325,1133.0
14,11,21,50,92,219,456,1099.0
15,1,11,60,63,212,314,1060.0
16,20,9,27,70,185,347,928.0
17,23,15,55,76,207,379,1035.0
18,24,1,61,80,199,399,996.0
19,16,21,50,73,189,364,947.0
20,7,28,67,65,180,325,901.0
21,9,3,42,60,175,298,875.0
22,1,5,50,77,198,385,991.0
23,10,25,72,82,223,406,1118.0
24,24,11,17,83,173,412,868.0
25,1,17,17,73,195,364,977.0
26,10,12,29,72,156,356,783.0
27,28,19,74,88,238,437,1194.0
28,21,20,52,78,175,390,877.0
29,20,5,30,85,227,425,1136.0
30,30,7,62,69,143,344,718.0
31,26,12,47,77,200,385,1000.0
32,26,3,36,81,194,402,974.0
33,16,12,54,74,171,366,855.0
34,23,16,53,79,164,392,820.0
35,15,23,52,68,207,338,1036.0
36,15,28,31,67,162,335,812.0
37,7,9,59,64,204,318,1020.0
38,24,15,48,76,143,377,716.0
39,19,25,46,78,148,387,741.0
40,2,28,51,86,208,427,1043.0
41,8,5,44,81,207,401,1038.0
42,9,19,20,81,232,403,1160.0
43,9,6,35,80,200,399,1002.0
44,12,10,46,80,199,399,995.0
45,6,23,27,92,235,459,1179.0
46,10,30,20,73,178,364,890.0
47,28,9,18,64,219,320,1098.0
48,30,9,33,75,193,371,969.0
49,21,22,67,67,174,331,871.0
50,10,17,23,69,198,341,990.0
51,25,2,70,79,211,393,1055.0
52,19,24,44,67,177,335,887.0
53,30,2,30,72,208,356,1041.0
54,3,30,56,59,147,291,737.0
55,13,7,73,69,159,344,798.0
56,15,11,36,76,179,380,899.0
57,1,20,48,90,226,449,1132.0
58,13,14,56,82,177,410,886.0
59,2,25,64,79,164,392,820.0
60,1,9,15,81,214,401,1070.0
61,11,5,60,81,187,402,935.0
62,4,15,39,71,246,355,1230.0
63,26,18,69,74,126,370,632.0
64,28,20,31,79,207,393,1037.0
65,21,30,49,73,185,365,925.0
66,1,26,19,80,151,397,758.0
67,10,29,72,80,243,398,1217.0
68,2,6,62,90,197,447,989.0
69,23,20,40,83,198,412,991.0
70,25,23,24,70,145,349,727.0
71,24,27,37,74,167,368,836.0
72,24,7,73,64,192,317,963.0
73,5,9,40,75,174,374,871.0
74,13,30,17,80,138,398,694.0
75,23,22,30,66,201,330,1005.0
76,15,22,41,71,186,351,934.0
77,17,23,70,71,139,355,695.0
78,19,18,43,74,144,370,721.0
79,2,29,22,69,210,344,1051.0
80,19,16,17,64,148,320,742.0
81,19,8,49,81,185,401,929.0
82,1,8,68,73,193,365,966.0
83,24,29,69,83,194,414,972.0
84,18,9,22,84,177,419,888.0
85,24,10,20,76,186,379,931.0
86,29,13,44,85,155,424,776.0
87,13,29,45,78,187,389,938.0
88,27,23,34,85,196,425,981.0
89,3,25,25,86,191,430,958.0
90,6,29,49,68,232,338,1163.0
91,27,12,41,92,191,456,956.0
92,13,1,50,68,208,338,1040.0
93,30,25,15,92,241,458,1208.0
94,10,20,48,82,204,408,1022.0
95,16,9,42,84,201,417,1009.0
96,16,20,34,83,156,411,783.0
97,3,18,66,84,166,418,832.0
98,10,4,49,89,194,443,971.0
99,10,15,40,78,234,390,1174.0
100,3,24,27,78,163,386,819.0
101,23,29,58,89,216,445,1083.0
102,4,9,55,74,180,369,900.0
103,11,24,33,77,175,381,875.0
104,23,9,54,82,155,408,776.0
105,29,8,56,74,174,369,871.0
106,24,12,54,62,177,306,885.0
107,9,21,18,76,242,379,1212.0
108,25,3,52,87,225,432,1126.0
109,20,8,35,62,128,308,641.0
110,16,26,69,68,152,339,761.0
111,8,11,52,85,210,421,1054.0
112,27,20,44,84,128,418,641.0
113,30,1,39,70,225,347,1129.0
114,30,22,66,71,194,352,970.0
115,12,15,35,85,201,425,1007.0
116,13,21,54,92,193,457,969.0
117,3,27,55,86,193,428,965.0
118,19,9,62,75,140,375,702.0
119,21,24,21,76,182,376,910.0
120,13,20,71,85,210,422,1053.0
121,16,18,67,64,178,316,891.0
122,20,22,53,91,195,452,976.0
123,9,5,40,73,230,364,1150.0
124,8,22,31,76,228,380,1142.0
125,9,29,17,82,245,407,1228.0
126,15,9,64,80,228,400,1143.0
127,28,15,17,78,212,389,1062.0
128,1,4,33,88,211,436,1058.0
129,26,25,24,75,208,375,1043.0
130,10,16,46,81,187,402,939.0
131,25,26,51,73,203,361,1016.0
132,7,2,46,74,188,370,943.0
133,27,21,31,80,221,399,1109.0
134,25,21,43,71,193,353,968.0
135,30,4,66,70,185,346,925.0
136,21,18,46,81,213,402,1065.0
137,5,27,22,63,123,315,618.0
138,2,22,36,72,164,356,823.0
139,27,15,19,70,167,349,839.0
140,27,14,32,67,195,332,979.0
141,20,10,38,95,154,471,772.0
142,25,11,61,81,144,405,724.0
143,2,3,29,73,158,364,792.0
144,4,12,45,55,215,275,1076.0
145,5,18,70,74,204,368,1020.0
146,15,8,64,79,186,395,934.0
147,24,6,56,72,203,359,1018.0
148,3,10,69,87,207,435,1038.0
149,13,19,71,67,164,331,824.0
150,2,26,73,92,149,458,745.0
151,7,20,37,81,146,401,734.0
152,7,12,41,90,184,448,924.0
153,7,25,49,73,171,361,855.0
154,20,13,45,91,216,453,1080.0
155,21,15,24,81,202,401,1010.0
156,24,22,58,73,216,364,1084.0
157,25,6,33,78,197,388,988.0
158,16,24,39,79,212,394,1061.0
159,13,9,20,83,210,415,1053.0
160,14,28,41,75,171,374,858.0
161,25,18,44,80,225,396,1127.0
162,15,1,23,90,233,450,1166.0
163,22,17,37,82,217,408,1087.0
164,20,21,61,79,216,393,1083.0
165,12,14,55,81,241,404,1206.0
166,15,30,32,52,191,257,958.0
167,22,5,24,80,172,398,861.0
168,26,4,32,76,163,377,815.0
169,30,27,27,81,197,401,986.0
170,25,16,29,60,160,298,804.0
171,27,24,71,77,142,383,712.0
172,5,23,18,80,193,400,965.0
173,16,3,40,63,170,315,853.0
174,26,16,29,80,223,398,1119.0
175,12,2,15,73,214,364,1071.0
176,10,23,69,71,155,352,779.0
177,22,29,73,60,192,298,963.0
178,27,16,19,76,195,379,979.0
179,13,26,23,71,160,351,801.0
180,12,4,17,78,228,390,1141.0
181,2,21,43,70,163,346,815.0
182,4,17,54,87,198,431,993.0
183,17,6,26,72,190,360,950.0
184,6,7,59,86,217,430,1086.0
185,13,24,42,65,177,325,888.0
186,14,8,23,76,175,378,877.0
187,13,8,39,77,160,381,800.0
188,6,3,49,65,183,322,916.0
189,23,14,55,78,216,390,1084.0
190,29,2,15,70,193,346,967.0
191,22,11,43,83,210,413,1051.0
192,20,4,68,75,210,373,1050.0
193,13,17,65,87,222,432,1114.0
194,3,9,23,75,168,372,844.0
195,19,15,45,80,174,400,873.0
196,29,4,28,76,151,379,755.0
197,23,2,41,83,150,411,753.0
198,9,14,47,69,180,343,902.0
199,26,1,63,86,246,428,1230.0
200,16,13,42,89,213,445,1066.0
201,28,11,70,73,238,365,1190.0
202,27,25,20,79,182,394,914.0
203,21,3,44,82,170,407,853.0
204,11,16,55,82,180,410,903.0
205,27,4,21,90,155,449,777.0
206,6,9,16,78,210,387,1054.0
207,8,26,19,70,202,350,1010.0
208,1,18,52,76,170,378,850.0
209,23,27,59,83,198,414,994.0
210,30,18,18,76,165,376,825.0
211,6,18,23,59,124,292,624.0
212,9,30,67,81,212,403,1062.0
213,4,20,64,77,220,385,1104.0
214,23,7,50,71,201,354,1008.0
215,30,24,62,71,191,355,958.0
216,13,6,42,81,213,403,1066.0
217,15,29,40,85,215,423,1075.0
218,2,23,32,61,151,304,759.0
219,14,4,68,85,201,422,1006.0
220,2,18,33,77,169,382,846.0
221,6,24,15,80,193,397,965.0
222,1,23,47,76,182,377,913.0
223,29,7,56,77,192,382,963.0
224,15,4,29,77,160,381,802.0
225,19,11,70,68,155,339,778.0
226,19,1,36,77,186,385,933.0
227,14,3,21,84,231,419,1155.0
228,19,26,20,74,194,370,971.0
229,30,12,48,70,212,349,1063.0
230,9,4,67,80,204,399,1023.0
231,29,17,15,78,146,387,730.0
232,28,21,30,72,182,359,913.0
233,1,15,24,68,183,338,919.0
234,16,28,63,69,130,345,651.0
235,17,1,21,52,180,260,902.0
236,14,20,29,58,145,287,729.0
237,30,29,31,83,230,412,1150.0
238,3,22,41,70,221,349,1108.0
239,12,13,49,94,225,466,1125.0
240,1,2,30,74,220,369,1101.0
241,13,22,65,78,205,388,1026.0
242,28,1,45,86,244,429,1221.0
243,9,2,40,80,209,400,1048.0
244,4,24,74,83,216,412,1082.0
245,27,22,63,76,213,378,1065.0
246,21,19,31,78,186,388,931.0
247,13,25,56,81,223,401,1118.0
248,25,9,70,84,199,418,998.0
249,13,5,52,77,150,383,752.0
250,9,24,64,78,207,386,1036.0
251,13,3,18,73,136,361,683.0
252,4,13,47,66,226,326,1134.0
253,15,13,47,67,210,335,1054.0
254,16,6,32,79,162,393,812.0
255,14,30,35,74,139,367,698.0
256,6,14,16,83,213,414,1067.0
257,28,18,21,92,206,456,1034.0
258,26,28,70,76,217,378,1087.0
259,14,12,16,65,201,324,1006.0
260,27,5,22,66,230,326,1151.0
261,29,14,28,72,180,357,901.0
262,29,11,48,73,193,363,969.0
263,4,7,68,75,234,373,1171.0
264,26,13,44,71,222,355,1112.0
265,22,8,42,84,236,417,1181.0
266,13,12,41,87,204,431,1023.0
267,29,16,49,80,203,399,1016.0
268,15,12,56,80,176,396,883.0
269,4,25,29,85,237,425,1187.0
270,25,14,46,80,213,397,1065.0
271,23,18,72,75,180,372,903.0
272,12,19,24,83,243,412,1217.0
273,20,27,73,75,170,372,851.0
274,10,24,38,76,213,379,1067.0
275,18,20,29,69,169,341,847.0
276,4,5,18,66,214,328,1071.0
277,29,9,18,79,214,395,1072.0
278,12,1,43,82,236,408,1184.0
279,25,13,74,74,199,367,998.0
280,25,4,19,82,150,407,751.0
281,11,12,44,78,171,386,856.0
282,28,14,40,72,189,357,948.0
283,30,14,55,80,208,396,1044.0
284,15,26,48,70,185,347,928.0
285,15,21,46,86,240,430,1202.0
286,5,28,65,80,171,398,855.0
287,7,4,17,82,206,410,1033.0
288,29,28,43,76,182,376,913.0
289,29,3,65,70,158,346,793.0
290,15,27,67,71,190,353,952.0
291,1,3,51,89,222,443,1114.0
292,18,4,71,69,169,345,849.0
293,1,21,71,76,167,376,835.0
294,1,30,36,78,226,386,1133.0
295,26,14,28,59,184,292,923.0
296,5,17,74,67,171,333,856.0
297,11,29,22,81,217,403,1089.0
298,20,26,49,79,167,391,839.0
299,7,11,46,71,198,355,994.0
300,14,25,57,71,187,355,935.0
301,11,8,40,68,136,337,681.0
302,18,30,74,80,199,396,997.0
303,2,9,61,77,184,382,922.0
304,24,25,52,71,148,352,744.0
305,2,13,40,84,170,420,850.0
306,4,29,54,80,261,397,1306.0
307,29,27,65,87,216,435,1084.0
308,25,10,58,80,191,396,957.0
309,22,26,44,77,248,384,1242.0
310,27,2,29,77,188,381,943.0
311,30,15,73,85,235,422,1179.0
312,15,25,65,72,165,356,828.0
313,2,24,69,78,201,390,1006.0
314,12,20,15,73,205,364,1025.0
315,22,4,34,76,134,377,671.0
316,24,21,52,71,219,351,1099.0
317,25,22,15,75,218,372,1093.0
318,26,10,55,78,188,390,942.0
319,11,26,21,93,209,462,1047.0
320,21,11,61,71,198,354,994.0
321,5,4,74,78,169,388,847.0
322,7,10,51,89,182,444,913.0
323,16,7,18,75,212,373,1061.0
324,28,12,47,93,254,461,1273.0
325,25,17,49,81,191,401,959.0
326,20,29,55,69,191,341,956.0
327,20,15,18,83,210,412,1054.0
328,10,19,17,79,204,394,1024.0
329,9,11,29,77,162,385,811.0
330,1,12,70,71,214,355,1073.0
331,19,30,32,81,169,405,847.0
332,2,20,57,81,196,403,982.0
333,4,1,71,89,212,444,1061.0
334,26,17,16,74,161,368,807.0
335,5,7,59,87,167,433,839.0
336,25,24,17,77,177,381,887.0
337,25,8,59,76,161,380,809.0
338,24,13,56,71,195,353,975.0
339,12,17,17,64,182,316,913.0
340,2,19,30,80,160,397,801.0
341,20,11,15,76,190,380,952.0
342,26,7,30,83,209,413,1047.0
343,13,23,29,68,189,340,948.0
344,26,8,49,81,193,401,965.0
345,12,30,44,73,139,361,697.0
346,20,23,59,73,163,363,819.0
347,11,17,60,76,160,380,804.0
348,13,11,40,76,219,379,1097.0
349,15,17,35,99,226,492,1133.0
350,16,1,17,79,191,393,956.0
351,15,2,38,67,161,334,806.0
352,13,18,62,89,197,444,986.0
353,10,21,48,61,199,302,996.0
354,30,5,51,78,200,390,1000.0
355,4,27,40,85,226,425,1134.0
356,20,19,16,67,194,335,970.0
357,10,11,58,93,214,462,1074.0
358,26,9,27,81,203,402,1019.0
359,22,21,15,71,178,354,894.0
360,4,22,26,74,243,370,1218.0
361,25,20,46,87,170,435,854.0
362,8,18,54,59,213,295,1069.0
363,21,26,59,68,174,337,871.0
364,29,10,62,78,170,386,854.0
365,19,3,24,72,196,358,981.0
366,19,10,26,81,201,402,1008.0
367,10,22,64,81,215,405,1079.0
368,3,15,46,80,159,398,796.0
369,7,17,59,64,160,318,803.0
370,17,3,41,80,138,397,692.0
371,2,4,66,80,165,396,829.0
372,19,12,22,73,199,365,999.0
373,18,7,68,86,186,428,931.0
374,2,7,43,83,175,415,878.0
375,2,10,22,76,168,377,841.0
376,9,18,31,67,214,331,1070.0
377,15,14,69,79,208,392,1042.0
378,2,8,62,83,183,415,918.0
379,11,2,17,86,179,426,897.0
380,22,27,58,83,201,411,1005.0
381,17,20,27,73,181,364,908.0
382,8,28,18,87,199,435,999.0
383,3,16,19,79,157,395,788.0
384,27,7,68,83,208,414,1044.0
385,16,8,26,83,159,415,796.0
386,16,19,36,67,173,332,869.0
387,21,5,35,54,127,269,636.0
388,13,2,48,81,200,402,1000.0
389,20,2,24,81,167,402,839.0
390,30,17,56,77,187,381,938.0
391,30,26,46,80,147,400,737.0
392,9,8,39,72,177,359,886.0
393,17,14,35,78,167,387,839.0
394,27,11,18,80,193,397,966.0
395,2,11,43,79,134,395,673.0
396,2,12,50,71,195,352,976.0
397,6,13,62,100,262,499,1314.0
398,29,21,68,99,241,494,1205.0
399,6,2,32,78,185,389,928.0
horizon=262
