NODES,30
1,1,-,-
2,2,-,-
3,3,-,-
4,4,-,-
5,5,-,-
6,6,-,-
7,7,-,-
8,8,-,-
9,9,-,-
10,10,-,-
11,11,-,-
12,12,-,-
13,13,-,-
14,14,-,-
15,15,-,-
16,16,-,-
17,17,-,-
18,18,-,-
19,19,-,-
20,20,-,-
21,21,-,-
22,22,-,-
23,23,-,-
24,24,-,-
25,25,-,-
26,26,-,-
27,27,-,-
28,28,-,-
29,29,-,-
30,30,-,-
ARCS,678
0,1,9,2,485,523,177,882,882.0
1,1,6,4,111,454,41,202,202.0
2,1,13,9,479,536,175,871,871.0
3,1,19,4,508,527,185,924,924.0
4,1,7,3,245,497,90,446,446.0
5,1,4,9,333,282,122,606,606.0
6,1,23,8,181,432,66,330,330.0
7,1,5,9,549,355,200,999,999.0
8,1,2,2,315,523,115,573,573.0
9,1,20,7,572,461,208,1040,1040.0
10,1,16,2,397,381,145,722,722.0
11,1,11,9,531,465,194,966,966.0
12,1,12,4,380,544,139,691,691.0
13,1,21,4,140,222,51,255,255.0
14,1,26,8,88,290,32,160,160.0
15,1,18,2,555,509,202,1010,1010.0
16,1,15,2,205,317,75,373,373.0
17,1,3,6,455,377,166,828,828.0
18,1,28,5,525,354,191,955,955.0
19,1,24,4,356,528,130,648,648.0
20,1,25,8,234,245,86,426,426.0
21,1,29,2,228,498,83,415,415.0
22,2,14,6,170,289,62,310,310.0
23,2,5,1,578,187,211,1051,1051.0
24,2,25,3,88,196,32,160,160.0
25,2,6,6,199,194,73,362,362.0
26,2,18,1,455,295,166,828,828.0
27,2,4,3,432,404,158,786,786.0
28,2,21,3,152,259,56,277,277.0
29,2,24,9,210,449,77,382,382.0
30,2,27,9,310,295,113,564,564.0
31,2,15,2,199,312,73,362,362.0
32,2,29,1,333,164,122,606,606.0
33,2,28,7,228,293,83,415,415.0
34,2,11,5,65,520,24,119,119.0
35,2,1,9,257,328,94,468,468.0
36,2,13,2,135,328,50,246,246.0
37,2,19,4,123,528,45,224,224.0
38,2,8,1,333,534,122,606,606.0
39,2,3,2,560,549,204,1019,1019.0
40,2,9,3,333,176,122,606,606.0
41,2,17,2,59,221,22,108,108.0
42,2,7,2,531,223,194,966,966.0
43,2,22,8,135,485,50,246,246.0
44,2,12,5,356,126,130,648,648.0
45,2,23,7,444,300,162,808,808.0
46,2,26,8,76,401,28,139,139.0
47,3,27,3,292,255,107,531,531.0
48,3,4,2,350,486,128,637,637.0
49,3,29,4,520,333,190,946,946.0
50,3,8,4,175,204,64,319,319.0
51,3,5,4,245,430,90,446,446.0
52,3,9,6,572,354,208,1040,1040.0
53,3,1,9,263,521,96,479,479.0
54,3,10,6,234,326,86,426,426.0
55,3,2,1,140,560,51,255,255.0
56,3,24,1,420,541,153,764,764.0
57,3,7,4,65,498,24,119,119.0
58,3,6,8,257,324,94,468,468.0
59,3,14,5,65,396,24,119,119.0
60,3,23,6,385,514,140,700,700.0
61,3,19,2,94,144,35,171,171.0
62,3,11,2,496,180,181,902,902.0
63,3,16,4,467,308,170,850,850.0
64,3,15,7,257,479,94,468,468.0
65,3,26,1,152,208,56,277,277.0
66,3,18,2,129,528,47,235,235.0
67,3,17,3,257,220,94,468,468.0
68,3,20,2,444,571,162,808,808.0
69,4,19,4,286,302,104,520,520.0
70,4,9,4,181,255,66,330,330.0
71,4,2,5,572,134,208,1040,1040.0
72,4,23,3,275,188,100,500,500.0
73,4,15,5,409,502,149,744,744.0
74,4,17,4,216,268,79,393,393.0
75,4,22,6,520,510,190,946,946.0
76,4,14,1,350,390,128,637,637.0
77,4,11,2,140,247,51,255,255.0
78,4,13,7,531,134,194,966,966.0
79,4,6,1,170,355,62,310,310.0
80,4,5,1,310,574,113,564,564.0
81,4,10,2,170,376,62,310,310.0
82,4,18,6,345,269,126,628,628.0
83,4,20,2,403,178,147,733,733.0
84,4,27,8,269,160,98,490,490.0
85,5,3,1,502,447,183,913,913.0
86,5,10,3,467,174,170,850,850.0
87,5,15,8,327,524,119,595,595.0
88,5,26,2,403,512,147,733,733.0
89,5,14,2,70,442,26,128,128.0
90,5,24,1,525,356,191,955,955.0
91,5,25,3,280,235,102,510,510.0
92,5,21,3,59,174,22,108,108.0
93,5,16,8,82,127,30,150,150.0
94,5,8,7,531,535,194,966,966.0
95,5,4,7,280,378,102,510,510.0
96,5,9,6,286,388,104,520,520.0
97,5,7,3,105,406,39,191,191.0
98,5,27,5,65,144,24,119,119.0
99,5,1,6,315,477,115,573,573.0
100,5,12,8,473,289,172,860,860.0
101,5,6,2,304,443,111,553,553.0
102,5,2,5,485,413,177,882,882.0
103,5,19,2,251,264,92,457,457.0
104,5,22,9,310,360,113,564,564.0
105,5,13,2,514,433,187,935,935.0
106,5,17,1,146,554,54,266,266.0
107,5,20,2,240,272,88,437,437.0
108,5,29,5,65,152,24,119,119.0
109,5,11,2,199,338,73,362,362.0
110,5,30,8,123,426,45,224,224.0
111,5,28,5,187,357,68,340,340.0
112,6,23,4,409,226,149,744,744.0
113,6,11,7,327,277,119,595,595.0
114,6,16,7,205,215,75,373,373.0
115,6,17,5,385,192,140,700,700.0
116,6,12,9,450,247,164,819,819.0
117,6,9,6,263,473,96,479,479.0
118,6,19,1,333,230,122,606,606.0
119,6,20,4,310,166,113,564,564.0
120,6,15,7,385,222,140,700,700.0
121,6,3,6,210,572,77,382,382.0
122,6,7,2,520,151,190,946,946.0
123,6,14,9,432,559,158,786,786.0
124,6,10,2,397,471,145,722,722.0
125,6,8,3,105,556,39,191,191.0
126,6,30,4,485,505,177,882,882.0
127,6,29,9,560,366,204,1019,1019.0
128,6,24,7,368,176,134,670,670.0
129,6,28,9,555,255,202,1010,1010.0
130,6,21,5,228,170,83,415,415.0
131,6,18,7,94,245,35,171,171.0
132,6,5,8,514,455,187,935,935.0
133,6,22,8,210,189,77,382,382.0
134,6,25,9,455,446,166,828,828.0
135,6,2,3,187,351,68,340,340.0
136,6,26,7,240,208,88,437,437.0
137,6,27,3,88,319,32,160,160.0
138,7,14,3,257,277,94,468,468.0
139,7,24,2,82,173,30,150,150.0
140,7,6,8,263,381,96,479,479.0
141,7,8,4,438,516,160,797,797.0
142,7,4,5,298,324,109,542,542.0
143,7,17,1,420,135,153,764,764.0
144,7,18,8,467,118,170,850,850.0
145,7,5,2,94,181,35,171,171.0
146,7,10,2,175,119,64,319,319.0
147,7,3,5,170,458,62,310,310.0
148,7,28,9,251,259,92,457,457.0
149,7,22,1,514,342,187,935,935.0
150,7,20,3,88,575,32,160,160.0
151,7,27,8,356,144,130,648,648.0
152,7,15,2,490,542,179,891,891.0
153,7,26,2,520,203,190,946,946.0
154,7,16,5,555,136,202,1010,1010.0
155,7,30,4,350,141,128,637,637.0
156,8,10,2,415,480,151,755,755.0
157,8,28,7,263,291,96,479,479.0
158,8,6,4,228,236,83,415,415.0
159,8,20,4,164,440,60,299,299.0
160,8,3,8,397,349,145,722,722.0
161,8,29,6,315,574,115,573,573.0
162,8,1,7,210,417,77,382,382.0
163,8,12,2,123,517,45,224,224.0
164,8,2,6,234,486,86,426,426.0
165,8,30,4,321,545,117,584,584.0
166,8,4,1,461,435,168,839,839.0
167,8,14,8,485,546,177,882,882.0
168,8,23,1,537,425,196,977,977.0
169,8,25,2,572,500,208,1040,1040.0
170,8,5,1,251,466,92,457,457.0
171,8,18,3,345,480,126,628,628.0
172,8,16,1,135,250,50,246,246.0
173,8,21,7,310,211,113,564,564.0
174,9,25,6,216,484,79,393,393.0
175,9,30,9,479,368,175,871,871.0
176,9,20,7,105,231,39,191,191.0
177,9,11,4,117,403,43,213,213.0
178,9,4,9,263,232,96,479,479.0
179,9,27,2,362,440,132,659,659.0
180,9,14,5,175,529,64,319,319.0
181,9,28,5,473,548,172,860,860.0
182,9,6,8,251,265,92,457,457.0
183,9,5,7,467,213,170,850,850.0
184,9,24,7,525,306,191,955,955.0
185,9,23,8,152,238,56,277,277.0
186,9,17,9,467,291,170,850,850.0
187,9,2,4,251,129,92,457,457.0
188,9,8,9,514,510,187,935,935.0
189,9,22,6,170,556,62,310,310.0
190,9,18,7,362,164,132,659,659.0
191,9,29,3,426,361,155,775,775.0
192,9,26,2,385,537,140,700,700.0
193,9,13,7,362,174,132,659,659.0
194,10,15,1,403,568,147,733,733.0
195,10,7,1,292,289,107,531,531.0
196,10,28,4,164,167,60,299,299.0
197,10,2,6,479,217,175,871,871.0
198,10,9,5,566,300,206,1030,1030.0
199,10,17,5,578,184,211,1051,1051.0
200,10,19,9,350,486,128,637,637.0
201,10,21,7,275,233,100,500,500.0
202,10,22,7,333,528,122,606,606.0
203,10,11,3,210,302,77,382,382.0
204,10,3,6,566,468,206,1030,1030.0
205,10,5,8,473,469,172,860,860.0
206,10,20,8,508,368,185,924,924.0
207,10,18,9,117,192,43,213,213.0
208,10,12,8,292,199,107,531,531.0
209,10,13,8,199,397,73,362,362.0
210,10,4,8,175,246,64,319,319.0
211,10,27,1,164,167,60,299,299.0
212,10,24,3,485,549,177,882,882.0
213,10,6,5,560,273,204,1019,1019.0
214,10,23,1,88,412,32,160,160.0
215,10,16,2,490,125,179,891,891.0
216,10,8,8,362,338,132,659,659.0
217,10,30,1,193,408,71,351,351.0
218,10,26,5,356,254,130,648,648.0
219,11,2,5,327,455,119,595,595.0
220,11,18,5,327,401,119,595,595.0
221,11,25,1,187,539,68,340,340.0
222,11,21,1,502,385,183,913,913.0
223,11,6,9,222,280,81,404,404.0
224,11,28,3,333,430,122,606,606.0
225,11,9,4,525,536,191,955,955.0
226,11,24,9,158,376,58,288,288.0
227,11,1,4,94,389,35,171,171.0
228,11,4,2,286,209,104,520,520.0
229,11,29,1,525,400,191,955,955.0
230,11,8,9,88,356,32,160,160.0
231,11,23,3,70,391,26,128,128.0
232,11,30,2,193,221,71,351,351.0
233,11,22,5,549,249,200,999,999.0
234,11,15,8,380,558,139,691,691.0
235,11,5,5,210,192,77,382,382.0
236,11,20,9,345,301,126,628,628.0
237,11,14,6,333,164,122,606,606.0
238,11,16,3,549,440,200,999,999.0
239,11,19,9,187,357,68,340,340.0
240,11,17,9,146,316,54,266,266.0
241,11,13,9,210,283,77,382,382.0
242,11,7,4,543,435,198,988,988.0
243,12,25,5,327,485,119,595,595.0
244,12,22,4,473,291,172,860,860.0
245,12,11,7,304,166,111,553,553.0
246,12,20,2,245,243,90,446,446.0
247,12,7,6,304,381,111,553,553.0
248,12,30,3,94,560,35,171,171.0
249,12,26,7,222,544,81,404,404.0
250,12,3,2,327,543,119,595,595.0
251,12,17,3,339,542,124,617,617.0
252,12,27,3,426,471,155,775,775.0
253,12,14,4,525,131,191,955,955.0
254,12,4,8,397,404,145,722,722.0
255,12,24,7,368,122,134,670,670.0
256,12,28,3,263,403,96,479,479.0
257,12,9,4,496,574,181,902,902.0
258,12,18,9,286,204,104,520,520.0
259,12,8,5,245,284,90,446,446.0
260,12,15,7,205,541,75,373,373.0
261,12,6,3,263,464,96,479,479.0
262,12,16,7,415,492,151,755,755.0
263,12,2,6,292,470,107,531,531.0
264,12,29,3,164,340,60,299,299.0
265,12,1,8,321,359,117,584,584.0
266,12,23,9,397,420,145,722,722.0
267,12,10,2,245,560,90,446,446.0
268,12,13,6,380,348,139,691,691.0
269,12,21,2,397,424,145,722,722.0
270,13,29,8,514,131,187,935,935.0
271,13,3,9,82,209,30,150,150.0
272,13,22,2,444,351,162,808,808.0
273,13,7,6,397,233,145,722,722.0
274,13,25,3,269,575,98,490,490.0
275,13,18,5,409,417,149,744,744.0
276,13,24,2,181,222,66,330,330.0
277,13,28,7,100,537,37,182,182.0
278,13,16,7,496,379,181,902,902.0
279,13,8,3,105,192,39,191,191.0
280,13,4,5,385,366,140,700,700.0
281,13,21,2,181,138,66,330,330.0
282,13,5,6,129,483,47,235,235.0
283,13,9,1,362,333,132,659,659.0
284,13,30,3,70,302,26,128,128.0
285,13,20,6,368,167,134,670,670.0
286,13,1,7,485,217,177,882,882.0
287,13,10,3,170,297,62,310,310.0
288,13,11,7,578,221,211,1051,1051.0
289,14,16,4,70,155,26,128,128.0
290,14,18,8,549,386,200,999,999.0
291,14,19,8,490,422,179,891,891.0
292,14,5,8,333,520,122,606,606.0
293,14,6,7,135,404,50,246,246.0
294,14,22,6,310,428,113,564,564.0
295,14,1,8,135,181,50,246,246.0
296,14,23,4,479,545,175,871,871.0
297,14,9,7,100,216,37,182,182.0
298,14,3,8,473,412,172,860,860.0
299,14,15,2,76,545,28,139,139.0
300,14,10,3,409,297,149,744,744.0
301,14,26,6,257,400,94,468,468.0
302,14,12,8,560,312,204,1019,1019.0
303,14,29,8,164,355,60,299,299.0
304,14,27,4,205,120,75,373,373.0
305,14,7,7,438,390,160,797,797.0
306,14,24,9,560,145,204,1019,1019.0
307,14,30,2,65,295,24,119,119.0
308,15,4,4,140,475,51,255,255.0
309,15,18,2,257,311,94,468,468.0
310,15,30,5,543,195,198,988,988.0
311,15,12,8,193,406,71,351,351.0
312,15,17,1,514,261,187,935,935.0
313,15,20,6,473,352,172,860,860.0
314,15,27,4,467,345,170,850,850.0
315,15,19,6,409,308,149,744,744.0
316,15,11,7,280,426,102,510,510.0
317,15,22,2,210,539,77,382,382.0
318,15,2,5,502,443,183,913,913.0
319,15,8,6,210,283,77,382,382.0
320,15,26,4,555,137,202,1010,1010.0
321,15,10,9,374,335,136,680,680.0
322,15,16,3,100,130,37,182,182.0
323,15,24,5,70,330,26,128,128.0
324,15,3,5,543,305,198,988,988.0
325,16,17,2,164,459,60,299,299.0
326,16,14,4,187,135,68,340,340.0
327,16,23,2,572,218,208,1040,1040.0
328,16,5,1,385,507,140,700,700.0
329,16,11,8,269,243,98,490,490.0
330,16,10,6,531,320,194,966,966.0
331,16,6,1,105,277,39,191,191.0
332,16,30,8,170,435,62,310,310.0
333,16,3,9,187,459,68,340,340.0
334,16,27,6,356,296,130,648,648.0
335,16,12,8,257,211,94,468,468.0
336,16,1,8,397,375,145,722,722.0
337,16,21,9,356,479,130,648,648.0
338,16,2,5,59,558,22,108,108.0
339,16,26,3,385,218,140,700,700.0
340,16,22,3,315,566,115,573,573.0
341,16,7,8,292,229,107,531,531.0
342,16,25,1,146,138,54,266,266.0
343,16,8,9,94,122,35,171,171.0
344,16,28,6,70,371,26,128,128.0
345,16,20,4,100,323,37,182,182.0
346,17,23,8,82,177,30,150,150.0
347,17,22,5,129,140,47,235,235.0
348,17,18,7,537,512,196,977,977.0
349,17,30,5,140,237,51,255,255.0
350,17,1,7,350,125,128,637,637.0
351,17,19,2,514,367,187,935,935.0
352,17,10,4,70,524,26,128,128.0
353,17,9,6,175,286,64,319,319.0
354,17,5,1,525,312,191,955,955.0
355,17,25,2,310,516,113,564,564.0
356,17,29,6,321,521,117,584,584.0
357,17,2,7,286,118,104,520,520.0
358,17,26,3,105,472,39,191,191.0
359,17,3,1,65,545,24,119,119.0
360,17,28,7,251,269,92,457,457.0
361,17,4,3,502,172,183,913,913.0
362,17,8,5,450,291,164,819,819.0
363,17,15,5,187,235,68,340,340.0
364,17,11,1,251,156,92,457,457.0
365,17,12,7,280,147,102,510,510.0
366,17,7,3,257,497,94,468,468.0
367,17,20,4,275,476,100,500,500.0
368,17,21,2,432,228,158,786,786.0
369,17,6,6,432,255,158,786,786.0
370,17,13,5,187,170,68,340,340.0
371,18,5,2,181,466,66,330,330.0
372,18,21,8,275,288,100,500,500.0
373,18,23,1,251,171,92,457,457.0
374,18,4,6,391,515,143,711,711.0
375,18,11,2,560,172,204,1019,1019.0
376,18,19,8,111,471,41,202,202.0
377,18,15,3,438,472,160,797,797.0
378,18,28,8,240,513,88,437,437.0
379,18,10,2,455,566,166,828,828.0
380,18,30,7,520,514,190,946,946.0
381,18,2,8,304,158,111,553,553.0
382,18,9,5,572,515,208,1040,1040.0
383,18,27,3,82,495,30,150,150.0
384,18,26,2,555,546,202,1010,1010.0
385,18,7,3,170,370,62,310,310.0
386,18,22,9,164,142,60,299,299.0
387,18,17,1,473,384,172,860,860.0
388,18,25,8,374,396,136,680,680.0
389,18,6,6,82,249,30,150,150.0
390,19,23,3,444,247,162,808,808.0
391,19,1,4,222,413,81,404,404.0
392,19,24,4,333,564,122,606,606.0
393,19,5,5,111,290,41,202,202.0
394,19,29,3,432,194,158,786,786.0
395,19,27,2,94,494,35,171,171.0
396,19,2,4,345,127,126,628,628.0
397,19,17,8,496,566,181,902,902.0
398,19,21,6,82,530,30,150,150.0
399,19,28,2,263,486,96,479,479.0
400,19,16,2,380,225,139,691,691.0
401,19,7,1,473,509,172,860,860.0
402,19,25,8,88,233,32,160,160.0
403,19,20,7,514,236,187,935,935.0
404,19,30,5,181,400,66,330,330.0
405,19,18,7,100,354,37,182,182.0
406,19,22,6,240,334,88,437,437.0
407,19,9,9,59,444,22,108,108.0
408,19,6,9,531,520,194,966,966.0
409,19,13,6,444,425,162,808,808.0
410,19,3,4,275,136,100,500,500.0
411,19,14,9,65,323,24,119,119.0
412,19,11,4,415,255,151,755,755.0
413,20,13,6,339,439,124,617,617.0
414,20,25,7,158,141,58,288,288.0
415,20,28,5,502,281,183,913,913.0
416,20,4,9,298,500,109,542,542.0
417,20,11,9,339,466,124,617,617.0
418,20,30,9,205,500,75,373,373.0
419,20,12,5,76,147,28,139,139.0
420,20,1,8,315,305,115,573,573.0
421,20,14,4,438,254,160,797,797.0
422,20,22,6,280,419,102,510,510.0
423,20,6,3,170,568,62,310,310.0
424,20,5,1,415,544,151,755,755.0
425,20,19,7,566,568,206,1030,1030.0
426,20,23,2,409,159,149,744,744.0
427,20,29,8,397,497,145,722,722.0
428,20,9,9,368,492,134,670,670.0
429,20,17,3,59,401,22,108,108.0
430,20,21,6,450,392,164,819,819.0
431,20,24,5,286,545,104,520,520.0
432,20,7,5,339,397,124,617,617.0
433,20,27,8,181,528,66,330,330.0
434,20,2,5,140,201,51,255,255.0
435,20,8,6,76,473,28,139,139.0
436,20,10,1,76,310,28,139,139.0
437,20,3,7,525,537,191,955,955.0
438,21,10,8,181,523,66,330,330.0
439,21,15,6,578,164,211,1051,1051.0
440,21,22,2,280,134,102,510,510.0
441,21,25,9,391,211,143,711,711.0
442,21,28,9,444,179,162,808,808.0
443,21,11,5,403,404,147,733,733.0
444,21,27,6,444,186,162,808,808.0
445,21,2,2,321,118,117,584,584.0
446,21,23,7,385,405,140,700,700.0
447,21,3,6,310,282,113,564,564.0
448,21,6,8,321,351,117,584,584.0
449,21,17,8,82,206,30,150,150.0
450,21,4,2,105,159,39,191,191.0
451,21,30,1,467,454,170,850,850.0
452,21,29,5,175,386,64,319,319.0
453,21,26,1,438,288,160,797,797.0
454,21,18,6,450,425,164,819,819.0
455,21,16,1,543,337,198,988,988.0
456,21,1,1,450,388,164,819,819.0
457,21,20,1,181,143,66,330,330.0
458,21,5,3,88,266,32,160,160.0
459,21,13,5,496,386,181,902,902.0
460,21,14,6,473,303,172,860,860.0
461,21,12,3,543,447,198,988,988.0
462,21,24,4,473,131,172,860,860.0
463,21,19,2,205,549,75,373,373.0
464,21,7,6,94,174,35,171,171.0
465,22,9,4,339,545,124,617,617.0
466,22,15,8,310,491,113,564,564.0
467,22,4,6,76,463,28,139,139.0
468,22,23,4,321,150,117,584,584.0
469,22,13,7,350,481,128,637,637.0
470,22,24,7,397,568,145,722,722.0
471,22,1,2,444,515,162,808,808.0
472,22,16,1,572,397,208,1040,1040.0
473,22,19,2,537,128,196,977,977.0
474,22,7,6,374,297,136,680,680.0
475,22,17,9,415,398,151,755,755.0
476,22,8,9,403,312,147,733,733.0
477,22,14,7,549,361,200,999,999.0
478,22,5,5,158,129,58,288,288.0
479,22,11,9,426,430,155,775,775.0
480,22,2,7,467,506,170,850,850.0
481,22,30,8,374,264,136,680,680.0
482,22,18,9,555,443,202,1010,1010.0
483,22,29,2,339,501,124,617,617.0
484,22,20,7,245,490,90,446,446.0
485,22,25,9,210,523,77,382,382.0
486,22,12,2,234,393,86,426,426.0
487,23,24,1,479,224,175,871,871.0
488,23,26,9,117,398,43,213,213.0
489,23,25,4,560,522,204,1019,1019.0
490,23,4,3,490,217,179,891,891.0
491,23,27,2,397,174,145,722,722.0
492,23,13,4,415,252,151,755,755.0
493,23,17,7,199,428,73,362,362.0
494,23,9,8,88,288,32,160,160.0
495,23,12,8,94,530,35,171,171.0
496,23,18,9,193,399,71,351,351.0
497,23,2,3,100,325,37,182,182.0
498,23,30,4,105,391,39,191,191.0
499,23,8,6,152,129,56,277,277.0
500,23,14,5,432,345,158,786,786.0
501,23,16,3,105,382,39,191,191.0
502,23,10,2,385,162,140,700,700.0
503,23,19,6,315,552,115,573,573.0
504,23,20,9,193,369,71,351,351.0
505,23,21,7,315,319,115,573,573.0
506,23,11,8,193,403,71,351,351.0
507,23,5,1,275,276,100,500,500.0
508,23,6,4,210,561,77,382,382.0
509,23,15,7,327,182,119,595,595.0
510,23,28,3,146,243,54,266,266.0
511,23,29,3,280,311,102,510,510.0
512,24,25,4,88,578,32,160,160.0
513,24,8,9,146,395,54,266,266.0
514,24,20,7,140,384,51,255,255.0
515,24,19,5,432,338,158,786,786.0
516,24,7,7,251,202,92,457,457.0
517,24,14,1,310,501,113,564,564.0
518,24,4,4,485,532,177,882,882.0
519,24,28,5,193,429,71,351,351.0
520,24,30,4,345,233,126,628,628.0
521,24,11,3,450,520,164,819,819.0
522,24,22,8,426,177,155,775,775.0
523,24,10,2,566,386,206,1030,1030.0
524,24,12,6,350,379,128,637,637.0
525,24,2,9,175,323,64,319,319.0
526,24,9,4,298,311,109,542,542.0
527,24,18,7,210,274,77,382,382.0
528,24,21,2,350,173,128,637,637.0
529,24,17,8,280,279,102,510,510.0
530,24,13,4,257,320,94,468,468.0
531,24,27,7,234,311,86,426,426.0
532,24,29,7,187,177,68,340,340.0
533,24,6,3,292,507,107,531,531.0
534,24,26,1,520,159,190,946,946.0
535,24,3,9,228,271,83,415,415.0
536,24,15,1,76,463,28,139,139.0
537,24,16,1,234,348,86,426,426.0
538,25,20,4,531,352,194,966,966.0
539,25,7,3,385,237,140,700,700.0
540,25,3,4,245,564,90,446,446.0
541,25,23,7,111,410,41,202,202.0
542,25,12,1,199,123,73,362,362.0
543,25,22,7,280,452,102,510,510.0
544,25,11,2,65,348,24,119,119.0
545,25,15,7,100,390,37,182,182.0
546,25,16,1,380,238,139,691,691.0
547,25,13,2,537,439,196,977,977.0
548,25,5,7,228,174,83,415,415.0
549,25,27,2,70,300,26,128,128.0
550,25,18,9,269,151,98,490,490.0
551,25,1,2,140,226,51,255,255.0
552,25,6,6,280,167,102,510,510.0
553,25,10,1,205,255,75,373,373.0
554,25,28,6,444,557,162,808,808.0
555,25,14,3,245,217,90,446,446.0
556,25,17,2,298,216,109,542,542.0
557,25,8,2,432,573,158,786,786.0
558,25,21,3,222,388,81,404,404.0
559,25,26,1,415,388,151,755,755.0
560,25,19,5,403,351,147,733,733.0
561,25,4,1,70,400,26,128,128.0
562,25,24,1,216,552,79,393,393.0
563,26,8,8,508,491,185,924,924.0
564,26,5,3,315,295,115,573,573.0
565,26,19,4,304,370,111,553,553.0
566,26,2,4,420,523,153,764,764.0
567,26,9,3,485,479,177,882,882.0
568,26,12,5,362,192,132,659,659.0
569,26,7,1,350,412,128,637,637.0
570,26,18,5,59,530,22,108,108.0
571,26,11,5,327,150,119,595,595.0
572,26,30,7,490,341,179,891,891.0
573,26,6,4,537,181,196,977,977.0
574,26,13,1,350,126,128,637,637.0
575,26,24,2,327,351,119,595,595.0
576,26,21,4,420,512,153,764,764.0
577,26,27,9,100,207,37,182,182.0
578,26,17,1,123,291,45,224,224.0
579,26,23,8,549,228,200,999,999.0
580,26,14,2,257,309,94,468,468.0
581,26,3,3,333,272,122,606,606.0
582,26,16,9,409,143,149,744,744.0
583,26,15,5,560,465,204,1019,1019.0
584,26,20,5,164,375,60,299,299.0
585,26,1,2,339,332,124,617,617.0
586,26,29,2,210,384,77,382,382.0
587,26,22,7,129,327,47,235,235.0
588,26,25,5,310,477,113,564,564.0
589,26,28,6,508,529,185,924,924.0
590,26,10,9,327,186,119,595,595.0
591,26,4,1,257,568,94,468,468.0
592,27,25,7,263,419,96,479,479.0
593,27,22,2,409,144,149,744,744.0
594,27,23,8,228,222,83,415,415.0
595,27,6,6,310,456,113,564,564.0
596,27,14,6,525,537,191,955,955.0
597,27,17,9,525,418,191,955,955.0
598,27,4,9,59,196,22,108,108.0
599,27,28,5,275,522,100,500,500.0
600,27,16,4,193,237,71,351,351.0
601,27,21,8,257,435,94,468,468.0
602,27,19,6,432,204,158,786,786.0
603,27,10,3,403,252,147,733,733.0
604,27,12,5,263,472,96,479,479.0
605,27,24,6,100,338,37,182,182.0
606,27,8,4,111,537,41,202,202.0
607,27,3,4,181,300,66,330,330.0
608,27,1,3,286,400,104,520,520.0
609,27,18,4,572,456,208,1040,1040.0
610,27,5,2,438,503,160,797,797.0
611,27,20,6,59,440,22,108,108.0
612,28,18,3,205,296,75,373,373.0
613,28,4,5,450,191,164,819,819.0
614,28,29,2,380,578,139,691,691.0
615,28,1,2,380,304,139,691,691.0
616,28,24,8,205,269,75,373,373.0
617,28,22,7,578,300,211,1051,1051.0
618,28,5,5,140,302,51,255,255.0
619,28,14,2,315,216,115,573,573.0
620,28,10,3,222,140,81,404,404.0
621,28,17,7,181,339,66,330,330.0
622,28,3,6,199,384,73,362,362.0
623,28,30,3,473,129,172,860,860.0
624,28,6,3,403,282,147,733,733.0
625,28,9,8,473,428,172,860,860.0
626,28,21,7,292,158,107,531,531.0
627,29,27,8,380,507,139,691,691.0
628,29,4,4,135,536,50,246,246.0
629,29,24,1,88,501,32,160,160.0
630,29,3,3,175,515,64,319,319.0
631,29,28,6,251,182,92,457,457.0
632,29,12,3,152,527,56,277,277.0
633,29,23,6,566,276,206,1030,1030.0
634,29,19,8,193,269,71,351,351.0
635,29,5,3,321,349,117,584,584.0
636,29,18,9,234,159,86,426,426.0
637,29,16,8,240,554,88,437,437.0
638,29,21,2,496,185,181,902,902.0
639,29,2,4,222,243,81,404,404.0
640,29,25,8,362,141,132,659,659.0
641,29,30,8,537,353,196,977,977.0
642,29,14,6,537,180,196,977,977.0
643,29,20,2,135,379,50,246,246.0
644,29,8,7,292,379,107,531,531.0
645,29,17,1,88,539,32,160,160.0
646,29,9,5,356,437,130,648,648.0
647,29,11,4,438,391,160,797,797.0
648,29,22,9,327,512,119,595,595.0
649,29,6,6,234,259,86,426,426.0
650,29,26,7,572,123,208,1040,1040.0
651,29,15,8,152,425,56,277,277.0
652,29,7,9,275,225,100,500,500.0
653,29,10,8,135,475,50,246,246.0
654,29,1,4,350,446,128,637,637.0
655,29,13,6,88,334,32,160,160.0
656,30,7,2,129,541,47,235,235.0
657,30,2,9,263,362,96,479,479.0
658,30,21,2,350,531,128,637,637.0
659,30,4,4,549,342,200,999,999.0
660,30,28,7,100,206,37,182,182.0
661,30,10,8,175,454,64,319,319.0
662,30,22,3,485,369,177,882,882.0
663,30,11,3,537,266,196,977,977.0
664,30,3,1,298,137,109,542,542.0
665,30,24,2,292,370,107,531,531.0
666,30,6,9,432,557,158,786,786.0
667,30,9,1,216,536,79,393,393.0
668,30,20,9,461,382,168,839,839.0
669,30,18,5,467,481,170,850,850.0
670,30,13,4,420,275,153,764,764.0
671,30,1,6,321,497,117,584,584.0
672,30,27,3,362,151,132,659,659.0
673,30,15,7,479,192,175,871,871.0
674,30,26,1,76,401,28,139,139.0
675,30,23,8,450,217,164,819,819.0
676,30,16,1,514,268,187,935,935.0
677,30,14,4,222,406,81,404,404.0
COMMODITIES,400
0,11,19,47,112,209,557,1048.0
1,30,3,59,90,227,447,1136.0
2,19,17,72,98,191,486,959.0
3,28,4,70,64,201,319,1005.0
4,24,5,53,70,221,350,1105.0
5,7,15,55,44,146,219,731.0
6,9,25,36,64,178,320,892.0
7,5,14,21,60,116,298,583.0
8,3,8,19,87,173,432,866.0
9,28,25,49,99,247,493,1236.0
10,19,23,57,51,162,251,814.0
11,19,6,31,83,187,412,937.0
12,10,2,63,33,137,163,688.0
13,8,14,59,114,272,566,1364.0
14,11,21,50,120,247,598,1236.0
15,1,11,60,24,162,120,813.0
16,20,9,27,70,191,347,957.0
17,23,15,55,54,198,268,992.0
18,24,1,61,68,195,337,975.0
19,16,21,50,78,195,389,977.0
20,7,28,67,42,164,206,821.0
21,9,3,42,21,138,101,691.0
22,1,5,50,86,214,426,1072.0
23,10,25,72,98,241,488,1207.0
24,24,11,17,79,162,394,811.0
25,1,17,17,71,193,352,966.0
26,10,12,29,99,199,494,998.0
27,28,19,74,80,215,398,1077.0
28,21,20,52,75,180,373,900.0
29,20,5,30,102,232,510,1162.0
30,30,7,62,76,162,380,810.0
31,26,12,47,127,253,631,1267.0
32,26,3,36,93,191,464,957.0
33,16,12,54,56,155,277,777.0
34,23,16,53,68,135,338,676.0
35,15,23,52,111,245,552,1227.0
36,15,28,31,54,155,267,778.0
37,7,9,59,72,192,359,960.0
38,24,15,48,61,120,302,600.0
39,19,25,46,75,147,374,736.0
40,2,28,51,76,200,377,1002.0
41,8,5,44,43,169,214,849.0
42,9,19,20,89,233,444,1167.0
43,9,6,35,90,221,448,1108.0
44,12,10,46,54,164,269,824.0
45,6,23,27,89,228,443,1140.0
46,10,30,20,58,159,290,799.0
47,28,9,18,88,223,439,1119.0
48,30,9,33,98,218,486,1091.0
49,21,22,67,61,180,304,902.0
50,10,17,23,83,203,415,1018.0
51,25,2,70,53,162,261,811.0
52,19,24,44,95,190,473,951.0
53,30,2,30,81,219,402,1095.0
54,3,30,56,48,119,240,597.0
55,13,7,73,91,183,451,916.0
56,15,11,36,14,136,69,680.0
57,1,20,48,99,221,495,1106.0
58,13,14,56,111,207,555,1038.0
59,2,25,64,65,133,323,666.0
60,1,9,15,95,227,475,1136.0
61,11,5,60,58,168,288,841.0
62,4,15,39,72,244,358,1224.0
63,26,18,69,63,129,313,647.0
64,28,20,31,10,139,46,699.0
65,21,30,49,79,198,394,990.0
66,1,26,19,108,177,538,885.0
67,10,29,72,37,213,185,1069.0
68,2,6,62,55,170,274,851.0
69,23,20,40,57,170,284,850.0
70,25,23,24,90,168,448,842.0
71,24,27,37,128,223,640,1118.0
72,24,7,73,15,143,73,718.0
73,5,9,40,103,209,515,1046.0
74,13,30,17,77,152,381,760.0
75,23,22,30,65,178,325,891.0
76,15,22,41,84,200,417,1004.0
77,17,23,70,74,134,367,673.0
78,19,18,43,45,120,221,604.0
79,2,29,22,64,213,317,1065.0
80,19,16,17,40,122,197,611.0
81,19,8,49,114,230,569,1154.0
82,1,8,68,95,205,474,1029.0
83,24,29,69,78,176,387,883.0
84,18,9,22,118,217,587,1086.0
85,24,10,20,44,162,220,811.0
86,29,13,44,99,167,494,839.0
87,13,29,45,87,189,435,946.0
88,27,23,34,32,152,160,760.0
89,3,25,25,33,133,163,665.0
90,6,29,49,88,245,437,1228.0
91,27,12,41,34,111,167,559.0
92,13,1,50,90,243,450,1216.0
93,30,25,15,44,181,219,905.0
94,10,20,48,92,216,459,1080.0
95,16,9,42,78,200,388,1001.0
96,16,20,34,77,146,383,733.0
97,3,18,66,110,192,547,964.0
98,10,4,49,81,176,405,884.0
99,10,15,40,83,244,413,1224.0
100,3,24,27,73,166,362,832.0
101,23,29,58,110,234,546,1172.0
102,4,9,55,42,139,206,698.0
103,11,24,33,70,154,347,773.0
104,23,9,54,100,167,499,835.0
105,29,8,56,91,202,453,1012.0
106,24,12,54,65,181,321,905.0
107,9,21,18,109,276,545,1384.0
108,25,3,52,27,164,135,821.0
109,20,8,35,51,114,253,573.0
110,16,26,69,48,137,239,688.0
111,8,11,52,62,186,309,930.0
112,27,20,44,46,102,229,510.0
113,30,1,39,120,281,596,1409.0
114,30,22,66,89,197,443,989.0
115,12,15,35,69,189,342,948.0
116,13,21,54,79,175,395,876.0
117,3,27,55,81,199,404,997.0
118,19,9,62,87,146,434,731.0
119,21,24,21,97,195,481,978.0
120,13,20,71,88,215,440,1079.0
121,16,18,67,50,162,246,812.0
122,20,22,53,63,162,313,811.0
123,9,5,40,49,204,241,1020.0
124,8,22,31,64,226,316,1132.0
125,9,29,17,94,255,468,1276.0
126,15,9,64,99,255,495,1276.0
127,28,15,17,100,239,500,1198.0
128,1,4,33,89,206,445,1030.0
129,26,25,24,98,227,489,1139.0
130,10,16,46,66,185,329,928.0
131,25,26,51,97,223,483,1118.0
132,7,2,46,120,228,598,1143.0
133,27,21,31,77,214,383,1072.0
134,25,21,43,35,146,172,731.0
135,30,4,66,76,204,376,1022.0
136,21,18,46,68,196,340,982.0
137,5,27,22,106,158,528,793.0
138,2,22,36,58,151,290,759.0
139,27,15,19,92,186,459,934.0
140,27,14,32,41,175,203,875.0
141,20,10,38,59,120,292,600.0
142,25,11,61,68,118,337,594.0
143,2,3,29,104,195,516,976.0
144,4,12,45,34,181,168,906.0
145,5,18,70,57,185,284,928.0
146,15,8,64,69,163,341,816.0
147,24,6,56,92,234,456,1172.0
148,3,10,69,30,149,148,745.0
149,13,19,71,76,175,377,878.0
150,2,26,73,92,153,460,765.0
151,7,20,37,82,141,409,705.0
152,7,12,41,42,142,208,714.0
153,7,25,49,55,155,271,775.0
154,20,13,45,43,180,215,900.0
155,21,15,24,93,216,462,1082.0
156,24,22,58,65,201,325,1006.0
157,25,6,33,35,170,172,854.0
158,16,24,39,104,234,516,1173.0
159,13,9,20,49,179,244,898.0
160,14,28,41,33,117,164,588.0
161,25,18,44,76,222,379,1112.0
162,15,1,23,70,227,349,1138.0
163,22,17,37,67,204,332,1024.0
164,20,21,61,88,241,440,1206.0
165,12,14,55,59,211,294,1058.0
166,15,30,32,40,176,199,883.0
167,22,5,24,53,146,262,733.0
168,26,4,32,76,164,378,821.0
169,30,27,27,58,164,287,821.0
170,25,16,29,86,201,429,1006.0
171,27,24,71,55,119,275,598.0
172,5,23,18,82,203,407,1016.0
173,16,3,40,99,200,495,1001.0
174,26,16,29,47,197,234,987.0
175,12,2,15,76,225,378,1128.0
176,10,23,69,62,140,308,703.0
177,22,29,73,134,253,667,1269.0
178,27,16,19,98,213,490,1067.0
179,13,26,23,67,161,333,809.0
180,12,4,17,116,262,576,1314.0
181,2,21,43,53,156,263,784.0
182,4,17,54,100,220,499,1103.0
183,17,6,26,61,191,305,955.0
184,6,7,59,54,198,268,990.0
185,13,24,42,110,213,548,1069.0
186,14,8,23,106,207,528,1036.0
187,13,8,39,58,141,287,708.0
188,6,3,49,98,200,488,1004.0
189,23,14,55,107,240,532,1200.0
190,29,2,15,63,184,314,923.0
191,22,11,43,46,167,228,836.0
192,20,4,68,101,222,505,1113.0
193,13,17,65,94,235,470,1179.0
194,3,9,23,94,188,470,944.0
195,19,15,45,98,184,489,922.0
196,29,4,28,52,137,259,686.0
197,23,2,41,80,150,400,753.0
198,9,14,47,66,166,327,833.0
199,26,1,63,72,231,356,1159.0
200,16,13,42,24,136,116,682.0
201,28,11,70,66,229,327,1149.0
202,27,25,20,102,199,510,996.0
203,21,3,44,82,172,408,860.0
204,11,16,55,74,174,370,870.0
205,27,4,21,93,155,461,777.0
206,6,9,16,94,230,469,1153.0
207,8,26,19,122,255,610,1277.0
208,1,18,52,80,163,397,818.0
209,23,27,59,75,187,373,935.0
210,30,18,18,66,148,329,742.0
211,6,18,23,101,177,502,886.0
212,9,30,67,58,202,290,1010.0
213,4,20,64,85,228,424,1143.0
214,23,7,50,71,199,353,999.0
215,30,24,62,115,230,572,1153.0
216,13,6,42,82,219,408,1096.0
217,15,29,40,76,222,377,1112.0
218,2,23,32,94,178,470,893.0
219,14,4,68,78,208,389,1040.0
220,2,18,33,79,173,394,868.0
221,6,24,15,116,218,576,1091.0
222,1,23,47,21,122,102,611.0
223,29,7,56,123,239,613,1195.0
224,15,4,29,30,119,149,597.0
225,19,11,70,72,167,356,835.0
226,19,1,36,69,174,343,871.0
227,14,3,21,64,188,316,943.0
228,19,26,20,150,279,749,1395.0
229,30,12,48,86,238,430,1192.0
230,9,4,67,46,170,229,853.0
231,29,17,15,13,88,64,441.0
232,28,21,30,70,177,349,888.0
233,1,15,24,60,171,299,857.0
234,16,28,63,74,142,366,710.0
235,17,1,21,113,236,563,1182.0
236,14,20,29,62,155,308,777.0
237,30,29,31,107,242,535,1211.0
238,3,22,41,73,206,363,1033.0
239,12,13,49,56,187,276,935.0
240,1,2,30,77,217,382,1088.0
241,13,22,65,71,207,352,1039.0
242,28,1,45,79,236,394,1182.0
243,9,2,40,66,188,329,944.0
244,4,24,74,55,202,273,1010.0
245,27,22,63,59,189,291,945.0
246,21,19,31,72,182,356,914.0
247,13,25,56,56,194,276,970.0
248,25,9,70,41,157,202,789.0
249,13,5,52,58,141,287,708.0
250,9,24,64,68,188,338,942.0
251,13,3,18,38,110,190,550.0
252,4,13,47,58,220,290,1100.0
253,15,13,47,90,236,449,1182.0
254,16,6,32,54,130,266,653.0
255,14,30,35,97,149,481,749.0
256,6,14,16,96,232,476,1164.0
257,28,18,21,65,186,324,933.0
258,26,28,70,78,222,387,1111.0
259,14,12,16,92,223,456,1115.0
260,27,5,22,48,217,237,1089.0
261,29,14,28,76,188,377,940.0
262,29,11,48,95,210,473,1051.0
263,4,7,68,77,238,381,1190.0
264,26,13,44,120,253,599,1267.0
265,22,8,42,80,231,400,1158.0
266,13,12,41,100,221,499,1107.0
267,29,16,49,61,186,304,933.0
268,15,12,56,90,202,446,1011.0
269,4,25,29,78,241,389,1207.0
270,25,14,46,51,196,254,982.0
271,23,18,72,108,220,536,1100.0
272,12,19,24,83,251,411,1255.0
273,20,27,73,71,171,351,859.0
274,10,24,38,53,188,261,941.0
275,18,20,29,60,149,297,746.0
276,4,5,18,119,280,594,1402.0
277,29,9,18,28,155,136,778.0
278,12,1,43,65,223,324,1116.0
279,25,13,74,64,203,318,1017.0
280,25,4,19,92,163,458,818.0
281,11,12,44,63,161,315,805.0
282,28,14,40,75,192,373,962.0
283,30,14,55,80,201,397,1009.0
284,15,26,48,57,181,285,907.0
285,15,21,46,85,236,424,1182.0
286,5,28,65,68,169,337,846.0
287,7,4,17,64,193,316,966.0
288,29,28,43,68,161,336,809.0
289,29,3,65,67,164,334,824.0
290,15,27,67,106,227,527,1136.0
291,1,3,51,30,157,147,788.0
292,18,4,71,73,160,363,802.0
293,1,21,71,63,141,312,708.0
294,1,30,36,96,246,479,1230.0
295,26,14,28,84,201,416,1009.0
296,5,17,74,62,141,309,706.0
297,11,29,22,74,211,368,1057.0
298,20,26,49,99,199,495,998.0
299,7,11,46,50,164,246,822.0
300,14,25,57,135,244,673,1223.0
301,11,8,40,84,159,416,799.0
302,18,30,74,92,218,458,1094.0
303,2,9,61,110,217,546,1088.0
304,24,25,52,89,163,445,818.0
305,2,13,40,81,177,401,888.0
306,4,29,54,95,269,474,1349.0
307,29,27,65,95,222,473,1114.0
308,25,10,58,128,243,637,1219.0
309,22,26,44,102,275,507,1375.0
310,27,2,29,34,135,167,675.0
311,30,15,73,35,170,171,851.0
312,15,25,65,68,156,336,780.0
313,2,24,69,71,176,354,882.0
314,12,20,15,83,211,411,1059.0
315,22,4,34,78,138,386,691.0
316,24,21,52,80,220,398,1104.0
317,25,22,15,116,263,578,1319.0
318,26,10,55,130,245,646,1226.0
319,11,26,21,101,223,501,1118.0
320,21,11,61,54,192,268,964.0
321,5,4,74,109,203,545,1016.0
322,7,10,51,57,148,285,740.0
323,16,7,18,82,210,410,1054.0
324,28,12,47,82,243,408,1217.0
325,25,17,49,55,166,272,832.0
326,20,29,55,53,179,261,899.0
327,20,15,18,80,224,400,1122.0
328,10,19,17,42,161,206,809.0
329,9,11,29,74,147,370,735.0
330,1,12,70,70,194,349,970.0
331,19,30,32,92,177,456,889.0
332,2,20,57,79,198,391,991.0
333,4,1,71,77,193,382,965.0
334,26,17,16,95,178,471,892.0
335,5,7,59,71,140,351,702.0
336,25,24,17,120,216,596,1082.0
337,25,8,59,117,206,582,1034.0
338,24,13,56,54,176,267,883.0
339,12,17,17,77,213,383,1068.0
340,2,19,30,31,110,151,551.0
341,20,11,15,94,204,468,1021.0
342,26,7,30,64,188,319,942.0
343,13,23,29,38,172,188,860.0
344,26,8,49,97,210,482,1051.0
345,12,30,44,86,149,429,749.0
346,20,23,59,60,156,298,782.0
347,11,17,60,43,138,215,690.0
348,13,11,40,23,152,114,760.0
349,15,17,35,85,200,424,1000.0
350,16,1,17,84,198,419,990.0
351,15,2,38,68,171,337,856.0
352,13,18,62,80,203,396,1016.0
353,10,21,48,108,245,540,1225.0
354,30,5,51,62,177,309,888.0
355,4,27,40,90,227,448,1135.0
356,20,19,16,50,176,249,883.0
357,10,11,58,46,158,230,793.0
358,26,9,27,77,188,382,943.0
359,22,21,15,92,204,459,1022.0
360,4,22,26,54,222,270,1113.0
361,25,20,46,66,144,330,724.0
362,8,18,54,102,261,506,1309.0
363,21,26,59,75,174,374,873.0
364,29,10,62,89,180,443,904.0
365,19,3,24,77,199,381,999.0
366,19,10,26,81,205,401,1028.0
367,10,22,64,97,243,481,1219.0
368,3,15,46,76,166,380,830.0
369,7,17,59,83,165,414,826.0
370,17,3,41,65,124,325,622.0
371,2,4,66,34,132,170,663.0
372,19,12,22,73,179,361,897.0
373,18,7,68,59,163,294,818.0
374,2,7,43,53,166,263,833.0
375,2,10,22,73,154,364,772.0
376,9,18,31,80,238,398,1193.0
377,15,14,69,103,246,515,1234.0
378,2,8,62,87,186,431,931.0
379,11,2,17,105,212,522,1062.0
380,22,27,58,67,181,334,908.0
381,17,20,27,81,197,401,985.0
382,8,28,18,95,210,472,1053.0
383,3,16,19,103,187,514,935.0
384,27,7,68,57,201,284,1009.0
385,16,8,26,76,153,380,768.0
386,16,19,36,71,171,354,855.0
387,21,5,35,77,156,384,784.0
388,13,2,48,91,210,453,1052.0
389,20,2,24,85,177,425,888.0
390,30,17,56,63,171,314,859.0
391,30,26,46,71,142,355,714.0
392,9,8,39,103,189,513,946.0
393,17,14,35,93,172,461,863.0
394,27,11,18,102,208,509,1041.0
395,2,11,43,77,144,384,722.0
396,2,12,50,72,204,359,1023.0
397,6,13,62,84,241,416,1209.0
398,29,21,68,35,173,171,869.0
399,6,2,32,69,170,342,850.0
horizon=281
