NODES,20
1,1,-,-
2,2,-,-
3,3,-,-
4,4,-,-
5,5,-,-
6,6,-,-
7,7,-,-
8,8,-,-
9,9,-,-
10,10,-,-
11,11,-,-
12,12,-,-
13,13,-,-
14,14,-,-
15,15,-,-
16,16,-,-
17,17,-,-
18,18,-,-
19,19,-,-
20,20,-,-
ARCS,292
0,1,8,3,2077,173,252,3777,3777.0
1,1,13,6,1144,290,139,2080,2080.0
2,1,4,7,2950,192,358,5364,5364.0
3,1,7,6,903,386,110,1642,1642.0
4,1,16,7,933,366,114,1697,1697.0
5,1,15,9,1626,361,198,2957,2957.0
6,1,17,3,2167,532,263,3940,3940.0
7,1,9,3,2739,577,332,4980,4980.0
8,1,2,3,2167,191,263,3940,3940.0
9,1,11,7,1927,487,234,3504,3504.0
10,1,18,6,1204,421,146,2190,2190.0
11,1,12,9,2829,343,343,5144,5144.0
12,1,10,5,1656,513,201,3011,3011.0
13,1,20,9,2167,397,263,3940,3940.0
14,1,5,1,602,312,73,1095,1095.0
15,1,19,3,452,223,55,822,822.0
16,1,14,7,1295,174,157,2355,2355.0
17,2,4,5,2829,568,343,5144,5144.0
18,2,5,5,1626,420,198,2957,2957.0
19,2,11,3,1565,434,190,2846,2846.0
20,2,1,5,2589,470,314,4708,4708.0
21,2,16,5,2047,573,249,3722,3722.0
22,2,6,3,2558,298,311,4651,4651.0
23,2,14,3,452,558,55,822,822.0
24,2,7,7,2348,168,285,4270,4270.0
25,2,10,7,1355,565,165,2464,2464.0
26,2,15,4,1776,272,216,3230,3230.0
27,2,9,2,1565,398,190,2846,2846.0
28,2,13,4,1295,383,157,2355,2355.0
29,2,12,2,2498,472,303,4542,4542.0
30,2,8,7,2348,202,285,4270,4270.0
31,2,17,2,1686,273,205,3066,3066.0
32,3,8,2,482,266,59,877,877.0
33,3,13,5,1896,135,230,3448,3448.0
34,3,15,4,362,307,44,659,659.0
35,3,7,2,1295,481,157,2355,2355.0
36,3,17,1,512,573,63,931,931.0
37,3,6,3,2528,291,307,4597,4597.0
38,3,10,3,2558,566,311,4651,4651.0
39,3,18,3,1475,266,179,2682,2682.0
40,3,9,7,301,170,37,548,548.0
41,3,1,3,1445,527,176,2628,2628.0
42,3,5,5,1445,162,176,2628,2628.0
43,3,20,5,2829,124,343,5144,5144.0
44,3,2,2,1716,180,208,3120,3120.0
45,3,12,5,1475,469,179,2682,2682.0
46,3,19,7,2378,145,289,4324,4324.0
47,3,4,9,783,487,95,1424,1424.0
48,3,14,9,1927,507,234,3504,3504.0
49,4,5,1,2528,607,307,4597,4597.0
50,4,12,1,1896,483,230,3448,3448.0
51,4,17,7,542,219,66,986,986.0
52,4,15,4,2107,414,256,3831,3831.0
53,4,7,1,1535,502,187,2791,2791.0
54,4,8,8,1114,252,136,2026,2026.0
55,4,19,9,2920,211,354,5310,5310.0
56,4,6,3,663,153,81,1206,1206.0
57,4,1,5,2829,476,343,5144,5144.0
58,4,16,8,2859,265,347,5199,5199.0
59,4,11,1,2679,203,325,4871,4871.0
60,4,18,7,1686,489,205,3066,3066.0
61,4,3,5,1325,161,161,2410,2410.0
62,4,10,2,1836,271,223,3339,3339.0
63,4,14,2,2288,450,278,4160,4160.0
64,5,15,4,1776,179,216,3230,3230.0
65,5,12,1,1325,261,161,2410,2410.0
66,5,14,4,2077,518,252,3777,3777.0
67,5,16,2,2498,432,303,4542,4542.0
68,5,10,5,1776,312,216,3230,3230.0
69,5,19,2,2348,381,285,4270,4270.0
70,5,4,2,2017,243,245,3668,3668.0
71,5,20,2,2498,477,303,4542,4542.0
72,5,6,6,2047,190,249,3722,3722.0
73,5,13,9,2378,257,289,4324,4324.0
74,5,1,5,2017,555,245,3668,3668.0
75,5,2,3,1445,346,176,2628,2628.0
76,5,3,2,2619,526,318,4762,4762.0
77,5,9,1,1204,208,146,2190,2190.0
78,6,15,4,2799,318,340,5090,5090.0
79,6,5,4,1144,436,139,2080,2080.0
80,6,4,5,2107,219,256,3831,3831.0
81,6,7,8,1385,137,168,2519,2519.0
82,6,11,1,542,392,66,986,986.0
83,6,14,8,2679,450,325,4871,4871.0
84,6,1,1,1415,573,172,2573,2573.0
85,6,17,2,1355,357,165,2464,2464.0
86,6,2,4,843,597,103,1533,1533.0
87,6,3,9,2769,427,336,5035,5035.0
88,6,12,6,2348,392,285,4270,4270.0
89,6,20,2,362,577,44,659,659.0
90,6,18,2,2077,205,252,3777,3777.0
91,6,13,7,2227,387,270,4050,4050.0
92,6,16,2,332,228,41,604,604.0
93,6,10,1,2890,361,351,5255,5255.0
94,7,20,4,1836,125,223,3339,3339.0
95,7,4,5,2288,133,278,4160,4160.0
96,7,19,3,2589,488,314,4708,4708.0
97,7,3,1,2739,232,332,4980,4980.0
98,7,15,6,1385,355,168,2519,2519.0
99,7,16,5,2227,527,270,4050,4050.0
100,7,10,3,873,351,106,1588,1588.0
101,7,6,6,2589,326,314,4708,4708.0
102,7,8,4,2318,423,281,4215,4215.0
103,7,2,6,2589,593,314,4708,4708.0
104,8,9,8,542,552,66,986,986.0
105,8,10,5,2920,608,354,5310,5310.0
106,8,3,7,2348,139,285,4270,4270.0
107,8,11,2,482,591,59,877,877.0
108,8,1,2,723,497,88,1315,1315.0
109,8,2,4,2829,136,343,5144,5144.0
110,8,20,7,2167,250,263,3940,3940.0
111,8,19,9,1385,531,168,2519,2519.0
112,8,4,6,1114,301,136,2026,2026.0
113,8,15,2,2378,487,289,4324,4324.0
114,8,18,3,693,547,84,1260,1260.0
115,8,14,3,1957,520,238,3559,3559.0
116,8,12,3,723,548,88,1315,1315.0
117,9,14,1,2799,436,340,5090,5090.0
118,9,7,8,1866,265,227,3393,3393.0
119,9,19,9,1475,318,179,2682,2682.0
120,9,13,5,1084,442,132,1971,1971.0
121,9,11,3,1355,427,165,2464,2464.0
122,9,20,4,873,472,106,1588,1588.0
123,9,1,3,2438,608,296,4433,4433.0
124,9,10,2,1626,541,198,2957,2957.0
125,9,8,3,1054,388,128,1917,1917.0
126,9,12,2,2318,599,281,4215,4215.0
127,9,4,8,2438,221,296,4433,4433.0
128,9,15,6,1746,518,212,3175,3175.0
129,9,5,3,2980,371,362,5419,5419.0
130,9,3,8,1776,280,216,3230,3230.0
131,9,17,2,1896,378,230,3448,3448.0
132,10,9,2,301,125,37,548,548.0
133,10,12,5,723,463,88,1315,1315.0
134,10,2,9,663,157,81,1206,1206.0
135,10,5,3,843,350,103,1533,1533.0
136,10,16,2,2709,508,329,4926,4926.0
137,10,18,2,2709,529,329,4926,4926.0
138,10,19,1,2378,207,289,4324,4324.0
139,10,8,9,301,290,37,548,548.0
140,10,3,2,903,595,110,1642,1642.0
141,10,15,1,933,290,114,1697,1697.0
142,10,4,3,2408,461,292,4379,4379.0
143,10,14,4,2258,268,274,4106,4106.0
144,10,7,9,482,419,59,877,877.0
145,11,12,4,482,167,59,877,877.0
146,11,6,2,1415,432,172,2573,2573.0
147,11,16,7,452,571,55,822,822.0
148,11,8,3,1896,410,230,3448,3448.0
149,11,3,7,1114,219,136,2026,2026.0
150,11,17,4,2047,249,249,3722,3722.0
151,11,20,1,2348,147,285,4270,4270.0
152,11,2,5,1656,349,201,3011,3011.0
153,11,9,9,1264,354,154,2299,2299.0
154,11,13,9,2107,420,256,3831,3831.0
155,11,5,6,1234,152,150,2244,2244.0
156,12,13,7,2950,260,358,5364,5364.0
157,12,11,2,1806,527,219,3284,3284.0
158,12,14,8,392,500,48,713,713.0
159,12,19,3,2468,540,300,4488,4488.0
160,12,4,3,1415,162,172,2573,2573.0
161,12,20,5,964,327,117,1753,1753.0
162,12,17,7,2318,598,281,4215,4215.0
163,12,16,4,2950,240,358,5364,5364.0
164,12,8,2,2197,430,267,3995,3995.0
165,12,10,9,2920,472,354,5310,5310.0
166,12,18,9,332,310,41,604,604.0
167,12,15,1,1264,557,154,2299,2299.0
168,12,5,1,843,492,103,1533,1533.0
169,12,1,2,843,431,103,1533,1533.0
170,12,2,5,2017,553,245,3668,3668.0
171,12,3,6,2890,590,351,5255,5255.0
172,12,7,8,512,222,63,931,931.0
173,12,6,8,1746,307,212,3175,3175.0
174,12,9,2,1325,243,161,2410,2410.0
175,13,17,8,2528,190,307,4597,4597.0
176,13,3,4,2167,318,263,3940,3940.0
177,13,14,7,301,492,37,548,548.0
178,13,12,9,1565,247,190,2846,2846.0
179,13,19,7,1896,217,230,3448,3448.0
180,13,7,1,2649,128,322,4817,4817.0
181,13,9,8,2408,249,292,4379,4379.0
182,13,18,1,783,394,95,1424,1424.0
183,13,10,1,2348,543,285,4270,4270.0
184,13,5,4,2679,544,325,4871,4871.0
185,13,16,7,1716,312,208,3120,3120.0
186,13,2,3,1234,151,150,2244,2244.0
187,13,8,6,1445,412,176,2628,2628.0
188,13,20,7,2799,216,340,5090,5090.0
189,13,4,2,1234,393,150,2244,2244.0
190,13,6,9,2498,151,303,4542,4542.0
191,14,9,6,1656,437,201,3011,3011.0
192,14,3,1,1505,247,183,2737,2737.0
193,14,11,2,1204,608,146,2190,2190.0
194,14,1,3,2799,432,340,5090,5090.0
195,14,7,1,2077,239,252,3777,3777.0
196,14,17,7,994,211,121,1808,1808.0
197,14,10,9,1565,150,190,2846,2846.0
198,14,6,9,572,580,70,1040,1040.0
199,14,8,2,1716,345,208,3120,3120.0
200,14,16,5,2769,126,336,5035,5035.0
201,14,18,8,813,425,99,1479,1479.0
202,14,20,6,1385,508,168,2519,2519.0
203,14,13,6,964,555,117,1753,1753.0
204,14,15,4,2619,530,318,4762,4762.0
205,15,2,9,1144,566,139,2080,2080.0
206,15,20,7,933,566,114,1697,1697.0
207,15,11,9,2318,455,281,4215,4215.0
208,15,3,6,1776,414,216,3230,3230.0
209,15,18,2,1716,273,208,3120,3120.0
210,15,8,8,1234,412,150,2244,2244.0
211,15,14,3,1385,505,168,2519,2519.0
212,15,12,8,753,185,92,1370,1370.0
213,15,4,7,2739,337,332,4980,4980.0
214,15,16,7,2348,196,285,4270,4270.0
215,15,6,6,2859,362,347,5199,5199.0
216,15,19,2,2167,476,263,3940,3940.0
217,15,5,2,1475,463,179,2682,2682.0
218,15,17,7,1295,571,157,2355,2355.0
219,15,7,8,2408,340,292,4379,4379.0
220,16,11,6,2438,406,296,4433,4433.0
221,16,9,5,2649,573,322,4817,4817.0
222,16,8,3,1295,324,157,2355,2355.0
223,16,18,7,1866,465,227,3393,3393.0
224,16,12,4,1385,130,168,2519,2519.0
225,16,19,7,843,537,103,1533,1533.0
226,16,1,1,2619,438,318,4762,4762.0
227,16,13,4,2739,551,332,4980,4980.0
228,16,2,6,1355,332,165,2464,2464.0
229,17,11,8,1084,199,132,1971,1971.0
230,17,8,6,2950,526,358,5364,5364.0
231,17,13,2,1054,379,128,1917,1917.0
232,17,2,9,2288,335,278,4160,4160.0
233,17,20,8,2709,441,329,4926,4926.0
234,17,9,6,1716,546,208,3120,3120.0
235,17,3,2,1385,151,168,2519,2519.0
236,17,7,2,873,459,106,1588,1588.0
237,17,6,1,2920,571,354,5310,5310.0
238,17,12,4,392,235,48,713,713.0
239,17,4,1,1505,147,183,2737,2737.0
240,17,15,3,332,250,41,604,604.0
241,17,16,6,572,461,70,1040,1040.0
242,17,10,2,1565,439,190,2846,2846.0
243,17,1,7,1927,416,234,3504,3504.0
244,17,19,8,2468,443,300,4488,4488.0
245,18,17,1,1445,359,176,2628,2628.0
246,18,9,3,2980,140,362,5419,5419.0
247,18,6,3,2077,455,252,3777,3777.0
248,18,4,3,2318,309,281,4215,4215.0
249,18,13,8,1445,331,176,2628,2628.0
250,18,7,3,2619,397,318,4762,4762.0
251,18,16,5,1927,510,234,3504,3504.0
252,18,5,7,843,232,103,1533,1533.0
253,18,8,4,873,552,106,1588,1588.0
254,18,19,6,1445,577,176,2628,2628.0
255,18,11,9,2769,481,336,5035,5035.0
256,18,20,4,1626,508,198,2957,2957.0
257,18,2,6,2859,456,347,5199,5199.0
258,18,1,8,2920,448,354,5310,5310.0
259,18,14,2,1475,551,179,2682,2682.0
260,18,10,4,2920,603,354,5310,5310.0
261,18,3,9,1174,464,143,2135,2135.0
262,18,15,4,2649,312,322,4817,4817.0
263,19,8,2,2649,170,322,4817,4817.0
264,19,1,9,512,378,63,931,931.0
265,19,2,7,1264,344,154,2299,2299.0
266,19,18,8,2859,537,347,5199,5199.0
267,19,7,2,2980,223,362,5419,5419.0
268,19,13,5,2679,604,325,4871,4871.0
269,19,17,5,2829,458,343,5144,5144.0
270,19,15,2,2438,277,296,4433,4433.0
271,19,10,8,2227,540,270,4050,4050.0
272,19,20,1,602,493,73,1095,1095.0
273,19,14,4,2348,455,285,4270,4270.0
274,19,9,7,1174,294,143,2135,2135.0
275,19,12,6,1174,372,143,2135,2135.0
276,20,15,3,1264,456,154,2299,2299.0
277,20,12,8,2197,498,267,3995,3995.0
278,20,18,2,2197,412,267,3995,3995.0
279,20,11,5,1355,184,165,2464,2464.0
280,20,14,4,964,293,117,1753,1753.0
281,20,4,7,2498,190,303,4542,4542.0
282,20,3,7,2318,280,281,4215,4215.0
283,20,1,7,2288,223,278,4160,4160.0
284,20,13,4,693,307,84,1260,1260.0
285,20,19,2,512,290,63,931,931.0
286,20,8,5,2047,255,249,3722,3722.0
287,20,9,6,2137,137,260,3886,3886.0
288,20,16,2,602,299,73,1095,1095.0
289,20,5,6,2769,552,336,5035,5035.0
290,20,7,8,2950,467,358,5364,5364.0
291,20,10,1,2227,161,270,4050,4050.0
COMMODITIES,200
0,3,12,58,136,360,2039,5413.0
1,3,11,54,251,439,3763,6586.0
2,10,13,74,300,570,4493,8563.0
3,6,12,22,185,390,2768,5858.0
4,20,5,57,212,497,3175,7467.0
5,5,4,24,261,610,3903,9155.0
6,13,11,30,182,439,2728,6595.0
7,3,17,39,228,360,3407,5403.0
8,10,1,25,137,335,2046,5029.0
9,11,13,15,117,446,1741,6698.0
10,19,13,49,246,466,3681,6992.0
11,3,7,74,179,426,2679,6404.0
12,9,14,60,241,502,3602,7538.0
13,9,1,55,249,548,3734,8225.0
14,4,2,64,215,471,3211,7070.0
15,1,12,48,244,526,3660,7896.0
16,20,18,47,192,445,2874,6689.0
17,13,3,69,113,410,1689,6153.0
18,1,20,65,224,433,3359,6507.0
19,20,3,34,172,522,2578,7841.0
20,13,16,35,187,411,2798,6168.0
21,19,10,23,159,514,2374,7715.0
22,19,11,70,153,478,2283,7173.0
23,15,3,16,305,615,4569,9227.0
24,5,14,56,328,632,4915,9486.0
25,3,15,15,260,396,3888,5952.0
26,18,10,20,253,654,3789,9812.0
27,19,8,31,143,490,2140,7361.0
28,4,19,44,239,521,3585,7828.0
29,1,3,45,256,623,3831,9353.0
30,9,18,68,128,444,1911,6671.0
31,15,9,35,241,543,3613,8155.0
32,18,17,58,54,306,810,4603.0
33,19,4,65,276,660,4137,9901.0
34,20,6,19,115,382,1715,5739.0
35,3,2,28,104,369,1547,5540.0
36,5,15,28,68,382,1015,5734.0
37,8,5,48,113,329,1681,4945.0
38,15,20,69,168,369,2519,5540.0
39,17,12,35,138,269,2067,4037.0
40,12,5,64,219,420,3281,6308.0
41,20,10,34,253,583,3785,8758.0
42,14,11,29,252,516,3774,7741.0
43,15,14,37,95,324,1413,4865.0
44,1,6,60,301,635,4507,9530.0
45,4,10,71,184,500,2758,7507.0
46,20,12,56,214,507,3208,7607.0
47,11,4,55,173,497,2583,7463.0
48,13,18,59,175,358,2615,5371.0
49,19,17,23,174,569,2598,8542.0
50,4,11,56,31,251,459,3774.0
51,19,14,30,31,310,458,4652.0
52,19,7,49,162,397,2426,5957.0
53,3,4,27,146,307,2183,4619.0
54,5,7,33,91,399,1356,5986.0
55,19,3,70,161,587,2411,8818.0
56,12,1,66,191,371,2858,5579.0
57,7,17,63,170,524,2537,7870.0
58,16,8,42,211,475,3153,7132.0
59,9,8,49,123,367,1832,5506.0
60,3,9,59,190,288,2848,4326.0
61,10,15,74,93,297,1383,4462.0
62,8,19,67,252,479,3776,7198.0
63,4,7,74,104,343,1547,5145.0
64,2,6,25,230,458,3437,6877.0
65,13,1,46,249,587,3728,8814.0
66,7,13,50,170,531,2537,7976.0
67,19,5,65,117,337,1744,5055.0
68,7,3,24,208,492,3107,7388.0
69,6,8,62,93,382,1386,5734.0
70,6,15,62,98,373,1466,5599.0
71,16,14,58,160,469,2397,7045.0
72,19,2,28,91,336,1356,5054.0
73,17,2,53,206,459,3084,6890.0
74,4,8,62,146,335,2181,5031.0
75,2,3,50,253,591,3784,8867.0
76,17,20,39,272,506,4068,7598.0
77,5,12,64,128,365,1913,5482.0
78,8,10,62,235,596,3518,8952.0
79,6,5,22,86,296,1276,4453.0
80,4,13,15,98,395,1468,5932.0
81,15,12,70,149,352,2226,5292.0
82,1,17,54,93,445,1382,6683.0
83,7,14,48,118,458,1770,6870.0
84,3,5,41,145,438,2172,6571.0
85,12,11,49,192,492,2874,7388.0
86,11,17,29,195,459,2914,6893.0
87,17,19,57,129,396,1932,5942.0
88,1,5,52,261,430,3915,6450.0
89,14,12,27,152,433,2275,6496.0
90,4,16,32,208,410,3114,6150.0
91,15,5,48,183,448,2742,6726.0
92,1,7,27,150,367,2244,5506.0
93,11,6,48,93,350,1384,5260.0
94,18,7,40,146,488,2177,7331.0
95,8,14,29,231,446,3464,6692.0
96,12,10,44,231,494,3459,7411.0
97,14,19,49,151,415,2251,6225.0
98,18,11,21,116,357,1736,5363.0
99,13,10,59,253,565,3785,8479.0
100,13,7,50,137,474,2044,7122.0
101,12,13,39,239,501,3573,7519.0
102,19,20,68,163,342,2437,5144.0
103,4,3,67,178,441,2663,6625.0
104,13,6,19,253,448,3791,6726.0
105,19,6,32,246,580,3678,8705.0
106,14,13,67,197,408,2951,6130.0
107,19,12,45,148,383,2206,5751.0
108,16,18,29,127,430,1894,6460.0
109,9,4,44,102,484,1519,7267.0
110,4,18,50,215,464,3219,6968.0
111,16,9,70,130,432,1942,6490.0
112,16,10,59,167,594,2499,8923.0
113,9,11,40,247,512,3702,7689.0
114,7,2,52,192,456,2871,6841.0
115,9,10,47,153,411,2282,6173.0
116,14,18,59,96,301,1435,4516.0
117,5,18,59,238,534,3570,8022.0
118,14,2,31,245,501,3661,7523.0
119,19,18,18,179,461,2682,6915.0
120,5,11,52,95,532,1424,7990.0
121,18,13,18,161,430,2405,6464.0
122,6,13,54,222,437,3330,6555.0
123,12,6,29,194,399,2905,5999.0
124,8,15,46,99,413,1476,6201.0
125,7,5,73,182,471,2724,7069.0
126,6,20,39,266,400,3977,6008.0
127,17,3,68,110,385,1645,5784.0
128,8,4,73,180,400,2696,6008.0
129,12,18,71,209,343,3131,5157.0
130,2,14,30,177,353,2645,5295.0
131,11,16,23,314,448,4710,6728.0
132,20,15,74,271,523,4053,7852.0
133,9,6,73,234,583,3506,8753.0
134,4,12,59,153,366,2284,5502.0
135,16,4,68,180,525,2686,7875.0
136,13,8,67,190,479,2840,7193.0
137,17,9,36,159,451,2379,6768.0
138,18,6,48,158,504,2356,7573.0
139,6,19,56,155,349,2319,5249.0
140,5,1,61,150,472,2244,7080.0
141,3,14,51,197,452,2951,6792.0
142,15,11,62,216,535,3239,8028.0
143,11,12,60,204,369,3057,5538.0
144,13,2,51,157,402,2347,6041.0
145,6,1,59,237,518,3541,7773.0
146,6,9,41,260,582,3900,8736.0
147,1,15,59,229,512,3433,7693.0
148,12,2,43,223,527,3331,7917.0
149,14,15,58,112,365,1673,5484.0
150,11,2,51,115,392,1713,5891.0
151,16,13,68,125,439,1867,6598.0
152,14,3,29,172,460,2567,6912.0
153,8,13,44,259,566,3875,8494.0
154,18,9,58,164,423,2455,6354.0
155,4,6,64,87,235,1296,3526.0
156,14,20,15,228,436,3412,6551.0
157,17,11,17,124,346,1847,5192.0
158,14,16,35,104,295,1553,4425.0
159,9,5,74,172,543,2572,8155.0
160,10,6,15,196,511,2929,7673.0
161,4,14,27,212,445,3179,6680.0
162,16,5,33,239,559,3571,8392.0
163,17,10,25,215,475,3220,7133.0
164,13,20,25,174,418,2607,6274.0
165,14,9,68,149,436,2221,6543.0
166,2,13,38,181,450,2710,6753.0
167,20,19,35,171,313,2563,4699.0
168,5,8,30,103,427,1544,6408.0
169,14,6,74,179,317,2678,4758.0
170,14,17,52,232,433,3475,6500.0
171,2,19,23,180,488,2691,7321.0
172,11,9,36,132,359,1970,5394.0
173,19,9,15,209,428,3124,6431.0
174,16,12,61,172,450,2573,6751.0
175,10,2,41,248,412,3711,6192.0
176,4,17,55,158,315,2369,4735.0
177,15,18,51,122,343,1818,5151.0
178,16,20,47,165,414,2463,6221.0
179,6,3,27,131,407,1963,6113.0
180,13,5,62,236,508,3531,7632.0
181,11,15,70,105,354,1573,5322.0
182,18,5,44,242,418,3619,6271.0
183,19,1,67,127,265,1902,3987.0
184,20,9,70,172,466,2574,7003.0
185,19,15,21,148,479,2207,7193.0
186,5,6,72,88,398,1315,5976.0
187,9,7,26,218,552,3260,8285.0
188,15,2,43,72,290,1079,4362.0
189,1,10,58,67,324,998,4864.0
190,5,20,51,190,523,2848,7859.0
191,16,15,35,320,735,4787,11036.0
192,13,12,55,289,572,4325,8594.0
193,10,7,64,161,322,2404,4840.0
194,1,18,18,103,334,1532,5021.0
195,6,7,29,83,340,1236,5100.0
196,2,10,49,126,354,1879,5320.0
197,15,17,18,216,492,3240,7385.0
198,8,11,16,71,224,1065,3373.0
199,13,4,61,119,351,1784,5275.0
horizon=735
