NODES,20
1,1,-,-
2,2,-,-
3,3,-,-
4,4,-,-
5,5,-,-
6,6,-,-
7,7,-,-
8,8,-,-
9,9,-,-
10,10,-,-
11,11,-,-
12,12,-,-
13,13,-,-
14,14,-,-
15,15,-,-
16,16,-,-
17,17,-,-
18,18,-,-
19,19,-,-
20,20,-,-
ARCS,291
0,1,14,5,1359,451,165,2471,2471.0
1,1,12,2,984,264,120,1790,1790.0
2,1,15,8,652,513,80,1186,1186.0
3,1,4,4,1054,137,128,1917,1917.0
4,1,18,9,458,214,56,833,833.0
5,1,17,3,167,456,21,304,304.0
6,1,2,5,278,112,34,506,506.0
7,1,6,3,929,219,113,1690,1690.0
8,1,9,7,458,132,56,833,833.0
9,1,3,1,1081,114,132,1966,1966.0
10,1,16,5,735,105,90,1337,1337.0
11,1,19,7,707,448,86,1286,1286.0
12,1,11,3,167,342,21,304,304.0
13,1,13,6,1372,211,167,2495,2495.0
14,1,5,1,361,471,44,657,657.0
15,1,8,2,1095,280,133,1991,1991.0
16,1,10,6,1220,491,148,2219,2219.0
17,1,7,6,347,507,43,631,631.0
18,2,6,8,1012,497,123,1840,1840.0
19,2,5,6,971,427,118,1766,1766.0
20,2,11,1,1262,250,153,2295,2295.0
21,2,1,8,1054,216,128,1917,1917.0
22,2,15,8,1345,220,164,2446,2446.0
23,2,7,5,402,448,49,731,731.0
24,2,14,2,929,433,113,1690,1690.0
25,2,13,9,181,319,22,330,330.0
26,2,4,9,208,516,26,379,379.0
27,2,16,4,1317,117,160,2395,2395.0
28,2,12,4,1095,108,133,1991,1991.0
29,2,20,2,749,317,91,1362,1362.0
30,2,19,9,1137,297,138,2068,2068.0
31,2,18,8,361,463,44,657,657.0
32,2,3,1,416,471,51,757,757.0
33,2,17,2,333,411,41,606,606.0
34,2,8,4,693,189,84,1260,1260.0
35,3,20,5,680,508,83,1237,1237.0
36,3,2,8,402,212,49,731,731.0
37,3,10,4,846,345,103,1539,1539.0
38,3,7,1,860,269,105,1564,1564.0
39,3,8,7,1248,398,152,2270,2270.0
40,3,5,5,458,281,56,833,833.0
41,3,16,5,181,166,22,330,330.0
42,3,1,9,499,490,61,908,908.0
43,3,9,4,167,155,21,304,304.0
44,3,4,8,1095,474,133,1991,1991.0
45,3,18,1,596,332,73,1084,1084.0
46,3,17,6,416,228,51,757,757.0
47,3,15,8,444,223,54,808,808.0
48,3,11,4,430,276,53,782,782.0
49,3,6,8,333,475,41,606,606.0
50,4,1,5,513,414,63,933,933.0
51,4,16,5,583,374,71,1060,1060.0
52,4,8,5,790,428,96,1437,1437.0
53,4,14,9,693,340,84,1260,1260.0
54,4,2,3,305,129,37,555,555.0
55,4,10,7,1095,367,133,1991,1991.0
56,4,12,4,153,514,19,279,279.0
57,4,11,3,1081,509,132,1966,1966.0
58,4,19,4,804,393,98,1462,1462.0
59,4,15,3,929,467,113,1690,1690.0
60,4,3,3,416,378,51,757,757.0
61,4,13,4,416,276,51,757,757.0
62,5,14,1,416,438,51,757,757.0
63,5,2,3,1345,329,164,2446,2446.0
64,5,17,4,666,223,81,1211,1211.0
65,5,15,4,1040,123,127,1891,1891.0
66,5,18,6,680,490,83,1237,1237.0
67,5,10,7,305,344,37,555,555.0
68,5,20,6,693,320,84,1260,1260.0
69,5,6,6,1331,131,162,2420,2420.0
70,5,8,6,887,119,108,1613,1613.0
71,5,16,8,901,149,110,1639,1639.0
72,5,7,7,472,390,58,859,859.0
73,5,4,3,596,382,73,1084,1084.0
74,6,2,9,804,404,98,1462,1462.0
75,6,15,7,666,116,81,1211,1211.0
76,6,20,1,444,214,54,808,808.0
77,6,3,5,610,146,74,1110,1110.0
78,6,7,1,333,161,41,606,606.0
79,6,14,6,1303,437,158,2370,2370.0
80,6,13,7,1262,121,153,2295,2295.0
81,6,12,4,499,201,61,908,908.0
82,6,19,9,998,149,121,1815,1815.0
83,6,16,1,1220,209,148,2219,2219.0
84,6,18,9,416,507,51,757,757.0
85,7,16,2,250,508,31,455,455.0
86,7,3,1,222,360,27,404,404.0
87,7,19,2,763,332,93,1388,1388.0
88,7,10,1,472,334,58,859,859.0
89,7,20,2,638,374,78,1160,1160.0
90,7,18,9,486,105,59,884,884.0
91,7,11,3,222,463,27,404,404.0
92,7,14,1,887,461,108,1613,1613.0
93,7,2,6,1317,324,160,2395,2395.0
94,7,13,5,1054,411,128,1917,1917.0
95,7,12,1,721,184,88,1311,1311.0
96,7,15,9,1012,210,123,1840,1840.0
97,7,1,3,1123,236,137,2042,2042.0
98,8,19,5,486,342,59,884,884.0
99,8,12,2,874,109,106,1590,1590.0
100,8,9,7,1303,189,158,2370,2370.0
101,8,4,3,610,439,74,1110,1110.0
102,8,13,8,389,295,48,708,708.0
103,8,2,5,624,253,76,1135,1135.0
104,8,16,5,915,190,111,1664,1664.0
105,8,11,7,1026,174,125,1866,1866.0
106,8,7,7,1040,236,127,1891,1891.0
107,8,10,6,1165,515,142,2119,2119.0
108,8,20,7,375,260,46,682,682.0
109,8,1,4,874,174,106,1590,1590.0
110,8,18,7,984,295,120,1790,1790.0
111,8,15,6,222,371,27,404,404.0
112,8,14,1,832,512,101,1513,1513.0
113,9,3,2,693,164,84,1260,1260.0
114,9,6,3,222,464,27,404,404.0
115,9,2,6,735,304,90,1337,1337.0
116,9,18,9,887,214,108,1613,1613.0
117,9,14,6,139,109,17,253,253.0
118,9,16,2,1234,487,150,2244,2244.0
119,9,7,4,818,178,100,1488,1488.0
120,9,17,4,167,409,21,304,304.0
121,9,1,5,555,366,68,1010,1010.0
122,9,12,9,208,252,26,379,379.0
123,10,20,6,278,183,34,506,506.0
124,10,4,8,444,362,54,808,808.0
125,10,7,5,333,431,41,606,606.0
126,10,1,7,430,256,53,782,782.0
127,10,16,3,1234,431,150,2244,2244.0
128,10,12,9,624,209,76,1135,1135.0
129,10,17,7,1206,258,147,2193,2193.0
130,10,19,5,901,109,110,1639,1639.0
131,10,8,4,874,513,106,1590,1590.0
132,10,2,2,167,211,21,304,304.0
133,10,14,9,874,357,106,1590,1590.0
134,10,11,4,347,118,43,631,631.0
135,10,3,3,998,175,121,1815,1815.0
136,10,6,9,250,334,31,455,455.0
137,10,5,5,832,340,101,1513,1513.0
138,10,9,9,915,384,111,1664,1664.0
139,11,1,2,319,173,39,580,580.0
140,11,3,8,153,197,19,279,279.0
141,11,16,7,1192,282,145,2168,2168.0
142,11,9,8,444,370,54,808,808.0
143,11,8,5,416,343,51,757,757.0
144,11,15,8,181,131,22,330,330.0
145,11,5,7,804,467,98,1462,1462.0
146,11,6,3,305,284,37,555,555.0
147,11,12,9,777,479,95,1413,1413.0
148,11,18,5,860,334,105,1564,1564.0
149,11,13,9,957,168,116,1740,1740.0
150,11,19,8,1262,163,153,2295,2295.0
151,12,18,9,804,253,98,1462,1462.0
152,12,20,9,569,502,69,1035,1035.0
153,12,8,2,610,501,74,1110,1110.0
154,12,10,5,707,162,86,1286,1286.0
155,12,14,1,652,361,80,1186,1186.0
156,12,1,7,1026,463,125,1866,1866.0
157,12,11,4,957,139,116,1740,1740.0
158,12,19,1,790,190,96,1437,1437.0
159,12,2,3,569,220,69,1035,1035.0
160,12,7,5,1151,307,140,2093,2093.0
161,12,4,9,1275,299,155,2319,2319.0
162,12,17,6,1178,194,143,2142,2142.0
163,12,13,5,818,220,100,1488,1488.0
164,12,16,3,1317,200,160,2395,2395.0
165,12,6,7,541,515,66,984,984.0
166,12,9,4,901,117,110,1639,1639.0
167,12,3,4,1372,520,167,2495,2495.0
168,13,18,4,1109,495,135,2017,2017.0
169,13,12,6,1206,460,147,2193,2193.0
170,13,17,4,1151,446,140,2093,2093.0
171,13,2,7,1303,377,158,2370,2370.0
172,13,9,3,402,414,49,731,731.0
173,13,7,8,818,238,100,1488,1488.0
174,13,10,4,305,385,37,555,555.0
175,13,3,5,1040,381,127,1891,1891.0
176,13,8,8,693,304,84,1260,1260.0
177,13,4,5,1220,286,148,2219,2219.0
178,13,6,1,874,307,106,1590,1590.0
179,13,19,3,1137,141,138,2068,2068.0
180,13,11,1,181,353,22,330,330.0
181,13,14,2,305,191,37,555,555.0
182,13,15,2,416,295,51,757,757.0
183,13,16,4,624,464,76,1135,1135.0
184,13,20,7,1081,393,132,1966,1966.0
185,13,5,8,1151,163,140,2093,2093.0
186,14,7,1,541,300,66,984,984.0
187,14,2,1,943,301,115,1715,1715.0
188,14,8,5,513,317,63,933,933.0
189,14,4,8,499,194,61,908,908.0
190,14,17,6,167,420,21,304,304.0
191,14,10,1,915,283,111,1664,1664.0
192,14,16,2,569,469,69,1035,1035.0
193,14,1,8,1372,481,167,2495,2495.0
194,14,12,6,624,403,76,1135,1135.0
195,14,20,9,430,469,53,782,782.0
196,14,19,8,749,197,91,1362,1362.0
197,14,15,2,375,447,46,682,682.0
198,14,3,2,887,438,108,1613,1613.0
199,14,6,8,305,404,37,555,555.0
200,15,20,3,929,360,113,1690,1690.0
201,15,5,4,1026,172,125,1866,1866.0
202,15,19,9,375,516,46,682,682.0
203,15,17,6,1206,204,147,2193,2193.0
204,15,6,2,181,248,22,330,330.0
205,15,9,1,167,369,21,304,304.0
206,15,2,4,499,358,61,908,908.0
207,15,10,4,998,488,121,1815,1815.0
208,15,7,7,790,417,96,1437,1437.0
209,15,3,6,319,266,39,580,580.0
210,15,11,3,1012,297,123,1840,1840.0
211,15,1,1,1317,351,160,2395,2395.0
212,15,13,5,278,473,34,506,506.0
213,16,11,6,624,367,76,1135,1135.0
214,16,5,8,1026,300,125,1866,1866.0
215,16,14,1,984,272,120,1790,1790.0
216,16,18,7,278,145,34,506,506.0
217,16,15,4,333,154,41,606,606.0
218,16,9,6,707,223,86,1286,1286.0
219,16,4,9,319,150,39,580,580.0
220,16,19,5,735,224,90,1337,1337.0
221,16,13,9,527,139,64,959,959.0
222,16,10,3,1262,296,153,2295,2295.0
223,16,7,7,486,440,59,884,884.0
224,16,17,2,1289,290,157,2344,2344.0
225,16,8,5,1109,276,135,2017,2017.0
226,16,1,4,208,412,26,379,379.0
227,16,20,8,1234,238,150,2244,2244.0
228,16,2,1,1054,345,128,1917,1917.0
229,16,12,2,652,183,80,1186,1186.0
230,16,3,8,1123,133,137,2042,2042.0
231,16,6,6,1331,270,162,2420,2420.0
232,17,12,6,333,446,41,606,606.0
233,17,10,4,777,355,95,1413,1413.0
234,17,18,2,472,197,58,859,859.0
235,17,14,4,693,309,84,1260,1260.0
236,17,6,4,998,224,121,1815,1815.0
237,17,16,8,1372,477,167,2495,2495.0
238,17,20,7,1081,436,132,1966,1966.0
239,17,7,6,347,359,43,631,631.0
240,17,2,3,236,371,29,430,430.0
241,17,13,9,1192,438,145,2168,2168.0
242,17,4,7,416,243,51,757,757.0
243,17,15,9,1123,449,137,2042,2042.0
244,17,11,9,444,128,54,808,808.0
245,17,8,7,998,450,121,1815,1815.0
246,17,1,1,1040,329,127,1891,1891.0
247,17,3,8,1081,446,132,1966,1966.0
248,17,9,9,541,143,66,984,984.0
249,18,2,9,610,249,74,1110,1110.0
250,18,10,9,139,124,17,253,253.0
251,18,5,7,569,136,69,1035,1035.0
252,18,4,3,195,475,24,355,355.0
253,18,16,5,375,220,46,682,682.0
254,18,11,5,984,326,120,1790,1790.0
255,18,7,1,1151,463,140,2093,2093.0
256,18,20,1,1165,239,142,2119,2119.0
257,18,13,7,153,373,19,279,279.0
258,18,1,3,846,138,103,1539,1539.0
259,18,17,4,1040,305,127,1891,1891.0
260,18,14,6,707,467,86,1286,1286.0
261,19,9,7,680,345,83,1237,1237.0
262,19,10,9,929,471,113,1690,1690.0
263,19,11,8,777,204,95,1413,1413.0
264,19,20,9,1095,228,133,1991,1991.0
265,19,13,6,971,199,118,1766,1766.0
266,19,6,3,1151,163,140,2093,2093.0
267,19,16,2,1234,206,150,2244,2244.0
268,19,17,9,624,465,76,1135,1135.0
269,19,12,9,1040,183,127,1891,1891.0
270,19,14,2,292,264,36,531,531.0
271,19,18,6,278,454,34,506,506.0
272,19,1,2,527,385,64,959,959.0
273,19,2,4,319,503,39,580,580.0
274,19,3,7,749,399,91,1362,1362.0
275,19,15,7,1081,428,132,1966,1966.0
276,19,8,5,929,367,113,1690,1690.0
277,19,5,1,264,332,32,480,480.0
278,20,19,3,915,206,111,1664,1664.0
279,20,5,6,195,381,24,355,355.0
280,20,18,2,444,448,54,808,808.0
281,20,12,3,1275,308,155,2319,2319.0
282,20,4,5,195,484,24,355,355.0
283,20,15,7,846,163,103,1539,1539.0
284,20,16,8,319,256,39,580,580.0
285,20,14,3,763,322,93,1388,1388.0
286,20,17,5,666,115,81,1211,1211.0
287,20,6,3,624,121,76,1135,1135.0
288,20,8,8,818,126,100,1488,1488.0
289,20,13,4,1151,118,140,2093,2093.0
290,20,2,7,416,490,51,757,757.0
COMMODITIES,200
0,13,12,23,79,166,1183,2504.0
1,14,10,29,71,182,1055,2731.0
2,7,1,60,69,138,1026,2071.0
3,12,13,26,70,181,1042,2728.0
4,17,10,22,76,168,1135,2527.0
5,13,7,33,65,159,962,2386.0
6,17,6,15,62,168,929,2526.0
7,13,3,40,67,123,1003,1855.0
8,8,13,51,71,129,1063,1945.0
9,17,2,27,64,107,949,1616.0
10,8,9,69,65,125,967,1888.0
11,13,2,18,79,147,1173,2216.0
12,16,10,65,59,123,885,1853.0
13,7,13,31,67,161,1005,2428.0
14,16,3,74,71,147,1063,2219.0
15,4,1,43,66,143,980,2145.0
16,8,14,16,57,140,841,2101.0
17,1,13,45,77,150,1141,2252.0
18,17,7,51,73,129,1085,1938.0
19,18,13,70,63,95,933,1431.0
20,17,18,22,61,139,915,2099.0
21,13,16,23,75,156,1112,2342.0
22,20,14,42,78,164,1169,2469.0
23,1,19,70,64,165,947,2485.0
24,9,13,67,68,157,1012,2368.0
25,9,8,60,71,162,1056,2439.0
26,16,19,40,66,167,981,2513.0
27,14,20,26,63,127,938,1909.0
28,20,7,58,62,161,924,2417.0
29,10,13,60,66,124,982,1867.0
30,7,10,43,81,157,1203,2356.0
31,13,20,53,66,148,988,2230.0
32,13,18,67,52,163,767,2454.0
33,5,19,66,67,217,995,3262.0
34,12,15,45,73,187,1086,2818.0
35,2,13,25,73,113,1087,1708.0
36,13,6,49,65,141,963,2129.0
37,7,3,23,78,120,1165,1814.0
38,5,20,38,72,156,1066,2348.0
39,14,12,32,76,155,1128,2332.0
40,6,15,62,60,154,891,2313.0
41,13,4,35,62,162,925,2430.0
42,1,18,50,65,135,964,2029.0
43,10,11,45,71,124,1063,1872.0
44,20,12,26,72,132,1072,1986.0
45,13,5,43,73,182,1088,2736.0
46,19,10,31,62,129,923,1935.0
47,20,4,61,69,111,1026,1671.0
48,10,5,15,63,139,941,2099.0
49,17,15,49,70,162,1048,2436.0
50,12,18,38,62,178,925,2676.0
51,6,16,28,75,165,1122,2479.0
52,3,2,61,64,133,946,1999.0
53,5,2,73,72,141,1068,2125.0
54,4,12,72,70,102,1049,1537.0
55,3,7,27,54,146,809,2200.0
56,19,5,34,84,129,1253,1935.0
57,19,14,23,80,131,1188,1979.0
58,20,15,25,73,167,1088,2513.0
59,7,15,51,67,130,1000,1952.0
60,3,10,25,71,157,1065,2365.0
61,2,12,69,78,133,1165,2003.0
62,6,19,35,69,209,1026,3135.0
63,5,16,27,64,171,960,2571.0
64,15,5,40,60,157,890,2361.0
65,10,2,59,69,100,1028,1507.0
66,3,20,72,85,183,1272,2758.0
67,4,18,33,68,166,1014,2501.0
68,14,18,34,58,149,866,2245.0
69,1,8,25,63,151,937,2266.0
70,15,8,24,66,181,979,2715.0
71,14,13,42,76,160,1132,2403.0
72,20,19,23,65,192,963,2883.0
73,7,2,43,74,165,1106,2476.0
74,2,10,73,59,131,885,1968.0
75,9,12,56,81,120,1205,1813.0
76,4,9,61,51,138,760,2071.0
77,17,14,17,63,163,937,2458.0
78,14,8,70,56,134,830,2011.0
79,1,11,66,69,103,1031,1556.0
80,10,1,62,78,148,1162,2232.0
81,15,3,42,69,124,1030,1862.0
82,8,16,61,60,164,894,2470.0
83,3,1,39,69,130,1034,1951.0
84,11,4,22,65,160,975,2402.0
85,17,16,24,74,165,1100,2489.0
86,8,11,24,57,141,843,2123.0
87,10,20,36,68,116,1007,1752.0
88,9,5,42,70,177,1041,2664.0
89,20,6,26,71,162,1056,2432.0
90,19,16,56,68,162,1016,2435.0
91,14,1,16,66,178,984,2674.0
92,8,12,16,80,166,1190,2491.0
93,10,16,22,69,154,1035,2318.0
94,19,11,16,59,154,885,2315.0
95,3,9,71,74,108,1101,1632.0
96,4,11,41,70,160,1037,2406.0
97,6,2,31,61,165,913,2483.0
98,12,14,45,68,161,1007,2426.0
99,5,10,45,56,109,838,1635.0
100,20,18,66,75,141,1111,2121.0
101,2,6,71,67,164,996,2474.0
102,19,6,27,63,147,944,2205.0
103,19,7,35,83,186,1245,2793.0
104,3,12,68,79,139,1174,2087.0
105,18,2,72,62,121,926,1821.0
106,10,19,70,77,204,1151,3063.0
107,17,19,21,75,212,1125,3188.0
108,13,19,54,67,170,1000,2561.0
109,7,19,25,69,180,1033,2702.0
110,2,17,66,55,115,820,1731.0
111,13,14,68,70,121,1039,1820.0
112,8,1,55,75,197,1115,2963.0
113,8,19,30,61,135,913,2027.0
114,8,5,37,68,155,1007,2328.0
115,8,3,46,66,149,981,2239.0
116,8,17,48,65,148,969,2229.0
117,12,19,26,68,174,1017,2622.0
118,19,1,24,74,155,1103,2335.0
119,6,3,63,64,145,953,2188.0
120,16,20,66,57,157,853,2361.0
121,19,9,28,61,155,906,2326.0
122,1,4,57,53,126,784,1902.0
123,15,11,53,72,143,1073,2155.0
124,9,6,62,71,118,1063,1783.0
125,20,11,30,67,162,997,2443.0
126,7,9,27,80,144,1189,2173.0
127,2,20,29,74,187,1105,2815.0
128,5,14,27,55,123,823,1849.0
129,16,6,64,52,133,769,2003.0
130,18,17,50,67,158,995,2372.0
131,12,16,42,67,192,1002,2887.0
132,7,4,26,73,160,1092,2404.0
133,13,10,72,68,116,1013,1746.0
134,2,18,45,57,118,845,1783.0
135,12,8,51,72,160,1066,2406.0
136,14,9,52,69,151,1031,2266.0
137,8,15,69,69,116,1027,1740.0
138,19,8,62,59,176,876,2650.0
139,3,18,22,69,146,1024,2199.0
140,4,15,37,73,182,1086,2742.0
141,19,4,56,62,136,921,2051.0
142,10,7,49,54,109,805,1638.0
143,10,17,34,77,157,1154,2362.0
144,4,19,63,86,196,1285,2949.0
145,18,14,61,67,140,994,2103.0
146,1,15,54,73,129,1089,1944.0
147,12,2,46,71,153,1065,2302.0
148,13,11,64,79,119,1180,1794.0
149,2,9,31,70,159,1044,2398.0
150,4,20,59,62,164,925,2472.0
151,15,7,24,64,140,950,2109.0
152,18,6,26,72,140,1069,2105.0
153,14,15,60,56,116,839,1741.0
154,4,2,26,77,126,1142,1897.0
155,1,12,71,66,139,985,2097.0
156,10,14,27,60,155,891,2331.0
157,4,14,29,59,161,873,2416.0
158,4,3,53,68,137,1016,2060.0
159,20,3,40,60,151,886,2268.0
160,19,17,67,68,139,1016,2087.0
161,6,12,54,69,149,1035,2249.0
162,11,17,23,64,139,949,2096.0
163,9,18,32,60,153,893,2303.0
164,14,11,59,81,173,1203,2603.0
165,5,9,33,65,183,965,2758.0
166,16,15,18,77,140,1141,2100.0
167,10,9,33,66,164,979,2474.0
168,7,16,33,74,119,1097,1790.0
169,17,3,15,64,146,952,2195.0
170,14,5,19,56,144,826,2167.0
171,17,11,73,66,137,982,2060.0
172,20,10,38,58,135,858,2033.0
173,13,8,25,76,160,1134,2410.0
174,8,7,44,70,173,1048,2603.0
175,11,9,40,63,115,937,1728.0
176,15,16,62,65,137,965,2068.0
177,16,1,44,64,102,954,1533.0
178,16,13,71,66,133,979,1995.0
179,3,5,46,70,140,1047,2105.0
180,10,18,73,58,140,856,2104.0
181,9,10,24,84,194,1250,2919.0
182,3,6,32,62,119,918,1792.0
183,6,1,24,79,195,1174,2925.0
184,5,4,61,53,135,781,2032.0
185,3,13,23,66,153,989,2307.0
186,16,9,51,60,136,893,2046.0
187,9,14,36,60,93,893,1396.0
188,7,20,57,74,168,1109,2521.0
189,8,10,27,64,166,958,2504.0
190,20,2,55,75,141,1122,2116.0
191,12,11,49,71,201,1054,3021.0
192,20,9,16,66,178,988,2681.0
193,3,19,20,72,184,1066,2763.0
194,20,13,58,71,161,1059,2417.0
195,8,2,66,68,159,1017,2387.0
196,4,13,21,66,129,979,1948.0
197,20,8,57,78,189,1163,2842.0
198,6,8,64,54,182,798,2736.0
199,7,8,44,66,160,982,2412.0
horizon=217
