NODES,20
1,1,-,-
2,2,-,-
3,3,-,-
4,4,-,-
5,5,-,-
6,6,-,-
7,7,-,-
8,8,-,-
9,9,-,-
10,10,-,-
11,11,-,-
12,12,-,-
13,13,-,-
14,14,-,-
15,15,-,-
16,16,-,-
17,17,-,-
18,18,-,-
19,19,-,-
20,20,-,-
ARCS,291
0,1,14,5,1359,451,165,2471,2471.0
1,1,12,2,984,264,120,1790,1790.0
2,1,15,8,652,513,80,1186,1186.0
3,1,4,4,1054,137,128,1917,1917.0
4,1,18,9,458,214,56,833,833.0
5,1,17,3,167,456,21,304,304.0
6,1,2,5,278,112,34,506,506.0
7,1,6,3,929,219,113,1690,1690.0
8,1,9,7,458,132,56,833,833.0
9,1,3,1,1081,114,132,1966,1966.0
10,1,16,5,735,105,90,1337,1337.0
11,1,19,7,707,448,86,1286,1286.0
12,1,11,3,167,342,21,304,304.0
13,1,13,6,1372,211,167,2495,2495.0
14,1,5,1,361,471,44,657,657.0
15,1,8,2,1095,280,133,1991,1991.0
16,1,10,6,1220,491,148,2219,2219.0
17,1,7,6,347,507,43,631,631.0
18,2,6,8,1012,497,123,1840,1840.0
19,2,5,6,971,427,118,1766,1766.0
20,2,11,1,1262,250,153,2295,2295.0
21,2,1,8,1054,216,128,1917,1917.0
22,2,15,8,1345,220,164,2446,2446.0
23,2,7,5,402,448,49,731,731.0
24,2,14,2,929,433,113,1690,1690.0
25,2,13,9,181,319,22,330,330.0
26,2,4,9,208,516,26,379,379.0
27,2,16,4,1317,117,160,2395,2395.0
28,2,12,4,1095,108,133,1991,1991.0
29,2,20,2,749,317,91,1362,1362.0
30,2,19,9,1137,297,138,2068,2068.0
31,2,18,8,361,463,44,657,657.0
32,2,3,1,416,471,51,757,757.0
33,2,17,2,333,411,41,606,606.0
34,2,8,4,693,189,84,1260,1260.0
35,3,20,5,680,508,83,1237,1237.0
36,3,2,8,402,212,49,731,731.0
37,3,10,4,846,345,103,1539,1539.0
38,3,7,1,860,269,105,1564,1564.0
39,3,8,7,1248,398,152,2270,2270.0
40,3,5,5,458,281,56,833,833.0
41,3,16,5,181,166,22,330,330.0
42,3,1,9,499,490,61,908,908.0
43,3,9,4,167,155,21,304,304.0
44,3,4,8,1095,474,133,1991,1991.0
45,3,18,1,596,332,73,1084,1084.0
46,3,17,6,416,228,51,757,757.0
47,3,15,8,444,223,54,808,808.0
48,3,11,4,430,276,53,782,782.0
49,3,6,8,333,475,41,606,606.0
50,4,1,5,513,414,63,933,933.0
51,4,16,5,583,374,71,1060,1060.0
52,4,8,5,790,428,96,1437,1437.0
53,4,14,9,693,340,84,1260,1260.0
54,4,2,3,305,129,37,555,555.0
55,4,10,7,1095,367,133,1991,1991.0
56,4,12,4,153,514,19,279,279.0
57,4,11,3,1081,509,132,1966,1966.0
58,4,19,4,804,393,98,1462,1462.0
59,4,15,3,929,467,113,1690,1690.0
60,4,3,3,416,378,51,757,757.0
61,4,13,4,416,276,51,757,757.0
62,5,14,1,416,438,51,757,757.0
63,5,2,3,1345,329,164,2446,2446.0
64,5,17,4,666,223,81,1211,1211.0
65,5,15,4,1040,123,127,1891,1891.0
66,5,18,6,680,490,83,1237,1237.0
67,5,10,7,305,344,37,555,555.0
68,5,20,6,693,320,84,1260,1260.0
69,5,6,6,1331,131,162,2420,2420.0
70,5,8,6,887,119,108,1613,1613.0
71,5,16,8,901,149,110,1639,1639.0
72,5,7,7,472,390,58,859,859.0
73,5,4,3,596,382,73,1084,1084.0
74,6,2,9,804,404,98,1462,1462.0
75,6,15,7,666,116,81,1211,1211.0
76,6,20,1,444,214,54,808,808.0
77,6,3,5,610,146,74,1110,1110.0
78,6,7,1,333,161,41,606,606.0
79,6,14,6,1303,437,158,2370,2370.0
80,6,13,7,1262,121,153,2295,2295.0
81,6,12,4,499,201,61,908,908.0
82,6,19,9,998,149,121,1815,1815.0
83,6,16,1,1220,209,148,2219,2219.0
84,6,18,9,416,507,51,757,757.0
85,7,16,2,250,508,31,455,455.0
86,7,3,1,222,360,27,404,404.0
87,7,19,2,763,332,93,1388,1388.0
88,7,10,1,472,334,58,859,859.0
89,7,20,2,638,374,78,1160,1160.0
90,7,18,9,486,105,59,884,884.0
91,7,11,3,222,463,27,404,404.0
92,7,14,1,887,461,108,1613,1613.0
93,7,2,6,1317,324,160,2395,2395.0
94,7,13,5,1054,411,128,1917,1917.0
95,7,12,1,721,184,88,1311,1311.0
96,7,15,9,1012,210,123,1840,1840.0
97,7,1,3,1123,236,137,2042,2042.0
98,8,19,5,486,342,59,884,884.0
99,8,12,2,874,109,106,1590,1590.0
100,8,9,7,1303,189,158,2370,2370.0
101,8,4,3,610,439,74,1110,1110.0
102,8,13,8,389,295,48,708,708.0
103,8,2,5,624,253,76,1135,1135.0
104,8,16,5,915,190,111,1664,1664.0
105,8,11,7,1026,174,125,1866,1866.0
106,8,7,7,1040,236,127,1891,1891.0
107,8,10,6,1165,515,142,2119,2119.0
108,8,20,7,375,260,46,682,682.0
109,8,1,4,874,174,106,1590,1590.0
110,8,18,7,984,295,120,1790,1790.0
111,8,15,6,222,371,27,404,404.0
112,8,14,1,832,512,101,1513,1513.0
113,9,3,2,693,164,84,1260,1260.0
114,9,6,3,222,464,27,404,404.0
115,9,2,6,735,304,90,1337,1337.0
116,9,18,9,887,214,108,1613,1613.0
117,9,14,6,139,109,17,253,253.0
118,9,16,2,1234,487,150,2244,2244.0
119,9,7,4,818,178,100,1488,1488.0
120,9,17,4,167,409,21,304,304.0
121,9,1,5,555,366,68,1010,1010.0
122,9,12,9,208,252,26,379,379.0
123,10,20,6,278,183,34,506,506.0
124,10,4,8,444,362,54,808,808.0
125,10,7,5,333,431,41,606,606.0
126,10,1,7,430,256,53,782,782.0
127,10,16,3,1234,431,150,2244,2244.0
128,10,12,9,624,209,76,1135,1135.0
129,10,17,7,1206,258,147,2193,2193.0
130,10,19,5,901,109,110,1639,1639.0
131,10,8,4,874,513,106,1590,1590.0
132,10,2,2,167,211,21,304,304.0
133,10,14,9,874,357,106,1590,1590.0
134,10,11,4,347,118,43,631,631.0
135,10,3,3,998,175,121,1815,1815.0
136,10,6,9,250,334,31,455,455.0
137,10,5,5,832,340,101,1513,1513.0
138,10,9,9,915,384,111,1664,1664.0
139,11,1,2,319,173,39,580,580.0
140,11,3,8,153,197,19,279,279.0
141,11,16,7,1192,282,145,2168,2168.0
142,11,9,8,444,370,54,808,808.0
143,11,8,5,416,343,51,757,757.0
144,11,15,8,181,131,22,330,330.0
145,11,5,7,804,467,98,1462,1462.0
146,11,6,3,305,284,37,555,555.0
147,11,12,9,777,479,95,1413,1413.0
148,11,18,5,860,334,105,1564,1564.0
149,11,13,9,957,168,116,1740,1740.0
150,11,19,8,1262,163,153,2295,2295.0
151,12,18,9,804,253,98,1462,1462.0
152,12,20,9,569,502,69,1035,1035.0
153,12,8,2,610,501,74,1110,1110.0
154,12,10,5,707,162,86,1286,1286.0
155,12,14,1,652,361,80,1186,1186.0
156,12,1,7,1026,463,125,1866,1866.0
157,12,11,4,957,139,116,1740,1740.0
158,12,19,1,790,190,96,1437,1437.0
159,12,2,3,569,220,69,1035,1035.0
160,12,7,5,1151,307,140,2093,2093.0
161,12,4,9,1275,299,155,2319,2319.0
162,12,17,6,1178,194,143,2142,2142.0
163,12,13,5,818,220,100,1488,1488.0
164,12,16,3,1317,200,160,2395,2395.0
165,12,6,7,541,515,66,984,984.0
166,12,9,4,901,117,110,1639,1639.0
167,12,3,4,1372,520,167,2495,2495.0
168,13,18,4,1109,495,135,2017,2017.0
169,13,12,6,1206,460,147,2193,2193.0
170,13,17,4,1151,446,140,2093,2093.0
171,13,2,7,1303,377,158,2370,2370.0
172,13,9,3,402,414,49,731,731.0
173,13,7,8,818,238,100,1488,1488.0
174,13,10,4,305,385,37,555,555.0
175,13,3,5,1040,381,127,1891,1891.0
176,13,8,8,693,304,84,1260,1260.0
177,13,4,5,1220,286,148,2219,2219.0
178,13,6,1,874,307,106,1590,1590.0
179,13,19,3,1137,141,138,2068,2068.0
180,13,11,1,181,353,22,330,330.0
181,13,14,2,305,191,37,555,555.0
182,13,15,2,416,295,51,757,757.0
183,13,16,4,624,464,76,1135,1135.0
184,13,20,7,1081,393,132,1966,1966.0
185,13,5,8,1151,163,140,2093,2093.0
186,14,7,1,541,300,66,984,984.0
187,14,2,1,943,301,115,1715,1715.0
188,14,8,5,513,317,63,933,933.0
189,14,4,8,499,194,61,908,908.0
190,14,17,6,167,420,21,304,304.0
191,14,10,1,915,283,111,1664,1664.0
192,14,16,2,569,469,69,1035,1035.0
193,14,1,8,1372,481,167,2495,2495.0
194,14,12,6,624,403,76,1135,1135.0
195,14,20,9,430,469,53,782,782.0
196,14,19,8,749,197,91,1362,1362.0
197,14,15,2,375,447,46,682,682.0
198,14,3,2,887,438,108,1613,1613.0
199,14,6,8,305,404,37,555,555.0
200,15,20,3,929,360,113,1690,1690.0
201,15,5,4,1026,172,125,1866,1866.0
202,15,19,9,375,516,46,682,682.0
203,15,17,6,1206,204,147,2193,2193.0
204,15,6,2,181,248,22,330,330.0
205,15,9,1,167,369,21,304,304.0
206,15,2,4,499,358,61,908,908.0
207,15,10,4,998,488,121,1815,1815.0
208,15,7,7,790,417,96,1437,1437.0
209,15,3,6,319,266,39,580,580.0
210,15,11,3,1012,297,123,1840,1840.0
211,15,1,1,1317,351,160,2395,2395.0
212,15,13,5,278,473,34,506,506.0
213,16,11,6,624,367,76,1135,1135.0
214,16,5,8,1026,300,125,1866,1866.0
215,16,14,1,984,272,120,1790,1790.0
216,16,18,7,278,145,34,506,506.0
217,16,15,4,333,154,41,606,606.0
218,16,9,6,707,223,86,1286,1286.0
219,16,4,9,319,150,39,580,580.0
220,16,19,5,735,224,90,1337,1337.0
221,16,13,9,527,139,64,959,959.0
222,16,10,3,1262,296,153,2295,2295.0
223,16,7,7,486,440,59,884,884.0
224,16,17,2,1289,290,157,2344,2344.0
225,16,8,5,1109,276,135,2017,2017.0
226,16,1,4,208,412,26,379,379.0
227,16,20,8,1234,238,150,2244,2244.0
228,16,2,1,1054,345,128,1917,1917.0
229,16,12,2,652,183,80,1186,1186.0
230,16,3,8,1123,133,137,2042,2042.0
231,16,6,6,1331,270,162,2420,2420.0
232,17,12,6,333,446,41,606,606.0
233,17,10,4,777,355,95,1413,1413.0
234,17,18,2,472,197,58,859,859.0
235,17,14,4,693,309,84,1260,1260.0
236,17,6,4,998,224,121,1815,1815.0
237,17,16,8,1372,477,167,2495,2495.0
238,17,20,7,1081,436,132,1966,1966.0
239,17,7,6,347,359,43,631,631.0
240,17,2,3,236,371,29,430,430.0
241,17,13,9,1192,438,145,2168,2168.0
242,17,4,7,416,243,51,757,757.0
243,17,15,9,1123,449,137,2042,2042.0
244,17,11,9,444,128,54,808,808.0
245,17,8,7,998,450,121,1815,1815.0
246,17,1,1,1040,329,127,1891,1891.0
247,17,3,8,1081,446,132,1966,1966.0
248,17,9,9,541,143,66,984,984.0
249,18,2,9,610,249,74,1110,1110.0
250,18,10,9,139,124,17,253,253.0
251,18,5,7,569,136,69,1035,1035.0
252,18,4,3,195,475,24,355,355.0
253,18,16,5,375,220,46,682,682.0
254,18,11,5,984,326,120,1790,1790.0
255,18,7,1,1151,463,140,2093,2093.0
256,18,20,1,1165,239,142,2119,2119.0
257,18,13,7,153,373,19,279,279.0
258,18,1,3,846,138,103,1539,1539.0
259,18,17,4,1040,305,127,1891,1891.0
260,18,14,6,707,467,86,1286,1286.0
261,19,9,7,680,345,83,1237,1237.0
262,19,10,9,929,471,113,1690,1690.0
263,19,11,8,777,204,95,1413,1413.0
264,19,20,9,1095,228,133,1991,1991.0
265,19,13,6,971,199,118,1766,1766.0
266,19,6,3,1151,163,140,2093,2093.0
267,19,16,2,1234,206,150,2244,2244.0
268,19,17,9,624,465,76,1135,1135.0
269,19,12,9,1040,183,127,1891,1891.0
270,19,14,2,292,264,36,531,531.0
271,19,18,6,278,454,34,506,506.0
272,19,1,2,527,385,64,959,959.0
273,19,2,4,319,503,39,580,580.0
274,19,3,7,749,399,91,1362,1362.0
275,19,15,7,1081,428,132,1966,1966.0
276,19,8,5,929,367,113,1690,1690.0
277,19,5,1,264,332,32,480,480.0
278,20,19,3,915,206,111,1664,1664.0
279,20,5,6,195,381,24,355,355.0
280,20,18,2,444,448,54,808,808.0
281,20,12,3,1275,308,155,2319,2319.0
282,20,4,5,195,484,24,355,355.0
283,20,15,7,846,163,103,1539,1539.0
284,20,16,8,319,256,39,580,580.0
285,20,14,3,763,322,93,1388,1388.0
286,20,17,5,666,115,81,1211,1211.0
287,20,6,3,624,121,76,1135,1135.0
288,20,8,8,818,126,100,1488,1488.0
289,20,13,4,1151,118,140,2093,2093.0
290,20,2,7,416,490,51,757,757.0
COMMODITIES,200
0,13,12,23,57,164,846,2472.0
1,14,10,29,71,193,1059,2908.0
2,7,1,60,52,125,768,1888.0
3,12,13,26,43,164,633,2473.0
4,17,10,22,19,119,285,1788.0
5,13,7,33,49,155,723,2333.0
6,17,6,15,94,217,1410,3269.0
7,13,3,40,31,95,459,1436.0
8,8,13,51,54,131,800,1966.0
9,17,2,27,41,101,612,1517.0
10,8,9,69,75,159,1125,2386.0
11,13,2,18,73,161,1091,2418.0
12,16,10,65,57,133,853,2008.0
13,7,13,31,72,184,1069,2771.0
14,16,3,74,76,171,1128,2573.0
15,4,1,43,73,166,1091,2494.0
16,8,14,16,86,190,1276,2861.0
17,1,13,45,96,190,1430,2858.0
18,17,7,51,43,119,632,1792.0
19,18,13,70,67,110,1001,1661.0
20,17,18,22,33,128,488,1931.0
21,13,16,23,80,171,1198,2571.0
22,20,14,42,64,169,948,2549.0
23,1,19,70,61,180,911,2714.0
24,9,13,67,38,138,569,2072.0
25,9,8,60,67,190,996,2850.0
26,16,19,40,67,195,993,2933.0
27,14,20,26,52,135,768,2031.0
28,20,7,58,80,190,1196,2859.0
29,10,13,60,34,99,502,1491.0
30,7,10,43,36,124,534,1871.0
31,13,20,53,62,160,919,2412.0
32,13,18,67,68,199,1014,2992.0
33,5,19,66,63,238,931,3573.0
34,12,15,45,52,177,776,2656.0
35,2,13,25,55,105,812,1585.0
36,13,6,49,79,169,1175,2540.0
37,7,3,23,75,142,1117,2133.0
38,5,20,38,83,190,1245,2852.0
39,14,12,32,42,144,624,2170.0
40,6,15,62,107,217,1596,3269.0
41,13,4,35,65,179,968,2699.0
42,1,18,50,66,161,990,2428.0
43,10,11,45,42,115,626,1734.0
44,20,12,26,43,115,633,1727.0
45,13,5,43,70,194,1044,2923.0
46,19,10,31,73,166,1084,2501.0
47,20,4,61,56,110,836,1652.0
48,10,5,15,69,165,1022,2475.0
49,17,15,49,66,175,990,2629.0
50,12,18,38,72,209,1079,3146.0
51,6,16,28,70,176,1050,2640.0
52,3,2,61,67,155,1003,2328.0
53,5,2,73,77,167,1152,2515.0
54,4,12,72,69,117,1021,1763.0
55,3,7,27,40,153,591,2309.0
56,19,5,34,80,132,1187,1990.0
57,19,14,23,31,101,463,1515.0
58,20,15,25,41,146,604,2190.0
59,7,15,51,77,156,1155,2349.0
60,3,10,25,84,185,1252,2785.0
61,2,12,69,57,142,841,2142.0
62,6,19,35,82,232,1221,3494.0
63,5,16,27,81,201,1213,3020.0
64,15,5,40,77,179,1141,2687.0
65,10,2,59,76,123,1130,1857.0
66,3,20,72,66,188,976,2828.0
67,4,18,33,72,195,1072,2935.0
68,14,18,34,56,161,832,2418.0
69,1,8,25,59,166,871,2496.0
70,15,8,24,69,211,1034,3179.0
71,14,13,42,70,171,1040,2570.0
72,20,19,23,53,194,792,2918.0
73,7,2,43,51,150,757,2254.0
74,2,10,73,114,203,1699,3053.0
75,9,12,56,62,121,917,1829.0
76,4,9,61,113,215,1686,3233.0
77,17,14,17,32,149,470,2244.0
78,14,8,70,67,157,992,2364.0
79,1,11,66,58,110,867,1658.0
80,10,1,62,74,161,1099,2416.0
81,15,3,42,59,129,872,1935.0
82,8,16,61,84,199,1249,2997.0
83,3,1,39,83,162,1240,2431.0
84,11,4,22,66,182,978,2732.0
85,17,16,24,68,164,1012,2473.0
86,8,11,24,41,142,604,2144.0
87,10,20,36,60,124,889,1864.0
88,9,5,42,74,200,1096,3009.0
89,20,6,26,54,162,800,2434.0
90,19,16,56,33,131,484,1975.0
91,14,1,16,66,197,986,2957.0
92,8,12,16,47,152,698,2292.0
93,10,16,22,82,181,1227,2717.0
94,19,11,16,42,152,623,2283.0
95,3,9,71,47,102,701,1533.0
96,4,11,41,88,189,1316,2841.0
97,6,2,31,58,173,863,2609.0
98,12,14,45,53,162,792,2440.0
99,5,10,45,61,126,910,1896.0
100,20,18,66,21,121,304,1827.0
101,2,6,71,40,167,597,2505.0
102,19,6,27,59,159,880,2396.0
103,19,7,35,69,195,1026,2926.0
104,3,12,68,67,148,1005,2233.0
105,18,2,72,101,174,1509,2624.0
106,10,19,70,38,182,557,2743.0
107,17,19,21,82,236,1226,3553.0
108,13,19,54,75,199,1114,2998.0
109,7,19,25,26,149,377,2235.0
110,2,17,66,60,133,886,1999.0
111,13,14,68,43,109,636,1637.0
112,8,1,55,80,206,1191,3094.0
113,8,19,30,72,161,1073,2420.0
114,8,5,37,60,157,890,2358.0
115,8,3,46,46,147,682,2211.0
116,8,17,48,53,142,789,2141.0
117,12,19,26,48,170,720,2558.0
118,19,1,24,71,163,1053,2446.0
119,6,3,63,26,116,379,1750.0
120,16,20,66,40,156,586,2340.0
121,19,9,28,50,164,740,2461.0
122,1,4,57,47,151,698,2271.0
123,15,11,53,63,162,942,2435.0
124,9,6,62,27,93,405,1403.0
125,20,11,30,71,180,1060,2703.0
126,7,9,27,68,139,1015,2098.0
127,2,20,29,15,140,220,2112.0
128,5,14,27,69,153,1032,2302.0
129,16,6,64,53,151,788,2272.0
130,18,17,50,82,187,1216,2810.0
131,12,16,42,68,212,1007,3191.0
132,7,4,26,85,186,1271,2803.0
133,13,10,72,74,141,1104,2115.0
134,2,18,45,54,133,798,2008.0
135,12,8,51,42,152,623,2293.0
136,14,9,52,57,148,844,2233.0
137,8,15,69,51,113,755,1706.0
138,19,8,62,37,162,542,2434.0
139,3,18,22,98,194,1459,2919.0
140,4,15,37,71,200,1052,3008.0
141,19,4,56,110,193,1641,2897.0
142,10,7,49,45,110,667,1663.0
143,10,17,34,74,163,1096,2447.0
144,4,19,63,29,160,426,2411.0
145,18,14,61,51,138,751,2073.0
146,1,15,54,53,128,790,1928.0
147,12,2,46,64,168,952,2532.0
148,13,11,64,69,128,1031,1934.0
149,2,9,31,77,176,1148,2644.0
150,4,20,59,62,171,923,2579.0
151,15,7,24,112,209,1679,3148.0
152,18,6,26,83,166,1243,2502.0
153,14,15,60,57,129,855,1944.0
154,4,2,26,65,135,968,2028.0
155,1,12,71,51,139,764,2088.0
156,10,14,27,36,139,529,2098.0
157,4,14,29,84,196,1248,2949.0
158,4,3,53,57,142,843,2139.0
159,20,3,40,71,168,1059,2529.0
160,19,17,67,78,166,1170,2503.0
161,6,12,54,98,176,1467,2641.0
162,11,17,23,57,142,844,2132.0
163,9,18,32,82,183,1230,2745.0
164,14,11,59,74,188,1101,2830.0
165,5,9,33,45,180,675,2701.0
166,16,15,18,40,114,592,1719.0
167,10,9,33,66,170,982,2564.0
168,7,16,33,98,159,1470,2388.0
169,17,3,15,41,143,612,2148.0
170,14,5,19,45,153,667,2303.0
171,17,11,73,88,174,1314,2620.0
172,20,10,38,54,148,797,2225.0
173,13,8,25,74,181,1110,2722.0
174,8,7,44,39,162,572,2443.0
175,11,9,40,24,90,350,1357.0
176,15,16,62,28,121,410,1819.0
177,16,1,44,66,125,990,1879.0
178,16,13,71,69,157,1024,2369.0
179,3,5,46,73,157,1087,2360.0
180,10,18,73,70,169,1042,2539.0
181,9,10,24,82,211,1229,3174.0
182,3,6,32,77,140,1141,2103.0
183,6,1,24,67,199,1000,2985.0
184,5,4,61,16,123,226,1848.0
185,3,13,23,61,161,915,2415.0
186,16,9,51,28,124,418,1864.0
187,9,14,36,103,163,1537,2449.0
188,7,20,57,69,178,1022,2680.0
189,8,10,27,24,144,360,2171.0
190,20,2,55,97,177,1443,2667.0
191,12,11,49,81,225,1212,3389.0
192,20,9,16,39,176,584,2641.0
193,3,19,20,32,165,467,2484.0
194,20,13,58,103,221,1539,3324.0
195,8,2,66,50,150,750,2258.0
196,4,13,21,109,186,1628,2790.0
197,20,8,57,78,199,1164,2993.0
198,6,8,64,77,223,1155,3351.0
199,7,8,44,48,163,719,2447.0
horizon=238
