NODES,20
1,1,-,-
2,2,-,-
3,3,-,-
4,4,-,-
5,5,-,-
6,6,-,-
7,7,-,-
8,8,-,-
9,9,-,-
10,10,-,-
11,11,-,-
12,12,-,-
13,13,-,-
14,14,-,-
15,15,-,-
16,16,-,-
17,17,-,-
18,18,-,-
19,19,-,-
20,20,-,-
ARCS,291
0,1,8,1,1310,234,159,2382,2382.0
1,1,6,7,2428,370,295,4415,4415.0
2,1,4,8,2428,294,295,4415,4415.0
3,1,9,1,1746,245,212,3175,3175.0
4,1,17,1,464,440,57,844,844.0
5,1,15,7,355,121,44,646,646.0
6,1,20,5,955,224,116,1737,1737.0
7,1,13,7,601,133,73,1093,1093.0
8,1,2,7,1364,293,166,2480,2480.0
9,1,16,9,1064,164,129,1935,1935.0
10,1,19,7,1501,490,182,2730,2730.0
11,2,12,2,382,453,47,695,695.0
12,2,8,1,1392,260,169,2531,2531.0
13,2,7,2,1582,159,192,2877,2877.0
14,2,5,9,601,515,73,1093,1093.0
15,2,11,3,519,465,63,944,944.0
16,2,20,9,437,310,53,795,795.0
17,2,4,6,1801,254,219,3275,3275.0
18,2,17,9,573,495,70,1042,1042.0
19,2,1,5,737,329,90,1340,1340.0
20,2,3,9,1364,128,166,2480,2480.0
21,2,14,6,382,118,47,695,695.0
22,2,19,7,1228,235,149,2233,2233.0
23,2,15,3,655,345,80,1191,1191.0
24,2,16,5,2319,457,282,4217,4217.0
25,2,9,7,1446,348,176,2630,2630.0
26,2,6,2,1992,253,242,3622,3622.0
27,2,13,1,546,168,67,993,993.0
28,2,18,2,491,443,60,893,893.0
29,2,10,9,1037,250,126,1886,1886.0
30,3,10,8,2701,407,328,4911,4911.0
31,3,6,4,2264,396,275,4117,4117.0
32,3,17,1,2128,132,258,3870,3870.0
33,3,4,6,1719,509,209,3126,3126.0
34,3,8,6,2373,149,288,4315,4315.0
35,3,7,2,273,409,34,497,497.0
36,3,15,4,846,346,103,1539,1539.0
37,3,2,1,2155,123,262,3919,3919.0
38,3,20,3,955,527,116,1737,1737.0
39,3,18,3,2537,342,308,4613,4613.0
40,3,5,8,2483,224,301,4515,4515.0
41,3,9,7,1910,367,232,3473,3473.0
42,3,12,2,1773,411,215,3224,3224.0
43,3,14,7,764,187,93,1390,1390.0
44,4,14,3,1773,517,215,3224,3224.0
45,4,19,1,437,155,53,795,795.0
46,4,10,3,1064,447,129,1935,1935.0
47,4,3,1,1910,163,232,3473,3473.0
48,4,9,2,519,207,63,944,944.0
49,4,2,2,1773,388,215,3224,3224.0
50,4,11,9,1255,326,153,2282,2282.0
51,4,20,3,1828,411,222,3324,3324.0
52,4,6,9,1364,128,166,2480,2480.0
53,4,5,5,573,361,70,1042,1042.0
54,4,1,8,2346,259,285,4266,4266.0
55,4,13,7,2401,255,292,4366,4366.0
56,4,12,8,1337,493,163,2431,2431.0
57,4,17,8,1201,216,146,2184,2184.0
58,4,16,9,2592,509,315,4713,4713.0
59,4,8,2,1419,199,172,2580,2580.0
60,4,7,1,1092,438,133,1986,1986.0
61,4,15,6,328,508,40,597,597.0
62,4,18,8,846,331,103,1539,1539.0
63,5,19,1,2155,222,262,3919,3919.0
64,5,1,1,655,185,80,1191,1191.0
65,5,11,9,2592,155,315,4713,4713.0
66,5,15,6,273,172,34,497,497.0
67,5,20,2,846,531,103,1539,1539.0
68,5,2,9,2401,190,292,4366,4366.0
69,5,14,4,410,418,50,746,746.0
70,5,6,7,2592,310,315,4713,4713.0
71,5,16,6,1201,330,146,2184,2184.0
72,5,17,6,2292,120,278,4168,4168.0
73,5,12,8,1446,451,176,2630,2630.0
74,5,8,3,655,294,80,1191,1191.0
75,6,4,3,1937,190,235,3522,3522.0
76,6,15,1,1883,416,229,3424,3424.0
77,6,17,7,2401,349,292,4366,4366.0
78,6,11,9,1201,225,146,2184,2184.0
79,6,13,5,2346,393,285,4266,4266.0
80,6,20,1,1828,196,222,3324,3324.0
81,6,1,7,1582,193,192,2877,2877.0
82,6,7,7,2073,476,252,3770,3770.0
83,6,5,8,1801,317,219,3275,3275.0
84,6,12,9,1419,182,172,2580,2580.0
85,6,9,4,2537,493,308,4613,4613.0
86,6,18,2,1092,359,133,1986,1986.0
87,6,14,9,2210,406,268,4019,4019.0
88,6,10,7,2510,334,305,4564,4564.0
89,7,1,8,791,190,96,1439,1439.0
90,7,20,8,682,416,83,1240,1240.0
91,7,12,1,737,466,90,1340,1340.0
92,7,14,9,1310,225,159,2382,2382.0
93,7,15,2,1282,342,156,2331,2331.0
94,7,6,6,1692,358,206,3077,3077.0
95,7,18,7,1037,194,126,1886,1886.0
96,7,2,9,2592,312,315,4713,4713.0
97,7,17,3,328,273,40,597,597.0
98,7,5,9,2237,212,272,4068,4068.0
99,8,9,1,2292,279,278,4168,4168.0
100,8,20,1,573,461,70,1042,1042.0
101,8,1,6,1910,436,232,3473,3473.0
102,8,10,6,1637,350,199,2977,2977.0
103,8,16,2,1064,427,129,1935,1935.0
104,8,11,3,2319,305,282,4217,4217.0
105,8,18,4,273,537,34,497,497.0
106,8,15,6,491,388,60,893,893.0
107,8,6,9,710,257,87,1291,1291.0
108,8,5,1,2428,530,295,4415,4415.0
109,8,13,7,2592,358,315,4713,4713.0
110,8,19,1,1501,287,182,2730,2730.0
111,8,4,9,1555,429,189,2828,2828.0
112,8,7,5,2019,474,245,3671,3671.0
113,8,14,9,1337,336,163,2431,2431.0
114,8,2,2,464,489,57,844,844.0
115,9,8,5,791,385,96,1439,1439.0
116,9,16,8,1992,342,242,3622,3622.0
117,9,19,1,2264,358,275,4117,4117.0
118,9,17,4,1255,293,153,2282,2282.0
119,9,18,5,2564,493,311,4662,4662.0
120,9,4,8,1555,312,189,2828,2828.0
121,9,2,7,1037,115,126,1886,1886.0
122,9,6,7,2619,418,318,4762,4762.0
123,9,13,4,2101,255,255,3820,3820.0
124,10,18,3,2564,476,311,4662,4662.0
125,10,5,5,1855,356,225,3373,3373.0
126,10,12,5,2292,399,278,4168,4168.0
127,10,4,3,2701,369,328,4911,4911.0
128,10,17,7,355,404,44,646,646.0
129,10,7,7,1146,320,139,2084,2084.0
130,10,1,9,764,371,93,1390,1390.0
131,10,9,3,2019,121,245,3671,3671.0
132,10,16,1,1419,431,172,2580,2580.0
133,10,3,9,573,491,70,1042,1042.0
134,10,20,4,1119,227,136,2035,2035.0
135,10,2,4,1310,140,159,2382,2382.0
136,10,13,2,955,288,116,1737,1737.0
137,10,11,8,655,224,80,1191,1191.0
138,11,6,1,1419,302,172,2580,2580.0
139,11,16,8,273,179,34,497,497.0
140,11,13,9,2537,489,308,4613,4613.0
141,11,7,2,273,190,34,497,497.0
142,11,15,8,2237,526,272,4068,4068.0
143,11,4,4,1228,237,149,2233,2233.0
144,11,14,4,328,489,40,597,597.0
145,11,20,1,1582,233,192,2877,2877.0
146,11,8,7,2373,152,288,4315,4315.0
147,11,12,1,1228,440,149,2233,2233.0
148,11,19,5,519,138,63,944,944.0
149,11,2,1,1692,327,206,3077,3077.0
150,11,10,4,1010,532,123,1837,1837.0
151,11,1,4,901,426,110,1639,1639.0
152,11,17,8,1992,469,242,3622,3622.0
153,12,7,2,2019,485,245,3671,3671.0
154,12,20,6,355,523,44,646,646.0
155,12,13,8,873,122,106,1588,1588.0
156,12,8,5,2564,459,311,4662,4662.0
157,12,10,4,2483,192,301,4515,4515.0
158,12,18,8,710,180,87,1291,1291.0
159,12,3,1,2210,230,268,4019,4019.0
160,12,19,8,1446,128,176,2630,2630.0
161,12,5,4,2346,157,285,4266,4266.0
162,12,9,7,301,234,37,548,548.0
163,12,15,4,437,224,53,795,795.0
164,12,17,6,1664,425,202,3026,3026.0
165,12,4,9,1746,480,212,3175,3175.0
166,12,2,4,764,400,93,1390,1390.0
167,12,11,1,2128,518,258,3870,3870.0
168,12,14,3,1146,285,139,2084,2084.0
169,12,1,9,1310,372,159,2382,2382.0
170,13,15,1,1664,460,202,3026,3026.0
171,13,4,6,2510,530,305,4564,4564.0
172,13,19,4,2046,385,248,3720,3720.0
173,13,5,3,2237,453,272,4068,4068.0
174,13,1,2,1146,258,139,2084,2084.0
175,13,8,1,655,214,80,1191,1191.0
176,13,11,2,1392,476,169,2531,2531.0
177,13,18,2,1037,494,126,1886,1886.0
178,13,3,1,1773,302,215,3224,3224.0
179,13,17,6,1964,479,239,3571,3571.0
180,13,7,7,2619,438,318,4762,4762.0
181,14,5,5,1419,236,172,2580,2580.0
182,14,18,1,1582,139,192,2877,2877.0
183,14,7,4,1555,141,189,2828,2828.0
184,14,19,3,1228,271,149,2233,2233.0
185,14,6,9,437,356,53,795,795.0
186,14,9,7,846,461,103,1539,1539.0
187,14,17,1,2483,227,301,4515,4515.0
188,14,8,3,2428,176,295,4415,4415.0
189,14,13,5,2510,341,305,4564,4564.0
190,14,3,2,1473,170,179,2679,2679.0
191,14,20,3,1883,157,229,3424,3424.0
192,14,2,3,1473,206,179,2679,2679.0
193,14,15,6,1910,380,232,3473,3473.0
194,15,16,2,2128,323,258,3870,3870.0
195,15,1,9,2128,415,258,3870,3870.0
196,15,18,8,1419,226,172,2580,2580.0
197,15,5,6,2428,494,295,4415,4415.0
198,15,12,1,1255,530,153,2282,2282.0
199,15,13,6,2455,195,298,4464,4464.0
200,15,17,9,1228,443,149,2233,2233.0
201,15,14,5,1419,498,172,2580,2580.0
202,15,9,9,1010,454,123,1837,1837.0
203,15,4,5,2292,428,278,4168,4168.0
204,15,3,8,1310,212,159,2382,2382.0
205,15,20,3,2401,459,292,4366,4366.0
206,15,8,5,2210,197,268,4019,4019.0
207,15,2,5,1582,453,192,2877,2877.0
208,15,19,1,1582,387,192,2877,2877.0
209,15,6,5,982,314,120,1786,1786.0
210,15,7,1,573,297,70,1042,1042.0
211,15,11,9,1719,237,209,3126,3126.0
212,16,3,8,2592,249,315,4713,4713.0
213,16,8,2,2401,198,292,4366,4366.0
214,16,14,8,1801,142,219,3275,3275.0
215,16,13,3,655,124,80,1191,1191.0
216,16,5,6,1855,315,225,3373,3373.0
217,16,1,1,1419,157,172,2580,2580.0
218,16,6,5,2455,459,298,4464,4464.0
219,16,19,7,2564,361,311,4662,4662.0
220,16,20,3,1855,468,225,3373,3373.0
221,16,18,9,2046,170,248,3720,3720.0
222,16,7,3,2019,132,245,3671,3671.0
223,16,12,1,1883,120,229,3424,3424.0
224,16,15,9,955,390,116,1737,1737.0
225,16,4,3,1855,302,225,3373,3373.0
226,16,9,1,791,531,96,1439,1439.0
227,17,3,2,1855,505,225,3373,3373.0
228,17,5,2,1473,444,179,2679,2679.0
229,17,10,2,2455,162,298,4464,4464.0
230,17,12,3,2619,129,318,4762,4762.0
231,17,7,4,491,112,60,893,893.0
232,17,2,8,2155,151,262,3919,3919.0
233,17,14,2,2155,236,262,3919,3919.0
234,17,16,5,928,127,113,1688,1688.0
235,17,9,7,1992,154,242,3622,3622.0
236,17,11,4,573,423,70,1042,1042.0
237,17,19,2,2564,136,311,4662,4662.0
238,17,18,3,1910,252,232,3473,3473.0
239,17,15,6,846,377,103,1539,1539.0
240,18,2,9,1883,527,229,3424,3424.0
241,18,15,5,628,242,77,1142,1142.0
242,18,11,5,2155,335,262,3919,3919.0
243,18,8,7,1146,455,139,2084,2084.0
244,18,12,5,328,395,40,597,597.0
245,18,13,9,1773,437,215,3224,3224.0
246,18,3,6,2046,210,248,3720,3720.0
247,18,16,3,2646,453,321,4811,4811.0
248,18,19,9,1310,443,159,2382,2382.0
249,18,4,5,1228,483,149,2233,2233.0
250,18,10,8,1364,140,166,2480,2480.0
251,18,1,1,1010,288,123,1837,1837.0
252,18,6,6,2646,359,321,4811,4811.0
253,18,20,1,2455,176,298,4464,4464.0
254,18,7,2,1883,244,229,3424,3424.0
255,19,18,3,764,530,93,1390,1390.0
256,19,14,7,819,229,100,1490,1490.0
257,19,4,9,1228,451,149,2233,2233.0
258,19,8,7,464,513,57,844,844.0
259,19,20,3,2019,208,245,3671,3671.0
260,19,9,5,410,237,50,746,746.0
261,19,5,1,328,163,40,597,597.0
262,19,10,4,982,269,120,1786,1786.0
263,19,16,7,901,373,110,1639,1639.0
264,19,12,1,2428,512,295,4415,4415.0
265,19,1,3,2673,317,324,4860,4860.0
266,19,2,2,601,244,73,1093,1093.0
267,19,15,5,1173,455,143,2133,2133.0
268,19,6,3,1883,409,229,3424,3424.0
269,19,13,9,2183,427,265,3970,3970.0
270,19,7,7,2264,154,275,4117,4117.0
271,19,17,5,955,447,116,1737,1737.0
272,19,11,4,1146,515,139,2084,2084.0
273,20,7,9,819,126,100,1490,1490.0
274,20,8,5,1828,309,222,3324,3324.0
275,20,5,5,1392,229,169,2531,2531.0
276,20,6,9,464,309,57,844,844.0
277,20,10,5,1501,354,182,2730,2730.0
278,20,14,9,1610,179,196,2928,2928.0
279,20,17,6,2701,197,328,4911,4911.0
280,20,13,3,819,298,100,1490,1490.0
281,20,2,5,1337,287,163,2431,2431.0
282,20,9,4,2237,458,272,4068,4068.0
283,20,12,2,873,268,106,1588,1588.0
284,20,11,6,1364,341,166,2480,2480.0
285,20,16,2,982,186,120,1786,1786.0
286,20,15,9,2101,254,255,3820,3820.0
287,20,4,6,2673,350,324,4860,4860.0
288,20,1,7,1637,432,199,2977,2977.0
289,20,3,1,1173,510,143,2133,2133.0
290,20,18,8,1228,180,149,2233,2233.0
COMMODITIES,200
0,9,18,49,120,345,1798,5176.0
1,20,16,39,198,389,2958,5840.0
2,19,5,50,131,260,1953,3910.0
3,4,17,57,149,367,2235,5512.0
4,1,8,65,139,374,2081,5613.0
5,12,8,16,138,379,2067,5698.0
6,2,7,58,103,274,1545,4124.0
7,5,2,62,162,373,2430,5608.0
8,9,19,27,155,488,2323,7321.0
9,13,10,74,151,459,2264,6888.0
10,4,10,59,151,357,2256,5358.0
11,1,10,28,203,530,3034,7958.0
12,12,6,18,178,345,2659,5184.0
13,8,13,19,103,292,1541,4392.0
14,18,6,57,111,330,1658,4958.0
15,1,13,30,159,309,2382,4641.0
16,19,1,50,181,363,2715,5445.0
17,15,8,71,116,415,1738,6228.0
18,1,5,58,165,475,2464,7139.0
19,12,19,21,98,345,1456,5179.0
20,1,11,61,127,326,1891,4897.0
21,16,12,71,130,429,1939,6440.0
22,16,19,24,164,502,2453,7534.0
23,20,8,24,213,452,3190,6793.0
24,3,13,17,138,423,2063,6347.0
25,20,13,74,159,326,2377,4896.0
26,15,5,43,178,506,2658,7592.0
27,6,20,63,146,439,2180,6592.0
28,11,1,57,162,359,2424,5388.0
29,13,19,20,124,405,1852,6088.0
30,17,3,19,164,474,2447,7118.0
31,3,12,33,123,317,1844,4762.0
32,10,12,65,151,407,2263,6110.0
33,13,16,39,164,437,2459,6555.0
34,18,10,67,153,405,2284,6077.0
35,5,6,56,181,366,2714,5490.0
36,16,8,19,134,373,2002,5608.0
37,20,4,47,158,523,2361,7849.0
38,16,13,25,120,263,1787,3959.0
39,17,5,47,204,447,3047,6705.0
40,19,13,18,147,378,2194,5680.0
41,8,18,39,168,283,2515,4257.0
42,17,13,32,145,405,2170,6089.0
43,7,10,35,169,460,2522,6901.0
44,10,17,64,108,231,1610,3472.0
45,4,6,41,159,386,2372,5793.0
46,7,11,59,165,341,2470,5125.0
47,1,16,53,155,370,2312,5551.0
48,15,2,39,144,413,2155,6202.0
49,20,18,72,143,347,2131,5210.0
50,8,17,49,165,373,2469,5608.0
51,14,2,73,176,450,2639,6758.0
52,12,14,72,175,375,2612,5630.0
53,4,2,57,174,383,2598,5745.0
54,7,6,34,195,401,2918,6025.0
55,4,13,44,177,439,2642,6594.0
56,6,11,30,171,380,2565,5714.0
57,16,5,73,155,468,2314,7025.0
58,14,19,38,158,375,2359,5626.0
59,11,20,16,160,356,2386,5343.0
60,2,11,36,161,318,2413,4781.0
61,1,12,49,124,385,1856,5786.0
62,3,1,21,158,361,2357,5423.0
63,4,12,25,104,327,1549,4918.0
64,16,17,73,158,478,2368,7172.0
65,5,19,58,176,448,2640,6722.0
66,5,10,41,112,480,1670,7213.0
67,2,10,68,182,384,2722,5774.0
68,17,18,44,164,427,2458,6405.0
69,9,3,70,157,520,2343,7804.0
70,9,5,15,118,382,1762,5732.0
71,12,4,64,156,436,2326,6542.0
72,1,18,45,170,424,2538,6363.0
73,15,14,26,128,352,1914,5292.0
74,18,9,53,142,295,2126,4434.0
75,2,20,17,117,219,1747,3290.0
76,18,1,35,143,338,2134,5079.0
77,20,2,74,177,426,2655,6391.0
78,20,19,53,172,474,2577,7121.0
79,6,18,38,179,386,2681,5800.0
80,4,5,45,139,306,2084,4590.0
81,15,1,22,120,377,1793,5665.0
82,4,19,55,128,254,1917,3821.0
83,13,15,15,118,334,1768,5018.0
84,20,7,57,172,350,2573,5255.0
85,2,12,50,147,270,2204,4054.0
86,3,15,25,150,320,2236,4812.0
87,9,17,54,131,372,1965,5588.0
88,18,12,35,165,289,2461,4338.0
89,19,14,22,154,321,2301,4823.0
90,3,6,66,147,378,2202,5682.0
91,5,20,49,111,287,1652,4315.0
92,10,13,33,156,376,2329,5644.0
93,17,10,64,149,422,2223,6334.0
94,15,7,24,154,293,2296,4407.0
95,8,10,22,156,392,2340,5884.0
96,10,3,26,140,253,2096,3809.0
97,4,11,69,183,402,2736,6037.0
98,12,20,29,142,270,2119,4064.0
99,3,10,60,175,519,2613,7789.0
100,5,3,59,157,410,2355,6158.0
101,6,8,70,132,471,1979,7069.0
102,1,6,61,159,410,2377,6162.0
103,12,17,49,144,380,2149,5702.0
104,15,17,28,155,347,2318,5217.0
105,4,18,17,138,322,2065,4837.0
106,6,13,29,108,423,1610,6356.0
107,7,8,35,201,500,3011,7509.0
108,10,20,16,172,380,2578,5710.0
109,17,16,53,161,312,2414,4694.0
110,2,18,68,169,289,2525,4345.0
111,12,18,73,171,340,2562,5106.0
112,17,11,49,151,309,2264,4640.0
113,3,7,52,148,263,2212,3956.0
114,1,17,28,93,238,1395,3571.0
115,3,5,32,153,468,2288,7024.0
116,18,8,49,195,407,2923,6116.0
117,8,9,61,90,290,1343,4360.0
118,16,10,16,173,569,2584,8539.0
119,7,2,17,161,417,2403,6255.0
120,11,5,65,135,329,2011,4948.0
121,16,4,23,205,502,3063,7542.0
122,10,7,41,149,353,2228,5298.0
123,8,19,66,146,417,2176,6260.0
124,14,13,38,121,440,1811,6611.0
125,5,8,45,105,265,1564,3978.0
126,9,10,51,156,454,2339,6817.0
127,4,14,35,137,335,2044,5030.0
128,7,20,63,175,338,2618,5080.0
129,3,14,62,169,325,2523,4876.0
130,7,5,31,154,443,2306,6646.0
131,5,15,43,162,287,2430,4307.0
132,3,4,26,136,422,2031,6331.0
133,16,1,38,165,384,2473,5771.0
134,17,20,48,108,342,1614,5142.0
135,9,6,49,156,402,2337,6044.0
136,15,12,60,199,416,2976,6254.0
137,16,18,20,150,415,2241,6225.0
138,3,2,41,187,484,2798,7271.0
139,8,4,51,177,427,2651,6410.0
140,2,4,63,142,434,2125,6513.0
141,19,16,72,152,346,2277,5203.0
142,7,9,60,131,349,1961,5248.0
143,12,9,57,176,300,2639,4507.0
144,3,19,48,172,454,2577,6824.0
145,1,4,42,179,540,2679,8114.0
146,13,2,23,185,396,2761,5946.0
147,15,3,60,174,400,2602,6014.0
148,18,15,66,137,295,2044,4433.0
149,8,20,32,141,272,2114,4080.0
150,9,16,48,155,443,2325,6647.0
151,16,15,59,144,344,2148,5171.0
152,16,3,35,155,510,2315,7660.0
153,8,2,36,105,228,1571,3430.0
154,20,11,41,140,406,2096,6097.0
155,2,16,74,160,332,2392,4992.0
156,15,11,43,141,409,2101,6148.0
157,18,20,31,165,310,2468,4663.0
158,18,2,41,195,406,2921,6103.0
159,8,7,68,167,383,2495,5754.0
160,12,16,52,158,429,2365,6447.0
161,7,3,42,143,450,2134,6761.0
162,12,13,19,146,308,2181,4626.0
163,12,1,35,168,378,2511,5671.0
164,16,7,31,192,453,2872,6797.0
165,10,4,67,156,454,2332,6810.0
166,17,6,67,137,367,2054,5508.0
167,3,18,31,112,316,1666,4745.0
168,8,15,56,169,306,2528,4600.0
169,14,20,40,173,471,2589,7078.0
170,19,9,72,177,308,2644,4624.0
171,17,7,19,185,346,2775,5201.0
172,14,5,17,143,365,2132,5487.0
173,7,14,16,159,407,2373,6106.0
174,2,8,45,145,363,2167,5449.0
175,17,14,34,201,401,3002,6026.0
176,5,4,62,124,454,1851,6816.0
177,6,12,56,181,426,2705,6395.0
178,15,9,16,164,360,2458,5414.0
179,2,1,55,183,357,2736,5356.0
180,5,12,37,126,324,1876,4870.0
181,19,18,21,142,302,2128,4540.0
182,4,9,65,155,305,2323,4588.0
183,6,19,43,123,433,1831,6496.0
184,20,17,26,141,352,2106,5293.0
185,1,20,69,105,294,1566,4423.0
186,1,14,23,138,376,2062,5652.0
187,20,10,45,180,439,2699,6592.0
188,7,4,51,103,444,1541,6672.0
189,14,10,35,135,488,2014,7324.0
190,19,12,48,172,385,2580,5780.0
191,14,1,63,168,499,2519,7491.0
192,4,15,54,143,221,2131,3328.0
193,4,8,51,156,347,2332,5217.0
194,1,19,69,143,394,2143,5924.0
195,7,17,59,139,247,2082,3705.0
196,3,17,57,127,267,1904,4008.0
197,8,3,17,151,429,2265,6446.0
198,9,20,67,159,437,2385,6560.0
199,16,6,74,125,416,1874,6245.0
horizon=569
