NODES,30
1,1,-,-
2,2,-,-
3,3,-,-
4,4,-,-
5,5,-,-
6,6,-,-
7,7,-,-
8,8,-,-
9,9,-,-
10,10,-,-
11,11,-,-
12,12,-,-
13,13,-,-
14,14,-,-
15,15,-,-
16,16,-,-
17,17,-,-
18,18,-,-
19,19,-,-
20,20,-,-
21,21,-,-
22,22,-,-
23,23,-,-
24,24,-,-
25,25,-,-
26,26,-,-
27,27,-,-
28,28,-,-
29,29,-,-
30,30,-,-
ARCS,520
0,1,18,7,564,612,69,1026,1026.0
1,1,6,2,383,374,47,697,697.0
2,1,27,3,513,157,63,933,933.0
3,1,19,2,181,545,22,330,330.0
4,1,30,7,145,637,18,264,264.0
5,1,20,2,600,687,73,1091,1091.0
6,1,25,9,94,279,12,171,171.0
7,1,4,4,73,640,9,133,133.0
8,1,21,2,420,220,51,764,764.0
9,1,16,4,477,182,58,868,868.0
10,1,29,6,644,532,79,1171,1171.0
11,1,8,9,131,300,16,239,239.0
12,2,17,3,159,272,20,290,290.0
13,2,10,9,600,354,73,1091,1091.0
14,2,15,2,622,310,76,1131,1131.0
15,2,13,7,542,462,66,986,986.0
16,2,19,9,152,373,19,277,277.0
17,2,14,4,261,612,32,475,475.0
18,2,20,5,485,393,59,882,882.0
19,2,9,2,210,655,26,382,382.0
20,2,11,6,615,644,75,1119,1119.0
21,2,16,5,607,189,74,1104,1104.0
22,2,26,4,275,417,34,500,500.0
23,2,5,8,535,163,65,973,973.0
24,2,27,5,535,412,65,973,973.0
25,2,12,5,521,685,64,948,948.0
26,2,18,4,391,722,48,711,711.0
27,3,20,1,586,682,72,1066,1066.0
28,3,16,4,672,681,82,1222,1222.0
29,3,24,4,644,513,79,1171,1171.0
30,3,17,5,311,244,38,566,566.0
31,3,5,8,427,558,52,777,777.0
32,3,29,4,644,647,79,1171,1171.0
33,3,28,6,210,639,26,382,382.0
34,3,7,7,441,626,54,802,802.0
35,3,13,2,87,373,11,159,159.0
36,3,25,4,268,155,33,488,488.0
37,3,22,3,239,520,29,435,435.0
38,3,18,5,615,723,75,1119,1119.0
39,3,14,3,441,374,54,802,802.0
40,3,11,6,571,437,70,1039,1039.0
41,3,19,5,593,415,72,1079,1079.0
42,3,27,3,672,580,82,1222,1222.0
43,3,12,9,427,716,52,777,777.0
44,3,6,8,528,392,64,960,960.0
45,3,8,9,593,395,72,1079,1079.0
46,3,15,9,470,344,57,855,855.0
47,3,4,5,571,561,70,1039,1039.0
48,3,10,1,87,182,11,159,159.0
49,3,9,2,672,360,82,1222,1222.0
50,3,1,3,224,507,28,408,408.0
51,4,11,8,398,440,49,724,724.0
52,4,10,8,456,456,56,830,830.0
53,4,1,8,644,680,79,1171,1171.0
54,4,21,2,217,317,27,395,395.0
55,4,23,6,557,469,68,1013,1013.0
56,4,27,1,333,496,41,606,606.0
57,4,24,5,528,325,64,960,960.0
58,4,28,7,145,234,18,264,264.0
59,4,30,9,456,440,56,830,830.0
60,4,9,1,217,227,27,395,395.0
61,4,3,3,521,370,64,948,948.0
62,4,17,7,665,659,81,1210,1210.0
63,4,13,2,521,148,64,948,948.0
64,5,12,6,369,291,45,671,671.0
65,5,2,2,203,329,25,370,370.0
66,5,30,4,636,439,78,1157,1157.0
67,5,19,6,87,550,11,159,159.0
68,5,13,1,188,700,23,342,342.0
69,5,22,5,636,685,78,1157,1157.0
70,5,4,5,268,713,33,488,488.0
71,5,10,7,456,176,56,830,830.0
72,5,26,6,535,399,65,973,973.0
73,5,25,9,528,284,64,960,960.0
74,5,3,6,304,590,37,553,553.0
75,5,8,1,506,231,62,920,920.0
76,5,27,4,441,246,54,802,802.0
77,5,24,6,557,634,68,1013,1013.0
78,5,21,3,448,465,55,815,815.0
79,6,11,9,138,195,17,251,251.0
80,6,30,5,521,504,64,948,948.0
81,6,1,8,383,682,47,697,697.0
82,6,19,8,326,344,40,593,593.0
83,6,3,8,578,195,71,1051,1051.0
84,6,10,5,434,201,53,790,790.0
85,6,22,5,391,284,48,711,711.0
86,6,4,2,73,258,9,133,133.0
87,6,26,6,275,147,34,500,500.0
88,6,18,2,268,459,33,488,488.0
89,6,27,5,405,243,50,737,737.0
90,6,17,9,600,228,73,1091,1091.0
91,6,28,1,398,157,49,724,724.0
92,6,14,4,232,338,29,422,422.0
93,6,16,5,376,493,46,684,684.0
94,6,5,1,564,680,69,1026,1026.0
95,7,23,9,87,222,11,159,159.0
96,7,11,6,420,631,51,764,764.0
97,7,8,8,600,298,73,1091,1091.0
98,7,26,5,340,297,42,619,619.0
99,7,27,8,80,607,10,146,146.0
100,7,20,5,369,481,45,671,671.0
101,7,22,9,644,604,79,1171,1171.0
102,7,3,7,347,436,43,631,631.0
103,7,24,5,593,526,72,1079,1079.0
104,7,10,4,398,491,49,724,724.0
105,7,9,9,622,671,76,1131,1131.0
106,7,1,3,564,272,69,1026,1026.0
107,8,14,4,694,206,85,1262,1262.0
108,8,30,6,102,325,13,186,186.0
109,8,9,7,571,212,70,1039,1039.0
110,8,17,8,448,231,55,815,815.0
111,8,25,6,232,215,29,422,422.0
112,8,4,5,701,513,85,1275,1275.0
113,8,27,9,557,452,68,1013,1013.0
114,8,13,7,188,314,23,342,342.0
115,8,26,3,152,487,19,277,277.0
116,8,10,2,123,332,15,224,224.0
117,8,19,6,593,666,72,1079,1079.0
118,8,28,3,80,453,10,146,146.0
119,8,11,1,701,278,85,1275,1275.0
120,8,2,7,217,682,27,395,395.0
121,8,16,7,434,218,53,790,790.0
122,8,7,7,174,582,22,317,317.0
123,8,12,6,680,260,83,1237,1237.0
124,8,6,7,644,417,79,1171,1171.0
125,8,20,6,593,478,72,1079,1079.0
126,8,24,7,391,268,48,711,711.0
127,8,22,4,492,317,60,895,895.0
128,8,3,2,658,586,80,1197,1197.0
129,8,5,4,145,358,18,264,264.0
130,8,15,1,261,363,32,475,475.0
131,8,18,4,644,459,79,1171,1171.0
132,9,16,2,535,387,65,973,973.0
133,9,4,6,224,252,28,408,408.0
134,9,17,6,513,306,63,933,933.0
135,9,11,3,694,379,85,1262,1262.0
136,9,27,6,362,411,44,659,659.0
137,9,13,6,116,348,15,211,211.0
138,9,26,8,593,608,72,1079,1079.0
139,9,25,7,427,176,52,777,777.0
140,9,24,6,463,408,57,842,842.0
141,9,6,1,224,710,28,408,408.0
142,9,3,9,80,447,10,146,146.0
143,9,5,6,672,312,82,1222,1222.0
144,9,8,8,644,636,79,1171,1171.0
145,9,2,8,311,268,38,566,566.0
146,9,19,6,311,482,38,566,566.0
147,9,7,6,369,728,45,671,671.0
148,9,29,1,289,345,36,526,526.0
149,9,10,3,405,269,50,737,737.0
150,9,20,3,448,415,55,815,815.0
151,9,14,1,571,430,70,1039,1039.0
152,9,21,2,535,513,65,973,973.0
153,9,18,6,463,522,57,842,842.0
154,10,3,4,644,618,79,1171,1171.0
155,10,24,5,246,534,30,448,448.0
156,10,9,8,275,526,34,500,500.0
157,10,6,5,456,680,56,830,830.0
158,10,29,9,232,278,29,422,422.0
159,10,11,2,253,551,31,460,460.0
160,10,23,2,535,233,65,973,973.0
161,10,26,7,152,338,19,277,277.0
162,10,4,5,434,211,53,790,790.0
163,10,22,9,463,552,57,842,842.0
164,10,2,9,463,320,57,842,842.0
165,10,7,6,644,203,79,1171,1171.0
166,10,30,6,152,411,19,277,277.0
167,10,14,6,557,694,68,1013,1013.0
168,10,15,4,420,437,51,764,764.0
169,11,20,2,102,221,13,186,186.0
170,11,18,4,658,688,80,1197,1197.0
171,11,3,1,224,428,28,408,408.0
172,11,21,3,644,452,79,1171,1171.0
173,11,7,8,694,171,85,1262,1262.0
174,11,5,8,420,215,51,764,764.0
175,11,12,2,362,443,44,659,659.0
176,11,17,7,275,344,34,500,500.0
177,11,16,1,355,411,44,646,646.0
178,11,26,8,275,450,34,500,500.0
179,11,9,7,239,370,29,435,435.0
180,11,6,2,268,408,33,488,488.0
181,11,25,5,571,345,70,1039,1039.0
182,11,4,5,506,571,62,920,920.0
183,11,15,4,716,599,87,1302,1302.0
184,11,24,5,535,547,65,973,973.0
185,11,8,9,420,307,51,764,764.0
186,11,29,9,593,471,72,1079,1079.0
187,11,1,2,709,199,86,1290,1290.0
188,12,21,8,131,637,16,239,239.0
189,12,27,9,347,335,43,631,631.0
190,12,6,4,138,681,17,251,251.0
191,12,8,4,318,564,39,579,579.0
192,12,5,8,658,414,80,1197,1197.0
193,12,24,1,181,696,22,330,330.0
194,12,10,2,506,707,62,920,920.0
195,12,16,8,80,582,10,146,146.0
196,12,13,6,680,515,83,1237,1237.0
197,12,30,2,672,259,82,1222,1222.0
198,12,11,7,448,520,55,815,815.0
199,12,17,6,304,577,37,553,553.0
200,12,25,1,203,669,25,370,370.0
201,12,2,7,282,590,35,513,513.0
202,12,4,1,152,266,19,277,277.0
203,12,3,6,651,665,79,1184,1184.0
204,12,22,8,383,382,47,697,697.0
205,13,5,9,593,220,72,1079,1079.0
206,13,26,9,188,444,23,342,342.0
207,13,17,8,506,319,62,920,920.0
208,13,20,3,622,276,76,1131,1131.0
209,13,23,8,651,682,79,1184,1184.0
210,13,3,1,398,211,49,724,724.0
211,13,27,9,607,453,74,1104,1104.0
212,13,9,9,224,192,28,408,408.0
213,13,25,1,145,615,18,264,264.0
214,13,8,6,716,453,87,1302,1302.0
215,13,6,5,513,447,63,933,933.0
216,13,16,8,665,161,81,1210,1210.0
217,13,7,4,347,440,43,631,631.0
218,13,24,8,694,678,85,1262,1262.0
219,14,24,3,456,715,56,830,830.0
220,14,16,3,615,663,75,1119,1119.0
221,14,17,1,492,182,60,895,895.0
222,14,8,1,542,682,66,986,986.0
223,14,6,3,615,430,75,1119,1119.0
224,14,15,8,131,471,16,239,239.0
225,14,10,5,340,411,42,619,619.0
226,14,19,8,528,361,64,960,960.0
227,14,29,8,253,512,31,460,460.0
228,14,2,1,289,320,36,526,526.0
229,14,25,1,513,189,63,933,933.0
230,14,4,5,102,498,13,186,186.0
231,14,23,6,564,387,69,1026,1026.0
232,14,9,4,456,342,56,830,830.0
233,14,30,1,398,355,49,724,724.0
234,14,1,3,492,298,60,895,895.0
235,14,18,5,174,525,22,317,317.0
236,14,12,6,665,173,81,1210,1210.0
237,14,27,8,376,477,46,684,684.0
238,14,13,3,80,709,10,146,146.0
239,15,19,3,333,376,41,606,606.0
240,15,26,7,232,285,29,422,422.0
241,15,16,4,217,147,27,395,395.0
242,15,10,2,716,646,87,1302,1302.0
243,15,21,1,239,295,29,435,435.0
244,15,18,2,687,720,84,1250,1250.0
245,15,14,1,448,665,55,815,815.0
246,15,28,2,492,276,60,895,895.0
247,15,25,1,333,268,41,606,606.0
248,15,13,3,174,404,22,317,317.0
249,15,29,5,492,370,60,895,895.0
250,15,2,7,318,488,39,579,579.0
251,15,4,5,333,618,41,606,606.0
252,15,9,5,622,170,76,1131,1131.0
253,15,27,5,528,458,64,960,960.0
254,15,23,5,333,598,41,606,606.0
255,15,30,5,123,447,15,224,224.0
256,15,24,3,362,430,44,659,659.0
257,15,1,8,441,364,54,802,802.0
258,16,21,6,196,450,24,357,357.0
259,16,30,5,615,710,75,1119,1119.0
260,16,11,1,694,703,85,1262,1262.0
261,16,23,6,210,713,26,382,382.0
262,16,24,9,109,690,14,199,199.0
263,16,17,7,246,186,30,448,448.0
264,16,6,9,434,653,53,790,790.0
265,16,13,1,463,690,57,842,842.0
266,16,2,2,289,647,36,526,526.0
267,16,14,8,694,196,85,1262,1262.0
268,16,12,9,412,395,50,750,750.0
269,16,18,2,578,547,71,1051,1051.0
270,16,3,7,680,661,83,1237,1237.0
271,16,1,7,420,455,51,764,764.0
272,16,10,8,102,468,13,186,186.0
273,17,15,3,644,272,79,1171,1171.0
274,17,9,8,434,481,53,790,790.0
275,17,25,8,282,434,35,513,513.0
276,17,23,4,318,517,39,579,579.0
277,17,12,8,232,709,29,422,422.0
278,17,7,4,665,236,81,1210,1210.0
279,17,27,3,340,368,42,619,619.0
280,17,18,7,326,592,40,593,593.0
281,17,5,3,203,493,25,370,370.0
282,17,28,9,167,665,21,304,304.0
283,17,6,4,607,636,74,1104,1104.0
284,17,13,2,636,411,78,1157,1157.0
285,17,21,5,355,725,44,646,646.0
286,17,16,1,210,420,26,382,382.0
287,17,26,2,716,674,87,1302,1302.0
288,17,3,3,333,420,41,606,606.0
289,17,10,2,521,655,64,948,948.0
290,17,14,8,333,577,41,606,606.0
291,18,30,4,289,655,36,526,526.0
292,18,12,2,311,515,38,566,566.0
293,18,13,5,239,347,29,435,435.0
294,18,9,5,600,218,73,1091,1091.0
295,18,7,3,289,544,36,526,526.0
296,18,29,7,268,567,33,488,488.0
297,18,24,2,492,634,60,895,895.0
298,18,23,8,470,560,57,855,855.0
299,18,22,6,535,271,65,973,973.0
300,18,3,8,131,398,16,239,239.0
301,18,14,3,232,611,29,422,422.0
302,18,11,5,636,266,78,1157,1157.0
303,18,20,8,217,666,27,395,395.0
304,18,21,6,528,725,64,960,960.0
305,18,10,2,665,488,81,1210,1210.0
306,18,4,5,203,729,25,370,370.0
307,18,15,8,586,269,72,1066,1066.0
308,18,28,8,87,345,11,159,159.0
309,18,2,7,557,310,68,1013,1013.0
310,18,26,5,253,650,31,460,460.0
311,18,6,3,116,707,15,211,211.0
312,19,29,5,131,347,16,239,239.0
313,19,11,7,405,523,50,737,737.0
314,19,7,9,131,460,16,239,239.0
315,19,22,3,289,237,36,526,526.0
316,19,18,8,398,208,49,724,724.0
317,19,23,4,535,215,65,973,973.0
318,19,27,9,622,593,76,1131,1131.0
319,19,24,8,629,459,77,1144,1144.0
320,19,15,3,398,631,49,724,724.0
321,19,9,9,651,198,79,1184,1184.0
322,19,25,5,188,357,23,342,342.0
323,19,21,8,347,198,43,631,631.0
324,19,6,6,217,453,27,395,395.0
325,19,28,1,123,479,15,224,224.0
326,19,3,4,499,696,61,908,908.0
327,19,17,7,477,639,58,868,868.0
328,19,10,6,203,675,25,370,370.0
329,20,6,9,217,453,27,395,395.0
330,20,14,6,434,617,53,790,790.0
331,20,17,7,80,241,10,146,146.0
332,20,18,5,477,614,58,868,868.0
333,20,11,8,456,393,56,830,830.0
334,20,12,6,607,326,74,1104,1104.0
335,20,24,2,701,455,85,1275,1275.0
336,20,26,6,456,224,56,830,830.0
337,20,7,4,636,234,78,1157,1157.0
338,20,2,8,116,252,15,211,211.0
339,20,13,4,311,293,38,566,566.0
340,20,27,3,347,447,43,631,631.0
341,20,29,9,427,217,52,777,777.0
342,20,22,9,333,491,41,606,606.0
343,20,8,1,289,203,36,526,526.0
344,21,2,2,188,618,23,342,342.0
345,21,25,2,116,274,15,211,211.0
346,21,9,9,571,487,70,1039,1039.0
347,21,29,6,253,567,31,460,460.0
348,21,24,9,246,494,30,448,448.0
349,21,3,9,333,456,41,606,606.0
350,21,30,2,347,154,43,631,631.0
351,21,15,2,694,571,85,1262,1262.0
352,21,26,6,318,536,39,579,579.0
353,21,16,1,261,189,32,475,475.0
354,21,17,1,232,385,29,422,422.0
355,21,1,1,123,409,15,224,224.0
356,21,5,2,224,639,28,408,408.0
357,21,20,3,420,366,51,764,764.0
358,21,6,6,615,209,75,1119,1119.0
359,21,10,5,109,274,14,199,199.0
360,21,27,9,174,662,22,317,317.0
361,21,13,7,622,341,76,1131,1131.0
362,21,8,1,159,173,20,290,290.0
363,22,16,9,571,663,70,1039,1039.0
364,22,27,8,109,604,14,199,199.0
365,22,3,8,477,621,58,868,868.0
366,22,24,2,644,155,79,1171,1171.0
367,22,2,4,333,231,41,606,606.0
368,22,11,9,340,425,42,619,619.0
369,22,13,5,672,281,82,1222,1222.0
370,22,5,6,261,710,32,475,475.0
371,22,8,8,391,182,48,711,711.0
372,22,20,9,282,643,35,513,513.0
373,22,30,9,102,696,13,186,186.0
374,22,4,2,680,519,83,1237,1237.0
375,22,18,4,701,370,85,1275,1275.0
376,22,21,9,181,621,22,330,330.0
377,22,14,6,333,656,41,606,606.0
378,22,6,1,123,693,15,224,224.0
379,22,10,5,680,481,83,1237,1237.0
380,22,17,3,282,519,35,513,513.0
381,22,12,5,521,482,64,948,948.0
382,22,25,5,420,463,51,764,764.0
383,22,9,1,701,271,85,1275,1275.0
384,23,24,8,275,335,34,500,500.0
385,23,3,1,716,684,87,1302,1302.0
386,23,17,8,542,294,66,986,986.0
387,23,11,9,593,164,72,1079,1079.0
388,23,9,8,318,542,39,579,579.0
389,23,1,4,253,706,31,460,460.0
390,23,25,7,485,566,59,882,882.0
391,23,20,1,80,681,10,146,146.0
392,23,13,6,383,358,47,697,697.0
393,23,28,8,434,726,53,790,790.0
394,23,22,3,304,548,37,553,553.0
395,23,10,4,398,203,49,724,724.0
396,23,29,5,102,545,13,186,186.0
397,24,14,9,441,614,54,802,802.0
398,24,26,1,535,658,65,973,973.0
399,24,23,3,210,335,26,382,382.0
400,24,19,2,513,249,63,933,933.0
401,24,1,7,557,571,68,1013,1013.0
402,24,18,1,239,336,29,435,435.0
403,24,10,8,232,719,29,422,422.0
404,24,13,8,672,290,82,1222,1222.0
405,24,29,1,694,650,85,1262,1262.0
406,24,15,5,80,395,10,146,146.0
407,24,28,5,557,519,68,1013,1013.0
408,24,22,3,289,373,36,526,526.0
409,24,21,8,239,183,29,435,435.0
410,24,3,7,87,201,11,159,159.0
411,24,6,7,427,259,52,777,777.0
412,24,4,8,564,274,69,1026,1026.0
413,24,27,3,593,539,72,1079,1079.0
414,25,2,5,716,186,87,1302,1302.0
415,25,14,7,434,166,53,790,790.0
416,25,15,6,174,179,22,317,317.0
417,25,12,9,709,566,86,1290,1290.0
418,25,16,1,326,652,40,593,593.0
419,25,21,7,239,288,29,435,435.0
420,25,6,8,87,570,11,159,159.0
421,25,18,1,123,460,15,224,224.0
422,25,24,8,347,532,43,631,631.0
423,25,26,6,658,323,80,1197,1197.0
424,25,10,5,355,366,44,646,646.0
425,25,7,3,571,298,70,1039,1039.0
426,25,9,9,347,434,43,631,631.0
427,25,13,3,564,567,69,1026,1026.0
428,25,28,5,73,450,9,133,133.0
429,25,20,6,174,446,22,317,317.0
430,25,30,1,398,481,49,724,724.0
431,25,3,4,499,490,61,908,908.0
432,25,5,5,282,618,35,513,513.0
433,25,8,4,318,373,39,579,579.0
434,26,23,8,701,564,85,1275,1275.0
435,26,29,5,174,573,22,317,317.0
436,26,18,6,123,317,15,224,224.0
437,26,22,4,550,550,67,1000,1000.0
438,26,11,8,470,487,57,855,855.0
439,26,1,1,196,729,24,357,357.0
440,26,12,3,550,458,67,1000,1000.0
441,26,8,3,593,685,72,1079,1079.0
442,26,3,1,434,497,53,790,790.0
443,26,25,3,383,440,47,697,697.0
444,26,7,1,578,589,71,1051,1051.0
445,26,21,1,362,723,44,659,659.0
446,26,4,3,427,463,52,777,777.0
447,26,16,4,600,472,73,1091,1091.0
448,26,13,5,521,335,64,948,948.0
449,26,2,2,275,249,34,500,500.0
450,26,28,8,586,341,72,1066,1066.0
451,26,6,6,694,367,85,1262,1262.0
452,27,15,9,412,576,50,750,750.0
453,27,2,4,535,639,65,973,973.0
454,27,3,8,369,477,45,671,671.0
455,27,20,8,636,199,78,1157,1157.0
456,27,21,4,622,536,76,1131,1131.0
457,27,25,3,528,458,64,960,960.0
458,27,4,5,571,440,70,1039,1039.0
459,27,26,4,456,490,56,830,830.0
460,27,16,1,615,604,75,1119,1119.0
461,27,18,8,405,431,50,737,737.0
462,27,6,7,528,558,64,960,960.0
463,27,30,9,571,462,70,1039,1039.0
464,27,24,4,224,423,28,408,408.0
465,27,28,6,282,164,35,513,513.0
466,27,14,3,167,399,21,304,304.0
467,27,8,8,275,653,34,500,500.0
468,27,12,9,636,322,78,1157,1157.0
469,27,19,8,528,230,64,960,960.0
470,27,10,7,615,331,75,1119,1119.0
471,28,26,4,246,290,30,448,448.0
472,28,19,2,550,599,67,1000,1000.0
473,28,18,6,261,420,32,475,475.0
474,28,17,2,261,215,32,475,475.0
475,28,23,4,376,431,46,684,684.0
476,28,6,1,398,538,49,724,724.0
477,28,30,6,239,642,29,435,435.0
478,28,1,1,217,668,27,395,395.0
479,28,2,7,513,171,63,933,933.0
480,28,13,7,709,479,86,1290,1290.0
481,28,9,5,383,706,47,697,697.0
482,28,5,6,152,726,19,277,277.0
483,28,10,5,485,344,59,882,882.0
484,28,4,8,217,650,27,395,395.0
485,28,14,5,282,282,35,513,513.0
486,28,8,6,694,531,85,1262,1262.0
487,29,20,5,73,498,9,133,133.0
488,29,28,4,340,515,42,619,619.0
489,29,8,6,311,634,38,566,566.0
490,29,1,6,672,436,82,1222,1222.0
491,29,5,8,542,167,66,986,986.0
492,29,15,1,550,414,67,1000,1000.0
493,29,12,5,571,203,70,1039,1039.0
494,29,26,4,535,677,65,973,973.0
495,29,27,7,369,180,45,671,671.0
496,29,17,9,521,225,64,948,948.0
497,29,18,3,542,576,66,986,986.0
498,29,24,2,658,345,80,1197,1197.0
499,29,11,4,261,255,32,475,475.0
500,29,16,2,203,469,25,370,370.0
501,29,9,5,521,385,64,948,948.0
502,29,10,9,246,450,30,448,448.0
503,30,10,4,138,279,17,251,251.0
504,30,4,1,80,379,10,146,146.0
505,30,15,2,716,555,87,1302,1302.0
506,30,8,9,224,423,28,408,408.0
507,30,23,9,224,252,28,408,408.0
508,30,3,6,333,212,41,606,606.0
509,30,1,9,297,411,36,540,540.0
510,30,29,9,615,726,75,1119,1119.0
511,30,5,8,109,658,14,199,199.0
512,30,19,8,210,427,26,382,382.0
513,30,27,1,499,481,61,908,908.0
514,30,26,3,246,725,30,448,448.0
515,30,9,1,232,171,29,422,422.0
516,30,13,4,506,393,62,920,920.0
517,30,28,9,246,399,30,448,448.0
518,30,18,2,369,393,45,671,671.0
519,30,2,7,261,333,32,475,475.0
COMMODITIES,400
0,4,23,71,49,121,722,1826.0
1,19,17,19,29,74,423,1119.0
2,19,20,24,44,76,648,1150.0
3,6,15,57,63,118,931,1774.0
4,16,29,49,44,93,659,1404.0
5,9,8,38,37,100,555,1506.0
6,11,6,49,63,105,943,1578.0
7,5,12,41,31,85,465,1287.0
8,5,9,74,52,112,777,1693.0
9,29,2,23,22,52,316,794.0
10,15,9,41,42,98,625,1471.0
11,6,2,20,33,86,484,1304.0
12,1,30,37,36,63,528,955.0
13,17,29,21,18,77,263,1169.0
14,26,2,58,67,112,992,1685.0
15,21,15,46,64,109,947,1646.0
16,2,16,45,39,95,571,1433.0
17,19,4,55,24,68,351,1029.0
18,22,5,59,50,87,750,1313.0
19,24,2,44,61,119,912,1799.0
20,27,15,40,22,71,320,1073.0
21,30,10,52,46,74,685,1113.0
22,20,25,56,38,92,558,1391.0
23,26,16,18,23,81,339,1228.0
24,25,19,53,30,78,441,1171.0
25,5,15,32,25,90,371,1357.0
26,11,4,62,62,114,924,1714.0
27,1,29,38,41,89,608,1339.0
28,13,6,43,28,67,418,1015.0
29,18,15,71,65,118,967,1784.0
30,22,13,18,35,88,511,1320.0
31,23,15,53,40,93,594,1398.0
32,25,28,37,57,79,854,1186.0
33,13,20,31,43,90,632,1353.0
34,4,19,34,26,83,384,1259.0
35,6,12,70,36,107,531,1605.0
36,23,30,28,46,106,681,1591.0
37,8,21,53,33,93,494,1395.0
38,18,30,48,40,85,600,1283.0
39,19,10,27,45,81,665,1227.0
40,17,6,57,16,73,230,1102.0
41,18,27,49,19,75,276,1125.0
42,21,24,30,59,97,877,1469.0
43,23,16,33,47,93,701,1407.0
44,12,28,34,43,85,644,1280.0
45,5,27,58,48,96,711,1440.0
46,23,3,61,36,88,539,1332.0
47,17,9,54,19,79,276,1193.0
48,9,16,19,56,122,834,1838.0
49,7,26,27,16,65,228,977.0
50,7,13,71,22,69,327,1048.0
51,9,18,28,45,102,663,1530.0
52,22,19,58,13,60,183,904.0
53,27,7,30,54,118,796,1777.0
54,8,14,34,28,81,419,1218.0
55,16,7,28,61,133,913,1999.0
56,2,29,52,41,83,611,1250.0
57,25,5,72,31,67,462,1012.0
58,17,14,44,49,99,727,1488.0
59,18,14,21,24,62,347,931.0
60,2,15,71,40,95,590,1438.0
61,7,18,53,39,100,583,1503.0
62,5,3,33,41,85,602,1289.0
63,20,9,38,26,75,386,1128.0
64,28,3,53,53,110,794,1656.0
65,11,18,54,48,104,714,1574.0
66,28,17,39,23,61,340,925.0
67,2,25,73,36,85,528,1289.0
68,9,28,54,37,82,547,1240.0
69,25,15,73,45,72,668,1091.0
70,1,14,51,46,103,685,1555.0
71,16,26,61,54,93,810,1404.0
72,7,27,53,39,58,577,871.0
73,25,27,70,32,95,466,1435.0
74,6,23,43,60,134,899,2010.0
75,8,26,29,46,72,678,1091.0
76,29,25,20,46,111,683,1671.0
77,18,4,17,30,63,448,956.0
78,27,16,37,71,145,1058,2189.0
79,17,20,37,44,104,658,1561.0
80,3,9,55,28,72,419,1091.0
81,23,2,58,50,84,738,1269.0
82,26,11,49,42,98,626,1478.0
83,4,21,30,51,86,754,1297.0
84,11,14,54,38,108,565,1621.0
85,17,11,61,56,127,838,1918.0
86,9,12,28,33,101,494,1525.0
87,2,5,30,28,85,420,1275.0
88,11,10,52,37,84,550,1273.0
89,2,19,73,38,65,565,977.0
90,12,20,50,46,100,680,1511.0
91,4,7,29,46,118,688,1780.0
92,13,19,71,51,114,756,1715.0
93,20,7,60,37,94,552,1416.0
94,10,4,49,26,62,388,944.0
95,18,2,36,46,93,680,1401.0
96,28,25,64,19,63,280,952.0
97,27,18,53,15,68,221,1025.0
98,23,21,39,36,103,537,1559.0
99,25,10,24,26,76,382,1146.0
100,22,28,50,47,94,695,1413.0
101,28,15,31,50,112,748,1682.0
102,23,4,74,58,106,867,1604.0
103,27,6,36,20,85,290,1277.0
104,24,9,74,60,118,886,1784.0
105,24,10,55,41,73,608,1107.0
106,4,27,45,62,113,923,1702.0
107,23,17,66,39,69,584,1043.0
108,30,11,48,56,111,833,1672.0
109,27,4,20,47,91,698,1366.0
110,30,1,18,58,102,864,1534.0
111,22,1,72,34,80,504,1201.0
112,30,5,62,49,67,730,1019.0
113,23,26,70,50,119,750,1796.0
114,12,19,66,47,108,699,1629.0
115,11,28,44,69,122,1023,1834.0
116,3,11,46,51,102,762,1541.0
117,24,30,72,31,66,459,1004.0
118,11,24,18,48,111,720,1679.0
119,28,26,51,39,78,583,1181.0
120,4,1,65,27,76,402,1154.0
121,28,19,44,36,77,536,1158.0
122,22,25,47,46,90,679,1351.0
123,23,7,36,52,119,772,1790.0
124,15,12,55,35,119,518,1788.0
125,28,13,69,28,78,411,1177.0
126,17,21,54,45,98,666,1481.0
127,24,19,38,34,91,501,1375.0
128,20,22,51,23,73,341,1097.0
129,23,6,69,38,84,560,1269.0
130,25,6,38,31,48,462,730.0
131,18,17,56,42,84,626,1264.0
132,4,9,47,41,77,608,1157.0
133,17,3,20,38,86,570,1300.0
134,1,23,68,24,77,350,1164.0
135,19,11,74,12,67,171,1011.0
136,1,26,24,47,88,698,1332.0
137,29,26,41,28,84,414,1261.0
138,5,10,69,57,101,850,1523.0
139,22,23,61,53,102,789,1536.0
140,12,14,40,26,80,381,1202.0
141,28,11,41,44,114,648,1718.0
142,19,23,17,47,84,695,1266.0
143,8,9,30,35,85,524,1278.0
144,21,28,61,40,75,590,1135.0
145,20,30,22,53,111,782,1670.0
146,3,17,62,24,73,360,1097.0
147,20,29,48,31,88,465,1320.0
148,12,24,60,41,73,611,1100.0
149,10,12,72,19,98,283,1478.0
150,1,3,18,20,75,294,1127.0
151,20,4,33,60,105,900,1577.0
152,26,28,52,36,72,530,1081.0
153,12,7,15,52,119,780,1794.0
154,6,11,33,37,63,541,947.0
155,7,15,70,33,88,488,1330.0
156,28,8,18,42,94,616,1422.0
157,29,10,38,16,55,237,834.0
158,16,19,59,42,106,630,1595.0
159,3,28,53,34,70,509,1052.0
160,21,1,67,31,56,462,840.0
161,12,1,43,41,79,612,1193.0
162,1,6,20,41,74,609,1110.0
163,24,5,20,49,95,730,1429.0
164,8,10,27,42,64,617,970.0
165,8,23,24,23,63,339,952.0
166,27,25,16,22,77,327,1156.0
167,24,11,71,32,93,478,1400.0
168,8,13,73,25,58,375,881.0
169,1,17,48,9,62,128,942.0
170,11,26,45,11,57,152,868.0
171,10,25,61,64,129,954,1941.0
172,11,29,72,35,101,514,1526.0
173,6,19,29,50,101,740,1517.0
174,26,24,15,54,123,798,1858.0
175,22,24,54,58,107,868,1607.0
176,6,4,25,32,48,476,732.0
177,22,11,45,47,87,705,1318.0
178,21,12,48,14,83,208,1253.0
179,28,2,19,37,88,555,1325.0
180,4,20,43,39,108,574,1625.0
181,26,3,70,59,98,885,1480.0
182,16,18,19,46,96,682,1454.0
183,6,25,24,24,82,358,1239.0
184,17,5,32,23,57,338,858.0
185,17,12,64,64,98,956,1482.0
186,22,9,42,41,90,601,1357.0
187,18,8,57,35,97,515,1455.0
188,1,20,33,48,90,706,1357.0
189,22,27,54,72,96,1077,1445.0
190,9,15,71,63,127,942,1909.0
191,2,22,65,19,83,273,1258.0
192,5,17,58,59,112,874,1687.0
193,4,16,22,28,95,418,1431.0
194,18,7,57,49,95,733,1438.0
195,14,5,37,37,88,553,1326.0
196,8,25,48,48,83,718,1255.0
197,22,17,44,69,116,1029,1744.0
198,8,24,68,45,97,665,1468.0
199,9,4,25,41,82,613,1243.0
200,23,27,40,45,103,664,1559.0
201,4,6,40,47,108,695,1630.0
202,20,23,20,56,113,833,1697.0
203,29,1,22,38,109,558,1637.0
204,29,17,49,55,81,818,1224.0
205,22,20,28,67,111,999,1678.0
206,9,17,15,47,103,692,1546.0
207,17,8,39,59,128,881,1928.0
208,12,25,32,64,96,952,1451.0
209,15,7,33,21,82,306,1239.0
210,2,11,40,36,108,539,1622.0
211,1,25,64,56,77,828,1159.0
212,7,12,24,26,94,388,1412.0
213,1,2,73,49,102,735,1544.0
214,22,16,25,59,122,871,1839.0
215,25,14,38,25,72,363,1091.0
216,30,16,58,21,96,315,1446.0
217,28,24,56,41,121,609,1820.0
218,4,24,63,45,107,672,1615.0
219,5,22,25,21,78,312,1181.0
220,18,6,46,39,62,578,931.0
221,24,17,51,49,102,733,1544.0
222,16,15,34,50,85,750,1287.0
223,25,13,19,23,74,340,1110.0
224,14,29,50,62,105,916,1577.0
225,30,20,24,52,101,778,1517.0
226,21,29,44,40,85,597,1276.0
227,2,1,45,42,111,630,1672.0
228,15,26,62,39,74,571,1122.0
229,1,22,28,39,107,577,1619.0
230,20,10,48,49,106,722,1591.0
231,14,3,24,43,91,642,1373.0
232,29,8,57,63,111,939,1665.0
233,14,10,15,43,95,643,1430.0
234,9,13,57,56,82,828,1242.0
235,6,17,33,24,72,354,1085.0
236,1,12,20,33,107,493,1614.0
237,29,23,50,39,99,576,1497.0
238,29,7,60,42,109,626,1638.0
239,14,18,21,38,69,562,1044.0
240,15,27,27,47,107,701,1613.0
241,5,14,48,43,107,633,1614.0
242,24,14,25,59,123,885,1854.0
243,16,4,51,47,99,705,1487.0
244,3,12,62,23,87,344,1307.0
245,22,18,24,46,104,677,1564.0
246,3,26,36,34,73,499,1109.0
247,26,19,34,31,87,463,1310.0
248,26,10,61,33,82,487,1239.0
249,14,23,73,64,128,949,1933.0
250,5,24,48,27,102,398,1531.0
251,15,16,66,54,91,803,1366.0
252,8,18,39,38,80,570,1203.0
253,25,2,68,67,112,993,1689.0
254,20,28,30,38,78,559,1173.0
255,14,22,66,43,117,631,1768.0
256,13,24,35,28,96,406,1446.0
257,28,22,16,49,121,728,1829.0
258,1,21,37,37,82,555,1234.0
259,29,14,51,13,77,191,1157.0
260,19,28,41,50,74,745,1116.0
261,13,27,49,45,106,664,1593.0
262,10,30,47,45,71,664,1074.0
263,4,2,53,6,66,83,1002.0
264,11,20,20,51,75,752,1131.0
265,12,11,60,19,63,285,948.0
266,26,25,39,52,99,766,1485.0
267,20,3,44,34,92,510,1380.0
268,30,4,62,23,45,343,686.0
269,3,2,55,56,128,839,1922.0
270,22,30,59,8,31,114,472.0
271,26,5,46,54,105,801,1585.0
272,3,15,28,47,105,697,1587.0
273,5,25,25,54,97,810,1461.0
274,3,23,54,36,100,534,1513.0
275,10,11,55,34,72,506,1085.0
276,17,22,56,31,105,454,1585.0
277,11,23,41,32,99,476,1487.0
278,7,5,60,54,117,798,1765.0
279,3,20,74,15,71,215,1074.0
280,29,6,38,36,82,531,1235.0
281,29,24,67,38,85,569,1288.0
282,4,8,50,46,104,681,1569.0
283,10,6,26,6,62,90,938.0
284,11,9,18,56,94,832,1419.0
285,5,28,71,41,77,615,1158.0
286,16,11,61,13,67,186,1012.0
287,2,12,28,57,117,852,1762.0
288,20,19,29,27,70,402,1054.0
289,27,13,41,36,74,534,1115.0
290,15,6,34,37,96,543,1450.0
291,14,2,50,55,99,822,1495.0
292,10,8,34,47,103,705,1555.0
293,18,24,49,19,82,275,1235.0
294,12,21,29,52,78,766,1179.0
295,17,1,26,23,80,342,1213.0
296,29,28,69,52,98,767,1475.0
297,9,10,56,46,76,689,1140.0
298,8,30,70,41,63,603,946.0
299,22,15,43,32,91,469,1374.0
300,13,16,25,50,120,750,1813.0
301,7,16,29,55,114,820,1713.0
302,17,18,61,20,68,297,1034.0
303,9,26,47,69,117,1022,1756.0
304,11,5,28,59,118,876,1775.0
305,5,1,22,66,129,989,1936.0
306,27,10,45,67,125,998,1878.0
307,17,26,39,45,103,668,1559.0
308,23,18,68,33,100,489,1512.0
309,21,20,24,64,107,957,1608.0
310,9,29,46,27,73,398,1095.0
311,7,1,52,44,94,651,1415.0
312,6,22,64,47,105,697,1581.0
313,30,17,21,41,97,609,1467.0
314,27,20,33,36,107,532,1610.0
315,3,1,19,50,87,749,1308.0
316,29,5,68,35,88,520,1328.0
317,2,23,19,42,95,619,1427.0
318,22,6,38,47,69,692,1047.0
319,1,10,47,21,62,305,936.0
320,23,25,67,36,87,539,1315.0
321,8,17,60,36,86,532,1304.0
322,22,2,40,47,93,691,1405.0
323,27,24,54,35,70,519,1050.0
324,8,3,65,36,96,529,1448.0
325,27,11,42,48,128,720,1932.0
326,6,13,17,47,94,705,1422.0
327,16,25,45,16,69,240,1038.0
328,11,27,16,36,99,527,1490.0
329,11,8,30,30,89,439,1346.0
330,16,21,61,47,82,704,1237.0
331,5,6,45,26,74,390,1113.0
332,8,28,62,40,55,586,837.0
333,11,16,53,42,97,622,1463.0
334,17,4,59,53,111,781,1667.0
335,6,3,22,38,90,560,1364.0
336,3,22,57,56,95,833,1430.0
337,24,6,22,40,91,600,1374.0
338,2,3,48,35,78,516,1176.0
339,13,25,57,22,49,318,746.0
340,30,14,30,15,86,223,1299.0
341,18,16,37,51,110,751,1659.0
342,22,21,64,30,58,441,880.0
343,13,7,23,31,81,452,1219.0
344,5,23,46,39,89,574,1347.0
345,15,21,74,51,90,757,1360.0
346,23,13,70,25,79,366,1185.0
347,17,24,20,34,81,497,1220.0
348,18,9,42,28,89,419,1340.0
349,10,28,18,60,114,887,1719.0
350,17,25,32,40,84,596,1264.0
351,7,24,27,29,74,421,1110.0
352,21,26,69,54,96,807,1453.0
353,22,7,36,41,103,609,1553.0
354,13,14,25,44,106,659,1598.0
355,29,13,58,54,107,796,1618.0
356,25,12,66,50,116,741,1740.0
357,26,17,21,50,97,739,1465.0
358,19,21,65,63,114,941,1711.0
359,22,29,19,37,98,541,1484.0
360,5,2,41,38,69,559,1040.0
361,21,2,35,41,70,605,1063.0
362,4,18,69,32,89,474,1343.0
363,11,12,53,48,102,706,1531.0
364,13,17,35,31,88,456,1334.0
365,16,6,50,37,97,555,1469.0
366,27,12,28,56,142,831,2143.0
367,24,21,45,38,79,561,1192.0
368,17,23,44,54,98,799,1478.0
369,22,10,42,42,80,619,1204.0
370,1,13,56,27,76,404,1153.0
371,3,13,54,28,47,417,713.0
372,4,15,18,42,114,625,1714.0
373,17,27,16,46,97,683,1464.0
374,14,6,45,39,84,571,1267.0
375,6,1,55,58,112,864,1686.0
376,16,27,20,29,85,430,1276.0
377,11,3,31,12,49,179,738.0
378,26,30,40,49,99,728,1492.0
379,27,9,35,27,96,391,1446.0
380,18,29,43,47,87,700,1314.0
381,16,30,67,38,79,558,1198.0
382,23,9,19,62,109,923,1643.0
383,28,10,43,64,118,950,1780.0
384,12,2,26,57,99,845,1486.0
385,17,19,45,42,87,620,1310.0
386,29,27,30,54,107,805,1605.0
387,4,10,25,48,95,711,1429.0
388,19,1,59,58,110,858,1654.0
389,14,16,64,18,68,260,1030.0
390,17,10,20,63,110,934,1653.0
391,10,5,20,26,68,379,1023.0
392,17,7,65,20,82,290,1230.0
393,16,23,34,55,89,821,1348.0
394,18,13,40,55,91,819,1376.0
395,29,18,51,59,127,883,1909.0
396,8,7,66,49,77,730,1167.0
397,13,15,44,52,98,777,1480.0
398,19,30,48,41,94,609,1424.0
399,28,16,36,53,119,785,1791.0
horizon=145
