NODES,30
1,1,-,-
2,2,-,-
3,3,-,-
4,4,-,-
5,5,-,-
6,6,-,-
7,7,-,-
8,8,-,-
9,9,-,-
10,10,-,-
11,11,-,-
12,12,-,-
13,13,-,-
14,14,-,-
15,15,-,-
16,16,-,-
17,17,-,-
18,18,-,-
19,19,-,-
20,20,-,-
21,21,-,-
22,22,-,-
23,23,-,-
24,24,-,-
25,25,-,-
26,26,-,-
27,27,-,-
28,28,-,-
29,29,-,-
30,30,-,-
ARCS,520
0,1,14,2,1431,464,174,2602,2602.0
1,1,16,6,373,490,46,679,679.0
2,1,4,8,358,181,44,651,651.0
3,1,17,9,909,267,111,1653,1653.0
4,1,30,6,492,595,60,895,895.0
5,1,24,7,1118,496,136,2033,2033.0
6,1,12,6,895,430,109,1628,1628.0
7,1,29,3,701,232,85,1275,1275.0
8,1,21,4,1267,206,154,2304,2304.0
9,1,10,4,641,452,78,1166,1166.0
10,1,9,7,1148,452,140,2088,2088.0
11,1,25,5,507,593,62,922,922.0
12,1,11,8,626,550,76,1139,1139.0
13,1,13,8,790,417,96,1437,1437.0
14,1,6,6,1327,702,161,2413,2413.0
15,1,5,5,880,242,107,1600,1600.0
16,1,18,9,731,461,89,1330,1330.0
17,2,18,4,150,401,19,273,273.0
18,2,20,8,1476,651,179,2684,2684.0
19,2,26,1,1312,207,160,2386,2386.0
20,2,23,8,954,623,116,1735,1735.0
21,2,12,6,1133,149,138,2060,2060.0
22,2,4,5,1178,552,143,2142,2142.0
23,2,15,5,403,477,49,733,733.0
24,2,30,9,760,458,93,1382,1382.0
25,2,10,9,269,615,33,490,490.0
26,2,14,4,701,554,85,1275,1275.0
27,2,21,9,850,409,104,1546,1546.0
28,2,11,9,1178,285,143,2142,2142.0
29,2,9,2,492,245,60,895,895.0
30,2,28,4,835,175,102,1519,1519.0
31,2,5,4,1371,606,167,2493,2493.0
32,3,10,7,1431,710,174,2602,2602.0
33,3,9,5,522,225,64,950,950.0
34,3,4,3,656,357,80,1193,1193.0
35,3,19,8,880,339,107,1600,1600.0
36,3,27,9,209,447,26,380,380.0
37,3,2,7,492,578,60,895,895.0
38,3,17,2,820,172,100,1491,1491.0
39,3,12,1,865,323,105,1573,1573.0
40,3,28,8,1058,285,129,1924,1924.0
41,3,11,6,388,547,48,706,706.0
42,3,26,2,1356,603,165,2466,2466.0
43,3,7,6,239,642,29,435,435.0
44,4,26,9,1267,289,154,2304,2304.0
45,4,13,2,1178,628,143,2142,2142.0
46,4,29,3,656,431,80,1193,1193.0
47,4,30,1,194,220,24,353,353.0
48,4,6,2,537,698,66,977,977.0
49,4,10,6,1446,241,176,2630,2630.0
50,4,7,5,433,425,53,788,788.0
51,4,15,5,939,210,114,1708,1708.0
52,4,5,1,611,323,75,1111,1111.0
53,4,12,7,1252,632,152,2277,2277.0
54,4,20,5,462,250,56,840,840.0
55,4,28,9,656,201,80,1193,1193.0
56,4,1,7,835,629,102,1519,1519.0
57,4,21,8,284,282,35,517,517.0
58,4,16,7,716,316,87,1302,1302.0
59,4,19,7,1416,651,172,2575,2575.0
60,4,23,3,626,323,76,1139,1139.0
61,4,17,5,150,532,19,273,273.0
62,5,27,2,269,289,33,490,490.0
63,5,13,2,1088,679,132,1979,1979.0
64,5,25,8,567,178,69,1031,1031.0
65,5,9,8,328,664,40,597,597.0
66,5,28,6,880,248,107,1600,1600.0
67,5,16,3,239,631,29,435,435.0
68,5,18,6,1401,730,170,2548,2548.0
69,5,3,8,1401,335,170,2548,2548.0
70,5,6,7,999,178,122,1817,1817.0
71,5,4,9,1401,704,170,2548,2548.0
72,5,23,6,656,628,80,1193,1193.0
73,5,22,7,686,179,84,1248,1248.0
74,5,1,2,790,509,96,1437,1437.0
75,5,14,1,507,304,62,922,922.0
76,5,24,5,1029,546,125,1871,1871.0
77,5,29,8,1118,591,136,2033,2033.0
78,5,21,7,477,543,58,868,868.0
79,5,11,6,150,406,19,273,273.0
80,5,12,4,820,365,100,1491,1491.0
81,5,8,8,1446,658,176,2630,2630.0
82,5,30,8,1356,346,165,2466,2466.0
83,6,30,4,1148,245,140,2088,2088.0
84,6,13,1,865,159,105,1573,1573.0
85,6,17,5,418,150,51,760,760.0
86,6,12,9,388,364,48,706,706.0
87,6,11,1,418,566,51,760,760.0
88,6,25,7,1222,730,149,2222,2222.0
89,6,8,5,150,647,19,273,273.0
90,6,10,2,1431,553,174,2602,2602.0
91,6,15,6,880,730,107,1600,1600.0
92,6,28,6,567,553,69,1031,1031.0
93,6,27,7,1133,354,138,2060,2060.0
94,6,18,8,433,417,53,788,788.0
95,6,20,9,790,204,96,1437,1437.0
96,6,5,1,194,197,24,353,353.0
97,6,23,6,731,313,89,1330,1330.0
98,6,2,5,671,553,82,1220,1220.0
99,6,19,4,209,362,26,380,380.0
100,6,29,2,1401,255,170,2548,2548.0
101,6,1,3,1282,568,156,2331,2331.0
102,6,21,5,1148,222,140,2088,2088.0
103,6,3,4,1058,661,129,1924,1924.0
104,6,9,1,805,562,98,1464,1464.0
105,6,7,3,1014,255,123,1844,1844.0
106,7,5,5,462,289,56,840,840.0
107,7,2,5,1461,464,178,2657,2657.0
108,7,6,1,1148,382,140,2088,2088.0
109,7,16,8,403,402,49,733,733.0
110,7,4,8,984,365,120,1790,1790.0
111,7,29,2,448,720,55,815,815.0
112,7,3,2,239,474,29,435,435.0
113,7,22,6,954,316,116,1735,1735.0
114,7,23,2,731,458,89,1330,1330.0
115,7,8,5,522,153,64,950,950.0
116,7,28,9,209,727,26,380,380.0
117,7,11,9,552,573,67,1004,1004.0
118,7,21,7,403,226,49,733,733.0
119,7,15,3,492,528,60,895,895.0
120,7,19,1,269,625,33,490,490.0
121,7,24,3,1133,722,138,2060,2060.0
122,7,14,5,448,349,55,815,815.0
123,7,25,8,343,156,42,624,624.0
124,7,30,5,984,395,120,1790,1790.0
125,7,26,2,239,323,29,435,435.0
126,8,11,4,1163,234,141,2115,2115.0
127,8,13,5,820,675,100,1491,1491.0
128,8,23,4,343,484,42,624,624.0
129,8,5,1,1342,549,163,2440,2440.0
130,8,21,6,671,220,82,1220,1220.0
131,8,17,6,1297,379,158,2359,2359.0
132,8,1,8,164,393,20,299,299.0
133,8,12,6,1342,418,163,2440,2440.0
134,8,15,2,865,382,105,1573,1573.0
135,8,2,5,418,609,51,760,760.0
136,8,22,6,507,402,62,922,922.0
137,8,27,8,895,335,109,1628,1628.0
138,8,20,8,641,666,78,1166,1166.0
139,8,3,4,284,324,35,517,517.0
140,9,3,9,835,641,102,1519,1519.0
141,9,26,9,1103,720,134,2006,2006.0
142,9,19,7,194,368,24,353,353.0
143,9,10,2,1178,433,143,2142,2142.0
144,9,17,7,388,175,48,706,706.0
145,9,11,4,358,484,44,651,651.0
146,9,6,3,775,572,94,1410,1410.0
147,9,14,1,1267,710,154,2304,2304.0
148,9,12,6,448,556,55,815,815.0
149,9,15,9,1058,436,129,1924,1924.0
150,9,13,3,775,409,94,1410,1410.0
151,9,30,5,209,340,26,380,380.0
152,9,7,9,597,461,73,1086,1086.0
153,9,23,2,686,250,84,1248,1248.0
154,9,20,3,611,601,75,1111,1111.0
155,10,8,2,299,509,37,544,544.0
156,10,21,5,1401,713,170,2548,2548.0
157,10,20,4,1446,610,176,2630,2630.0
158,10,27,1,865,471,105,1573,1573.0
159,10,30,9,835,292,102,1519,1519.0
160,10,5,7,597,203,73,1086,1086.0
161,10,24,5,462,207,56,840,840.0
162,10,18,8,299,251,37,544,544.0
163,10,28,4,954,157,116,1735,1735.0
164,10,11,5,284,418,35,517,517.0
165,10,25,8,239,553,29,435,435.0
166,10,22,5,224,648,28,408,408.0
167,10,3,8,597,266,73,1086,1086.0
168,10,16,8,1193,310,145,2170,2170.0
169,10,12,9,954,190,116,1735,1735.0
170,11,13,2,1282,298,156,2331,2331.0
171,11,3,9,313,528,38,570,570.0
172,11,2,4,462,301,56,840,840.0
173,11,12,5,239,714,29,435,435.0
174,11,7,7,1237,250,150,2250,2250.0
175,11,5,4,924,355,112,1680,1680.0
176,11,8,2,656,308,80,1193,1193.0
177,11,1,9,760,581,93,1382,1382.0
178,11,26,3,150,510,19,273,273.0
179,11,14,1,984,584,120,1790,1790.0
180,11,28,3,1386,631,168,2520,2520.0
181,11,21,5,522,506,64,950,950.0
182,11,18,5,1267,483,154,2304,2304.0
183,11,20,9,239,273,29,435,435.0
184,11,22,9,1178,620,143,2142,2142.0
185,11,29,2,358,254,44,651,651.0
186,11,17,8,701,698,85,1275,1275.0
187,11,10,7,1252,631,152,2277,2277.0
188,11,9,7,1312,283,160,2386,2386.0
189,11,24,4,313,704,38,570,570.0
190,12,4,4,433,453,53,788,788.0
191,12,26,2,984,379,120,1790,1790.0
192,12,5,2,1044,402,127,1899,1899.0
193,12,7,2,269,556,33,490,490.0
194,12,15,9,835,467,102,1519,1519.0
195,12,10,6,969,377,118,1762,1762.0
196,12,21,6,1118,420,136,2033,2033.0
197,12,1,2,969,475,118,1762,1762.0
198,12,16,3,1193,154,145,2170,2170.0
199,12,11,5,284,566,35,517,517.0
200,12,2,4,924,651,112,1680,1680.0
201,12,3,2,954,192,116,1735,1735.0
202,12,19,3,403,289,49,733,733.0
203,12,29,7,895,714,109,1628,1628.0
204,12,23,2,269,159,33,490,490.0
205,12,6,4,567,603,69,1031,1031.0
206,12,22,8,1058,527,129,1924,1924.0
207,12,14,9,239,651,29,435,435.0
208,12,27,4,671,439,82,1220,1220.0
209,12,17,9,671,615,82,1220,1220.0
210,13,27,5,746,607,91,1357,1357.0
211,13,2,4,492,390,60,895,895.0
212,13,5,5,1207,367,147,2195,2195.0
213,13,14,2,1446,695,176,2630,2630.0
214,13,23,2,552,292,67,1004,1004.0
215,13,7,3,1133,447,138,2060,2060.0
216,13,10,4,164,226,20,299,299.0
217,13,16,3,299,417,37,544,544.0
218,13,15,4,954,537,116,1735,1735.0
219,13,6,9,716,370,87,1302,1302.0
220,13,25,2,790,449,96,1437,1437.0
221,13,18,9,1342,549,163,2440,2440.0
222,13,11,6,760,704,93,1382,1382.0
223,14,11,7,358,307,44,651,651.0
224,14,5,3,254,191,31,462,462.0
225,14,13,7,1386,481,168,2520,2520.0
226,14,1,7,1073,289,131,1951,1951.0
227,14,3,4,835,600,102,1519,1519.0
228,14,28,1,209,225,26,380,380.0
229,14,16,4,909,204,111,1653,1653.0
230,14,25,8,924,433,112,1680,1680.0
231,14,26,2,1103,162,134,2006,2006.0
232,14,10,6,299,286,37,544,544.0
233,14,27,1,1461,513,178,2657,2657.0
234,14,29,3,1371,420,167,2493,2493.0
235,14,15,7,1312,149,160,2386,2386.0
236,14,22,8,1356,179,165,2466,2466.0
237,14,9,4,1222,289,149,2222,2222.0
238,14,8,5,686,229,84,1248,1248.0
239,14,21,8,1237,639,150,2250,2250.0
240,14,7,9,984,433,120,1790,1790.0
241,14,4,1,164,502,20,299,299.0
242,14,12,5,746,412,91,1357,1357.0
243,15,23,5,656,276,80,1193,1193.0
244,15,27,3,1312,595,160,2386,2386.0
245,15,25,4,820,280,100,1491,1491.0
246,15,1,5,1118,239,136,2033,2033.0
247,15,22,5,1058,474,129,1924,1924.0
248,15,9,7,582,509,71,1059,1059.0
249,15,4,9,1416,610,172,2575,2575.0
250,15,26,3,939,326,114,1708,1708.0
251,15,19,9,477,355,58,868,868.0
252,15,21,7,254,336,31,462,462.0
253,15,20,7,448,689,55,815,815.0
254,15,11,8,507,338,62,922,922.0
255,15,13,9,954,462,116,1735,1735.0
256,15,24,3,731,658,89,1330,1330.0
257,15,17,1,224,683,28,408,408.0
258,15,28,6,448,579,55,815,815.0
259,15,5,2,850,544,104,1546,1546.0
260,15,7,4,597,379,73,1086,1086.0
261,15,2,9,507,417,62,922,922.0
262,15,10,4,567,480,69,1031,1031.0
263,15,6,7,373,534,46,679,679.0
264,15,29,1,1073,720,131,1951,1951.0
265,16,24,9,313,336,38,570,570.0
266,16,26,1,1133,519,138,2060,2060.0
267,16,30,5,1163,637,141,2115,2115.0
268,16,28,8,522,428,64,950,950.0
269,16,27,4,1029,343,125,1871,1871.0
270,16,3,5,1014,635,123,1844,1844.0
271,16,11,8,239,338,29,435,435.0
272,16,25,9,1014,286,123,1844,1844.0
273,16,4,1,1431,676,174,2602,2602.0
274,16,9,6,1282,701,156,2331,2331.0
275,16,20,1,462,612,56,840,840.0
276,16,19,4,1073,258,131,1951,1951.0
277,16,10,3,313,458,38,570,570.0
278,16,8,4,1476,387,179,2684,2684.0
279,16,15,7,522,716,64,950,950.0
280,16,17,6,552,635,67,1004,1004.0
281,17,27,6,1252,673,152,2277,2277.0
282,17,19,1,716,172,87,1302,1302.0
283,17,15,5,775,423,94,1410,1410.0
284,17,24,1,1044,266,127,1899,1899.0
285,17,14,8,1222,588,149,2222,2222.0
286,17,4,5,611,351,75,1111,1111.0
287,17,10,2,820,505,100,1491,1491.0
288,17,9,8,254,349,31,462,462.0
289,17,7,8,239,673,29,435,435.0
290,17,11,9,820,518,100,1491,1491.0
291,18,10,6,224,575,28,408,408.0
292,18,17,9,984,184,120,1790,1790.0
293,18,16,9,1476,232,179,2684,2684.0
294,18,26,4,522,354,64,950,950.0
295,18,28,6,895,474,109,1628,1628.0
296,18,29,3,433,299,53,788,788.0
297,18,9,1,775,198,94,1410,1410.0
298,18,5,4,1163,332,141,2115,2115.0
299,18,12,5,567,494,69,1031,1031.0
300,18,11,7,909,503,111,1653,1653.0
301,18,1,1,984,191,120,1790,1790.0
302,18,20,1,1103,534,134,2006,2006.0
303,18,19,7,775,695,94,1410,1410.0
304,18,24,4,895,207,109,1628,1628.0
305,19,4,1,522,264,64,950,950.0
306,19,9,3,850,606,104,1546,1546.0
307,19,22,5,209,510,26,380,380.0
308,19,15,2,746,450,91,1357,1357.0
309,19,6,4,999,697,122,1817,1817.0
310,19,18,3,775,147,94,1410,1410.0
311,19,3,4,1103,660,134,2006,2006.0
312,19,26,5,969,483,118,1762,1762.0
313,19,21,6,1193,194,145,2170,2170.0
314,19,11,7,462,566,56,840,840.0
315,19,28,1,1178,175,143,2142,2142.0
316,19,20,7,671,493,82,1220,1220.0
317,19,27,3,343,626,42,624,624.0
318,19,1,5,1088,447,132,1979,1979.0
319,19,17,6,537,206,66,977,977.0
320,19,29,8,343,704,42,624,624.0
321,19,23,2,1029,445,125,1871,1871.0
322,19,25,8,1327,415,161,2413,2413.0
323,20,13,7,850,241,104,1546,1546.0
324,20,22,2,1118,194,136,2033,2033.0
325,20,18,5,760,512,93,1382,1382.0
326,20,4,3,1371,286,167,2493,2493.0
327,20,11,6,1446,582,176,2630,2630.0
328,20,10,1,462,414,56,840,840.0
329,20,12,2,492,670,60,895,895.0
330,20,25,2,1431,314,174,2602,2602.0
331,20,19,2,284,727,35,517,517.0
332,20,24,5,880,483,107,1600,1600.0
333,20,26,5,1118,269,136,2033,2033.0
334,20,6,7,731,670,89,1330,1330.0
335,20,27,7,746,222,91,1357,1357.0
336,20,21,6,313,673,38,570,570.0
337,20,30,7,179,163,22,326,326.0
338,20,7,3,299,204,37,544,544.0
339,20,29,6,1029,623,125,1871,1871.0
340,21,14,9,1148,719,140,2088,2088.0
341,21,2,9,537,282,66,977,977.0
342,21,30,8,1356,619,165,2466,2466.0
343,21,10,8,626,437,76,1139,1139.0
344,21,12,7,299,497,37,544,544.0
345,21,20,2,1327,616,161,2413,2413.0
346,21,25,8,1073,678,131,1951,1951.0
347,21,9,2,1401,553,170,2548,2548.0
348,21,28,6,686,307,84,1248,1248.0
349,21,24,6,1297,267,158,2359,2359.0
350,21,1,8,597,393,73,1086,1086.0
351,21,16,1,507,697,62,922,922.0
352,21,5,8,984,670,120,1790,1790.0
353,21,23,5,1044,585,127,1899,1899.0
354,22,23,9,716,685,87,1302,1302.0
355,22,3,2,433,609,53,788,788.0
356,22,1,3,1014,255,123,1844,1844.0
357,22,14,4,1073,234,131,1951,1951.0
358,22,28,9,1148,464,140,2088,2088.0
359,22,30,5,880,540,107,1600,1600.0
360,22,10,5,1118,244,136,2033,2033.0
361,22,15,4,1386,724,168,2520,2520.0
362,22,19,4,1222,483,149,2222,2222.0
363,22,24,4,284,595,35,517,517.0
364,22,13,1,1133,390,138,2060,2060.0
365,22,18,3,209,417,26,380,380.0
366,22,7,3,254,452,31,462,462.0
367,22,16,7,835,436,102,1519,1519.0
368,22,4,1,224,528,28,408,408.0
369,22,6,9,984,383,120,1790,1790.0
370,22,25,5,1014,519,123,1844,1844.0
371,22,21,4,999,562,122,1817,1817.0
372,22,2,6,701,467,85,1275,1275.0
373,22,27,1,746,642,91,1357,1357.0
374,23,11,5,1163,678,141,2115,2115.0
375,23,26,4,850,332,104,1546,1546.0
376,23,16,4,1118,622,136,2033,2033.0
377,23,12,6,1103,569,134,2006,2006.0
378,23,30,8,1356,556,165,2466,2466.0
379,23,22,3,1029,273,125,1871,1871.0
380,23,18,7,1252,689,152,2277,2277.0
381,23,9,8,999,647,122,1817,1817.0
382,23,2,1,909,527,111,1653,1653.0
383,23,4,5,164,228,20,299,299.0
384,23,3,1,939,292,114,1708,1708.0
385,23,19,7,224,335,28,408,408.0
386,23,27,3,1148,702,140,2088,2088.0
387,23,7,2,1327,442,161,2413,2413.0
388,23,10,1,850,600,104,1546,1546.0
389,23,21,1,1327,537,161,2413,2413.0
390,24,16,3,1476,730,179,2684,2684.0
391,24,14,6,820,175,100,1491,1491.0
392,24,26,2,1118,376,136,2033,2033.0
393,24,28,5,939,239,114,1708,1708.0
394,24,20,6,209,663,26,380,380.0
395,24,6,1,552,722,67,1004,1004.0
396,24,22,6,775,302,94,1410,1410.0
397,24,13,7,1461,660,178,2657,2657.0
398,24,12,3,343,442,42,624,624.0
399,24,9,3,299,389,37,544,544.0
400,24,25,4,1029,257,125,1871,1871.0
401,24,19,9,1237,424,150,2250,2250.0
402,24,8,4,746,258,91,1357,1357.0
403,24,23,4,1058,698,129,1924,1924.0
404,24,1,1,1356,173,165,2466,2466.0
405,24,17,5,1461,301,178,2657,2657.0
406,24,15,7,686,415,84,1248,1248.0
407,25,15,4,209,165,26,380,380.0
408,25,7,7,507,348,62,922,922.0
409,25,11,5,1133,522,138,2060,2060.0
410,25,28,4,1371,527,167,2493,2493.0
411,25,4,8,1386,194,168,2520,2520.0
412,25,6,3,582,669,71,1059,1059.0
413,25,13,4,164,179,20,299,299.0
414,25,23,4,194,447,24,353,353.0
415,25,9,7,1133,512,138,2060,2060.0
416,25,29,4,1282,332,156,2331,2331.0
417,25,16,8,194,203,24,353,353.0
418,25,24,2,522,496,64,950,950.0
419,25,1,8,254,241,31,462,462.0
420,25,30,6,254,719,31,462,462.0
421,25,27,4,1476,587,179,2684,2684.0
422,25,10,2,686,291,84,1248,1248.0
423,25,17,2,343,228,42,624,624.0
424,25,8,1,269,367,33,490,490.0
425,25,19,1,1207,587,147,2195,2195.0
426,25,26,3,954,537,116,1735,1735.0
427,25,14,8,716,182,87,1302,1302.0
428,25,3,6,954,638,116,1735,1735.0
429,26,7,3,284,566,35,517,517.0
430,26,12,6,716,720,87,1302,1302.0
431,26,29,1,179,319,22,326,326.0
432,26,18,6,448,185,55,815,815.0
433,26,2,9,1193,433,145,2170,2170.0
434,26,24,6,567,411,69,1031,1031.0
435,26,16,8,1193,619,145,2170,2170.0
436,26,17,5,299,692,37,544,544.0
437,26,4,3,1014,565,123,1844,1844.0
438,26,1,7,820,238,100,1491,1491.0
439,26,25,3,552,436,67,1004,1004.0
440,26,6,2,522,601,64,950,950.0
441,26,22,6,969,499,118,1762,1762.0
442,26,21,4,939,506,114,1708,1708.0
443,26,28,8,1312,730,160,2386,2386.0
444,26,27,2,1178,661,143,2142,2142.0
445,26,11,7,1356,212,165,2466,2466.0
446,26,3,2,1327,673,161,2413,2413.0
447,27,22,1,954,700,116,1735,1735.0
448,27,3,7,909,510,111,1653,1653.0
449,27,25,6,224,417,28,408,408.0
450,27,2,3,939,382,114,1708,1708.0
451,27,16,8,179,415,22,326,326.0
452,27,13,5,1297,638,158,2359,2359.0
453,27,15,1,731,661,89,1330,1330.0
454,27,26,7,880,238,107,1600,1600.0
455,27,30,4,1342,286,163,2440,2440.0
456,27,19,6,239,508,29,435,435.0
457,27,12,2,790,173,96,1437,1437.0
458,27,14,9,1356,714,165,2466,2466.0
459,27,7,7,701,540,85,1275,1275.0
460,27,10,4,656,275,80,1193,1193.0
461,27,5,2,1446,481,176,2630,2630.0
462,27,11,2,552,667,67,1004,1004.0
463,27,6,8,507,275,62,922,922.0
464,27,8,1,716,431,87,1302,1302.0
465,27,23,6,343,377,42,624,624.0
466,27,20,3,731,537,89,1330,1330.0
467,27,24,9,1237,610,150,2250,2250.0
468,27,28,4,552,474,67,1004,1004.0
469,28,24,7,716,213,87,1302,1302.0
470,28,26,7,760,546,93,1382,1382.0
471,28,19,8,1431,228,174,2602,2602.0
472,28,22,7,1088,537,132,1979,1979.0
473,28,5,3,1267,714,154,2304,2304.0
474,28,12,7,1476,571,179,2684,2684.0
475,28,17,5,1476,634,179,2684,2684.0
476,28,27,8,1014,424,123,1844,1844.0
477,28,14,2,388,311,48,706,706.0
478,28,13,8,1401,490,170,2548,2548.0
479,28,9,3,671,333,82,1220,1220.0
480,28,4,6,418,600,51,760,760.0
481,28,3,3,150,468,19,273,273.0
482,28,2,4,746,154,91,1357,1357.0
483,28,7,2,850,528,104,1546,1546.0
484,28,6,7,746,219,91,1357,1357.0
485,28,30,2,686,280,84,1248,1248.0
486,28,21,9,671,568,82,1220,1220.0
487,28,18,6,895,423,109,1628,1628.0
488,28,25,4,760,629,93,1382,1382.0
489,28,1,4,477,288,58,868,868.0
490,29,24,2,1282,434,156,2331,2331.0
491,29,21,4,805,223,98,1464,1464.0
492,29,7,5,492,239,60,895,895.0
493,29,8,8,731,705,89,1330,1330.0
494,29,10,9,731,311,89,1330,1330.0
495,29,27,3,954,229,116,1735,1735.0
496,29,19,6,611,383,75,1111,1111.0
497,29,28,7,969,267,118,1762,1762.0
498,29,15,3,924,549,112,1680,1680.0
499,29,11,8,194,150,24,353,353.0
500,29,9,8,1282,565,156,2331,2331.0
501,29,1,8,567,260,69,1031,1031.0
502,29,25,5,701,425,85,1275,1275.0
503,29,14,8,537,534,66,977,977.0
504,30,13,5,1148,395,140,2088,2088.0
505,30,20,7,1148,188,140,2088,2088.0
506,30,9,6,150,440,19,273,273.0
507,30,25,7,299,475,37,544,544.0
508,30,5,1,1133,241,138,2060,2060.0
509,30,24,2,1461,280,178,2657,2657.0
510,30,7,4,1461,176,178,2657,2657.0
511,30,19,3,820,642,100,1491,1491.0
512,30,27,2,1297,192,158,2359,2359.0
513,30,11,8,224,541,28,408,408.0
514,30,12,2,1416,187,172,2575,2575.0
515,30,28,8,895,324,109,1628,1628.0
516,30,1,2,179,338,22,326,326.0
517,30,23,7,954,187,116,1735,1735.0
518,30,21,4,1193,453,145,2170,2170.0
519,30,3,2,388,231,48,706,706.0
COMMODITIES,400
0,24,1,44,75,183,1120,2757.0
1,15,20,27,77,159,1147,2396.0
2,10,26,31,73,158,1084,2370.0
3,9,16,73,61,197,901,2956.0
4,21,22,71,71,199,1062,2999.0
5,18,11,46,88,190,1308,2853.0
6,6,5,41,97,163,1454,2445.0
7,9,14,21,57,185,851,2780.0
8,30,4,64,80,184,1190,2761.0
9,8,29,46,76,210,1130,3151.0
10,19,30,70,78,194,1169,2919.0
11,23,29,68,74,169,1102,2535.0
12,16,15,74,76,166,1131,2504.0
13,22,26,19,88,169,1319,2547.0
14,14,6,18,80,199,1198,2995.0
15,25,7,64,83,175,1233,2630.0
16,18,17,31,66,198,981,2984.0
17,11,15,27,78,214,1163,3223.0
18,10,30,43,71,161,1052,2419.0
19,7,25,40,48,127,708,1919.0
20,5,20,64,68,151,1011,2265.0
21,23,12,35,62,189,919,2844.0
22,22,25,72,80,186,1191,2796.0
23,22,8,30,66,192,983,2891.0
24,8,4,53,71,169,1054,2541.0
25,26,16,18,60,177,899,2662.0
26,1,11,55,66,178,984,2678.0
27,26,18,51,60,151,898,2272.0
28,16,3,31,88,192,1316,2891.0
29,5,4,25,84,208,1250,3126.0
30,27,29,24,54,162,798,2433.0
31,23,30,32,88,166,1313,2502.0
32,12,9,63,68,183,1019,2746.0
33,14,13,69,50,173,744,2600.0
34,20,17,56,84,212,1254,3182.0
35,29,19,67,75,184,1119,2768.0
36,20,3,69,83,184,1234,2761.0
37,26,2,56,72,206,1077,3104.0
38,26,22,37,48,177,718,2658.0
39,5,22,53,65,187,972,2812.0
40,16,4,16,58,174,861,2615.0
41,3,30,69,56,176,829,2640.0
42,6,30,48,62,189,929,2849.0
43,14,16,73,70,166,1038,2493.0
44,8,16,56,67,159,998,2397.0
45,15,28,24,72,164,1077,2463.0
46,2,23,62,55,168,815,2531.0
47,17,2,65,85,232,1262,3480.0
48,24,20,57,68,130,1015,1953.0
49,25,13,60,65,119,969,1786.0
50,27,3,61,67,183,994,2758.0
51,7,17,71,97,200,1443,3009.0
52,20,18,73,77,196,1155,2945.0
53,11,14,47,56,148,834,2231.0
54,14,10,18,64,139,950,2093.0
55,25,6,72,78,182,1168,2730.0
56,10,19,19,72,193,1078,2904.0
57,22,15,34,61,187,904,2819.0
58,9,13,56,76,189,1140,2848.0
59,16,26,20,73,160,1082,2404.0
60,28,20,20,39,164,576,2470.0
61,12,11,15,83,149,1245,2247.0
62,15,3,37,75,190,1124,2852.0
63,12,17,41,68,172,1011,2580.0
64,8,6,73,66,219,976,3292.0
65,14,4,23,80,144,1190,2162.0
66,20,19,69,88,163,1317,2458.0
67,24,22,35,63,190,938,2859.0
68,28,19,50,62,164,927,2460.0
69,5,25,28,70,160,1050,2412.0
70,20,10,57,76,167,1132,2506.0
71,17,21,19,80,189,1195,2847.0
72,21,3,32,77,220,1154,3300.0
73,14,11,56,55,140,822,2101.0
74,15,18,28,76,183,1136,2750.0
75,18,8,41,82,187,1229,2806.0
76,2,4,35,67,188,1000,2822.0
77,17,29,56,68,181,1010,2724.0
78,7,30,46,72,171,1078,2566.0
79,15,9,26,69,160,1028,2408.0
80,22,27,67,71,179,1060,2697.0
81,27,16,32,59,122,876,1832.0
82,17,1,40,42,153,620,2304.0
83,12,21,64,68,181,1013,2717.0
84,9,4,15,56,160,837,2411.0
85,21,8,24,68,219,1006,3295.0
86,23,25,69,62,172,922,2587.0
87,22,21,15,76,178,1140,2671.0
88,18,4,53,59,172,879,2587.0
89,16,11,27,55,113,824,1708.0
90,2,11,16,77,184,1152,2763.0
91,26,30,37,52,183,779,2754.0
92,12,16,32,64,180,948,2710.0
93,25,18,51,65,176,962,2643.0
94,26,23,24,88,210,1318,3151.0
95,19,14,69,54,190,810,2862.0
96,19,15,74,90,222,1344,3332.0
97,19,21,19,53,174,786,2615.0
98,28,30,23,73,174,1095,2617.0
99,22,30,72,76,160,1138,2405.0
100,13,3,39,62,184,929,2773.0
101,28,17,45,99,210,1474,3154.0
102,18,22,37,76,164,1138,2464.0
103,24,14,56,69,164,1024,2464.0
104,4,19,39,70,168,1041,2533.0
105,2,12,30,72,192,1072,2892.0
106,17,25,18,62,161,924,2425.0
107,26,21,35,80,202,1189,3039.0
108,29,24,54,58,164,865,2467.0
109,26,24,17,63,165,941,2485.0
110,21,1,35,49,168,729,2521.0
111,15,25,19,74,207,1096,3112.0
112,1,30,70,65,163,962,2457.0
113,21,17,39,79,211,1176,3171.0
114,29,22,46,70,208,1048,3122.0
115,16,17,62,73,173,1084,2605.0
116,12,24,21,65,175,974,2629.0
117,4,13,20,94,204,1405,3069.0
118,5,18,49,86,206,1283,3098.0
119,1,2,16,51,207,763,3111.0
120,5,8,61,82,208,1221,3121.0
121,15,10,44,62,169,922,2543.0
122,12,8,51,64,185,960,2778.0
123,19,24,38,80,170,1195,2560.0
124,23,24,49,61,185,906,2779.0
125,16,29,50,71,171,1056,2574.0
126,3,26,50,100,190,1488,2863.0
127,3,4,74,67,186,992,2794.0
128,3,6,51,85,210,1274,3151.0
129,4,24,52,82,219,1216,3297.0
130,19,7,20,90,184,1345,2773.0
131,29,20,57,86,166,1280,2504.0
132,26,14,25,56,173,827,2604.0
133,3,27,56,67,128,996,1921.0
134,13,25,53,62,145,927,2185.0
135,22,14,30,55,169,818,2542.0
136,13,20,44,56,175,835,2630.0
137,21,11,25,82,187,1222,2813.0
138,12,29,51,69,176,1035,2643.0
139,9,19,18,85,141,1265,2122.0
140,10,6,73,90,230,1338,3456.0
141,9,3,74,64,161,952,2417.0
142,5,17,29,79,191,1182,2866.0
143,30,25,22,56,128,837,1934.0
144,20,11,22,70,145,1036,2179.0
145,7,27,45,95,172,1413,2591.0
146,28,27,70,68,143,1006,2158.0
147,27,25,25,84,137,1255,2063.0
148,22,4,26,60,115,890,1732.0
149,12,15,60,54,178,803,2673.0
150,3,15,58,71,178,1053,2671.0
151,22,2,54,78,184,1169,2767.0
152,19,5,16,57,202,852,3031.0
153,5,14,23,88,187,1308,2810.0
154,30,21,35,69,191,1026,2871.0
155,12,3,38,65,161,961,2421.0
156,26,9,37,78,179,1158,2686.0
157,5,1,36,53,176,786,2651.0
158,16,21,17,70,199,1043,2995.0
159,8,1,33,61,113,911,1698.0
160,2,20,55,74,202,1101,3032.0
161,20,15,62,56,172,826,2590.0
162,14,19,69,68,187,1006,2816.0
163,3,2,52,86,173,1282,2604.0
164,22,11,69,49,170,729,2552.0
165,30,14,20,82,208,1222,3134.0
166,3,16,22,72,150,1074,2261.0
167,9,17,48,55,136,823,2045.0
168,25,30,17,65,122,973,1839.0
169,27,22,42,60,154,891,2315.0
170,16,12,30,84,175,1249,2637.0
171,1,20,39,71,207,1060,3116.0
172,27,19,25,60,135,896,2032.0
173,30,9,46,61,114,903,1712.0
174,6,11,29,54,134,806,2014.0
175,6,4,30,72,187,1078,2817.0
176,22,28,65,79,171,1185,2575.0
177,9,15,37,72,192,1066,2894.0
178,28,6,25,64,187,953,2809.0
179,15,4,72,70,210,1036,3162.0
180,14,2,35,75,210,1113,3158.0
181,19,3,61,66,173,986,2596.0
182,16,28,71,61,162,912,2433.0
183,21,9,25,58,221,865,3326.0
184,14,26,40,77,178,1150,2671.0
185,18,9,50,51,182,759,2740.0
186,15,14,32,70,194,1036,2921.0
187,22,29,28,84,188,1247,2833.0
188,9,12,19,61,146,914,2197.0
189,10,15,47,59,152,872,2284.0
190,22,3,36,62,152,922,2280.0
191,16,2,50,73,197,1087,2962.0
192,30,6,50,65,207,969,3115.0
193,24,6,68,66,163,984,2450.0
194,26,7,21,66,122,987,1833.0
195,12,5,69,68,161,1018,2419.0
196,26,17,36,66,141,979,2118.0
197,22,1,66,74,173,1108,2599.0
198,22,6,44,65,200,974,3014.0
199,12,2,30,61,181,903,2721.0
200,2,15,33,95,179,1423,2699.0
201,23,9,19,64,159,956,2395.0
202,16,1,31,78,216,1164,3240.0
203,11,19,21,75,180,1114,2705.0
204,22,9,41,68,176,1009,2641.0
205,5,3,38,83,164,1236,2462.0
206,19,18,73,72,164,1069,2464.0
207,6,26,36,74,168,1097,2530.0
208,10,2,20,58,179,864,2695.0
209,6,24,44,68,177,1010,2658.0
210,6,8,74,73,125,1085,1885.0
211,4,9,36,84,166,1257,2497.0
212,28,23,61,85,201,1269,3017.0
213,20,29,43,60,171,896,2570.0
214,4,26,50,80,173,1188,2596.0
215,21,25,20,66,199,986,2996.0
216,12,1,28,89,225,1327,3385.0
217,24,2,37,67,231,993,3477.0
218,11,26,71,70,134,1036,2017.0
219,16,18,38,72,184,1078,2769.0
220,23,4,28,81,137,1205,2066.0
221,16,10,55,60,129,892,1941.0
222,14,5,30,86,146,1278,2196.0
223,12,18,72,80,221,1198,3321.0
224,3,17,70,65,195,968,2935.0
225,19,1,41,88,220,1320,3313.0
226,16,30,69,76,188,1129,2824.0
227,9,11,21,67,145,1000,2182.0
228,17,28,28,81,175,1215,2634.0
229,10,18,36,91,163,1355,2456.0
230,19,17,23,59,166,885,2503.0
231,3,9,31,75,173,1121,2595.0
232,20,16,23,55,177,822,2666.0
233,11,10,54,51,174,759,2615.0
234,3,10,31,79,205,1173,3089.0
235,19,27,74,53,133,792,2004.0
236,19,22,36,75,121,1122,1820.0
237,2,5,29,69,214,1024,3218.0
238,11,27,18,72,167,1080,2505.0
239,21,5,69,74,205,1103,3084.0
240,6,15,65,50,196,738,2947.0
241,18,16,60,83,202,1241,3030.0
242,29,12,52,80,162,1196,2443.0
243,21,2,33,83,186,1232,2799.0
244,30,23,44,71,174,1055,2618.0
245,14,9,73,70,165,1041,2488.0
246,1,3,48,80,220,1197,3308.0
247,2,24,62,77,204,1146,3062.0
248,29,1,34,57,163,854,2459.0
249,28,26,50,58,177,870,2656.0
250,29,14,42,55,155,814,2332.0
251,20,28,56,63,157,937,2355.0
252,12,14,39,69,133,1030,2005.0
253,3,20,34,59,173,885,2600.0
254,20,4,32,91,209,1365,3140.0
255,25,26,65,77,194,1151,2921.0
256,4,1,63,40,116,587,1748.0
257,21,20,40,79,211,1182,3172.0
258,3,28,73,53,155,790,2331.0
259,28,5,37,54,170,801,2562.0
260,28,4,34,74,154,1108,2311.0
261,30,27,50,79,179,1174,2688.0
262,6,27,29,70,158,1039,2383.0
263,17,10,74,66,204,989,3063.0
264,17,15,32,69,191,1034,2872.0
265,6,18,40,78,174,1163,2618.0
266,27,5,20,72,184,1078,2760.0
267,27,18,17,63,169,936,2545.0
268,24,29,41,74,210,1108,3159.0
269,3,18,46,73,180,1094,2705.0
270,10,23,70,60,146,897,2192.0
271,13,4,17,74,183,1099,2757.0
272,9,8,54,86,221,1286,3327.0
273,10,24,20,69,161,1027,2429.0
274,5,24,56,84,168,1251,2528.0
275,8,25,28,81,204,1204,3070.0
276,14,20,26,73,183,1089,2746.0
277,3,1,51,80,196,1199,2945.0
278,15,12,63,67,163,1003,2453.0
279,12,7,62,71,138,1060,2084.0
280,19,29,37,56,131,833,1966.0
281,25,11,40,60,151,900,2277.0
282,16,20,16,83,175,1245,2638.0
283,25,15,70,65,120,973,1811.0
284,22,16,71,68,181,1019,2720.0
285,12,13,33,71,186,1065,2790.0
286,2,7,60,66,194,980,2914.0
287,10,9,70,49,155,722,2327.0
288,6,16,41,78,166,1159,2491.0
289,22,13,39,68,202,1014,3039.0
290,18,30,46,83,205,1233,3083.0
291,21,18,36,75,193,1123,2900.0
292,11,17,37,95,173,1417,2599.0
293,17,7,59,79,145,1171,2181.0
294,2,16,50,86,199,1281,2996.0
295,20,1,52,69,158,1024,2380.0
296,24,8,67,91,213,1363,3201.0
297,26,27,57,67,194,992,2922.0
298,18,12,64,71,175,1065,2632.0
299,28,22,46,77,210,1142,3151.0
300,1,7,64,84,211,1259,3179.0
301,10,11,55,63,140,933,2101.0
302,10,4,25,69,160,1021,2400.0
303,1,13,54,89,200,1328,3014.0
304,2,17,74,58,169,865,2536.0
305,3,25,30,72,166,1069,2504.0
306,10,3,43,53,153,791,2300.0
307,3,7,37,75,136,1118,2052.0
308,13,9,57,96,234,1432,3520.0
309,13,22,20,63,155,933,2337.0
310,21,23,36,64,175,952,2633.0
311,9,7,53,57,157,851,2361.0
312,2,27,20,56,214,833,3222.0
313,18,14,68,61,192,907,2884.0
314,18,29,48,52,136,775,2040.0
315,16,6,27,83,216,1245,3248.0
316,3,13,58,59,171,883,2571.0
317,19,12,53,83,205,1243,3083.0
318,12,27,23,70,187,1046,2809.0
319,19,25,66,81,180,1209,2710.0
320,26,5,60,69,195,1029,2929.0
321,10,22,26,72,142,1070,2134.0
322,7,23,50,80,184,1194,2765.0
323,13,7,69,74,189,1096,2847.0
324,2,14,15,70,192,1047,2888.0
325,5,2,28,55,163,812,2457.0
326,21,30,56,74,219,1110,3295.0
327,3,19,49,70,151,1041,2276.0
328,6,21,44,62,185,924,2776.0
329,2,9,36,85,181,1262,2721.0
330,20,14,36,66,183,980,2758.0
331,18,24,61,63,176,943,2650.0
332,28,3,38,80,139,1197,2090.0
333,16,19,70,93,220,1395,3310.0
334,18,27,51,63,217,938,3258.0
335,19,6,67,84,220,1255,3302.0
336,28,7,47,78,156,1160,2351.0
337,15,1,74,52,165,766,2476.0
338,9,22,52,88,170,1314,2560.0
339,15,11,33,77,176,1147,2647.0
340,29,17,61,47,155,691,2328.0
341,7,16,53,64,147,949,2214.0
342,30,5,46,62,213,927,3201.0
343,3,14,22,67,195,992,2937.0
344,7,8,36,71,165,1055,2478.0
345,23,11,26,73,175,1095,2636.0
346,4,25,35,86,184,1289,2767.0
347,15,30,42,61,171,902,2576.0
348,25,16,68,67,116,1004,1741.0
349,29,9,38,77,207,1151,3112.0
350,7,21,54,78,156,1160,2346.0
351,29,10,58,74,190,1103,2864.0
352,1,16,15,73,157,1092,2367.0
353,25,22,42,85,196,1268,2943.0
354,22,19,20,95,195,1412,2931.0
355,30,17,27,73,176,1094,2649.0
356,26,6,72,59,150,874,2264.0
357,22,12,22,63,170,933,2564.0
358,18,7,29,58,178,867,2676.0
359,27,28,71,84,196,1253,2946.0
360,16,5,42,77,225,1149,3383.0
361,25,10,30,84,151,1246,2278.0
362,13,23,60,87,182,1304,2731.0
363,5,23,20,73,184,1081,2771.0
364,7,5,62,99,175,1482,2633.0
365,30,3,23,54,129,805,1948.0
366,15,19,65,62,159,916,2385.0
367,19,28,30,61,170,912,2555.0
368,7,18,68,62,174,919,2623.0
369,27,6,25,74,165,1106,2488.0
370,19,11,22,68,155,1016,2326.0
371,9,21,40,72,218,1069,3281.0
372,3,11,33,88,173,1320,2604.0
373,7,2,35,66,187,980,2811.0
374,20,6,20,60,190,898,2858.0
375,14,22,44,54,157,804,2358.0
376,9,24,65,80,191,1200,2879.0
377,6,25,32,41,166,609,2503.0
378,26,3,55,78,189,1169,2846.0
379,28,2,47,48,168,707,2524.0
380,1,27,46,69,234,1029,3511.0
381,20,23,27,74,189,1098,2835.0
382,24,17,25,78,189,1161,2836.0
383,7,19,31,78,147,1170,2214.0
384,24,12,56,97,175,1445,2632.0
385,7,26,40,92,164,1367,2470.0
386,8,30,57,79,187,1171,2818.0
387,25,23,59,75,149,1111,2236.0
388,8,18,58,65,164,972,2469.0
389,27,14,22,67,208,1005,3125.0
390,18,15,71,57,180,849,2702.0
391,6,28,46,62,165,928,2478.0
392,25,9,48,51,138,752,2074.0
393,29,3,68,65,169,968,2536.0
394,27,10,36,74,173,1108,2596.0
395,24,23,59,56,167,831,2508.0
396,22,7,38,78,148,1169,2230.0
397,15,17,24,82,144,1220,2160.0
398,3,22,21,60,180,894,2704.0
399,6,9,68,50,150,738,2260.0
horizon=234
