NODES,30
1,1,-,-
2,2,-,-
3,3,-,-
4,4,-,-
5,5,-,-
6,6,-,-
7,7,-,-
8,8,-,-
9,9,-,-
10,10,-,-
11,11,-,-
12,12,-,-
13,13,-,-
14,14,-,-
15,15,-,-
16,16,-,-
17,17,-,-
18,18,-,-
19,19,-,-
20,20,-,-
21,21,-,-
22,22,-,-
23,23,-,-
24,24,-,-
25,25,-,-
26,26,-,-
27,27,-,-
28,28,-,-
29,29,-,-
30,30,-,-
ARCS,520
0,1,14,2,1431,464,174,2602,2602.0
1,1,16,6,373,490,46,679,679.0
2,1,4,8,358,181,44,651,651.0
3,1,17,9,909,267,111,1653,1653.0
4,1,30,6,492,595,60,895,895.0
5,1,24,7,1118,496,136,2033,2033.0
6,1,12,6,895,430,109,1628,1628.0
7,1,29,3,701,232,85,1275,1275.0
8,1,21,4,1267,206,154,2304,2304.0
9,1,10,4,641,452,78,1166,1166.0
10,1,9,7,1148,452,140,2088,2088.0
11,1,25,5,507,593,62,922,922.0
12,1,11,8,626,550,76,1139,1139.0
13,1,13,8,790,417,96,1437,1437.0
14,1,6,6,1327,702,161,2413,2413.0
15,1,5,5,880,242,107,1600,1600.0
16,1,18,9,731,461,89,1330,1330.0
17,2,18,4,150,401,19,273,273.0
18,2,20,8,1476,651,179,2684,2684.0
19,2,26,1,1312,207,160,2386,2386.0
20,2,23,8,954,623,116,1735,1735.0
21,2,12,6,1133,149,138,2060,2060.0
22,2,4,5,1178,552,143,2142,2142.0
23,2,15,5,403,477,49,733,733.0
24,2,30,9,760,458,93,1382,1382.0
25,2,10,9,269,615,33,490,490.0
26,2,14,4,701,554,85,1275,1275.0
27,2,21,9,850,409,104,1546,1546.0
28,2,11,9,1178,285,143,2142,2142.0
29,2,9,2,492,245,60,895,895.0
30,2,28,4,835,175,102,1519,1519.0
31,2,5,4,1371,606,167,2493,2493.0
32,3,10,7,1431,710,174,2602,2602.0
33,3,9,5,522,225,64,950,950.0
34,3,4,3,656,357,80,1193,1193.0
35,3,19,8,880,339,107,1600,1600.0
36,3,27,9,209,447,26,380,380.0
37,3,2,7,492,578,60,895,895.0
38,3,17,2,820,172,100,1491,1491.0
39,3,12,1,865,323,105,1573,1573.0
40,3,28,8,1058,285,129,1924,1924.0
41,3,11,6,388,547,48,706,706.0
42,3,26,2,1356,603,165,2466,2466.0
43,3,7,6,239,642,29,435,435.0
44,4,26,9,1267,289,154,2304,2304.0
45,4,13,2,1178,628,143,2142,2142.0
46,4,29,3,656,431,80,1193,1193.0
47,4,30,1,194,220,24,353,353.0
48,4,6,2,537,698,66,977,977.0
49,4,10,6,1446,241,176,2630,2630.0
50,4,7,5,433,425,53,788,788.0
51,4,15,5,939,210,114,1708,1708.0
52,4,5,1,611,323,75,1111,1111.0
53,4,12,7,1252,632,152,2277,2277.0
54,4,20,5,462,250,56,840,840.0
55,4,28,9,656,201,80,1193,1193.0
56,4,1,7,835,629,102,1519,1519.0
57,4,21,8,284,282,35,517,517.0
58,4,16,7,716,316,87,1302,1302.0
59,4,19,7,1416,651,172,2575,2575.0
60,4,23,3,626,323,76,1139,1139.0
61,4,17,5,150,532,19,273,273.0
62,5,27,2,269,289,33,490,490.0
63,5,13,2,1088,679,132,1979,1979.0
64,5,25,8,567,178,69,1031,1031.0
65,5,9,8,328,664,40,597,597.0
66,5,28,6,880,248,107,1600,1600.0
67,5,16,3,239,631,29,435,435.0
68,5,18,6,1401,730,170,2548,2548.0
69,5,3,8,1401,335,170,2548,2548.0
70,5,6,7,999,178,122,1817,1817.0
71,5,4,9,1401,704,170,2548,2548.0
72,5,23,6,656,628,80,1193,1193.0
73,5,22,7,686,179,84,1248,1248.0
74,5,1,2,790,509,96,1437,1437.0
75,5,14,1,507,304,62,922,922.0
76,5,24,5,1029,546,125,1871,1871.0
77,5,29,8,1118,591,136,2033,2033.0
78,5,21,7,477,543,58,868,868.0
79,5,11,6,150,406,19,273,273.0
80,5,12,4,820,365,100,1491,1491.0
81,5,8,8,1446,658,176,2630,2630.0
82,5,30,8,1356,346,165,2466,2466.0
83,6,30,4,1148,245,140,2088,2088.0
84,6,13,1,865,159,105,1573,1573.0
85,6,17,5,418,150,51,760,760.0
86,6,12,9,388,364,48,706,706.0
87,6,11,1,418,566,51,760,760.0
88,6,25,7,1222,730,149,2222,2222.0
89,6,8,5,150,647,19,273,273.0
90,6,10,2,1431,553,174,2602,2602.0
91,6,15,6,880,730,107,1600,1600.0
92,6,28,6,567,553,69,1031,1031.0
93,6,27,7,1133,354,138,2060,2060.0
94,6,18,8,433,417,53,788,788.0
95,6,20,9,790,204,96,1437,1437.0
96,6,5,1,194,197,24,353,353.0
97,6,23,6,731,313,89,1330,1330.0
98,6,2,5,671,553,82,1220,1220.0
99,6,19,4,209,362,26,380,380.0
100,6,29,2,1401,255,170,2548,2548.0
101,6,1,3,1282,568,156,2331,2331.0
102,6,21,5,1148,222,140,2088,2088.0
103,6,3,4,1058,661,129,1924,1924.0
104,6,9,1,805,562,98,1464,1464.0
105,6,7,3,1014,255,123,1844,1844.0
106,7,5,5,462,289,56,840,840.0
107,7,2,5,1461,464,178,2657,2657.0
108,7,6,1,1148,382,140,2088,2088.0
109,7,16,8,403,402,49,733,733.0
110,7,4,8,984,365,120,1790,1790.0
111,7,29,2,448,720,55,815,815.0
112,7,3,2,239,474,29,435,435.0
113,7,22,6,954,316,116,1735,1735.0
114,7,23,2,731,458,89,1330,1330.0
115,7,8,5,522,153,64,950,950.0
116,7,28,9,209,727,26,380,380.0
117,7,11,9,552,573,67,1004,1004.0
118,7,21,7,403,226,49,733,733.0
119,7,15,3,492,528,60,895,895.0
120,7,19,1,269,625,33,490,490.0
121,7,24,3,1133,722,138,2060,2060.0
122,7,14,5,448,349,55,815,815.0
123,7,25,8,343,156,42,624,624.0
124,7,30,5,984,395,120,1790,1790.0
125,7,26,2,239,323,29,435,435.0
126,8,11,4,1163,234,141,2115,2115.0
127,8,13,5,820,675,100,1491,1491.0
128,8,23,4,343,484,42,624,624.0
129,8,5,1,1342,549,163,2440,2440.0
130,8,21,6,671,220,82,1220,1220.0
131,8,17,6,1297,379,158,2359,2359.0
132,8,1,8,164,393,20,299,299.0
133,8,12,6,1342,418,163,2440,2440.0
134,8,15,2,865,382,105,1573,1573.0
135,8,2,5,418,609,51,760,760.0
136,8,22,6,507,402,62,922,922.0
137,8,27,8,895,335,109,1628,1628.0
138,8,20,8,641,666,78,1166,1166.0
139,8,3,4,284,324,35,517,517.0
140,9,3,9,835,641,102,1519,1519.0
141,9,26,9,1103,720,134,2006,2006.0
142,9,19,7,194,368,24,353,353.0
143,9,10,2,1178,433,143,2142,2142.0
144,9,17,7,388,175,48,706,706.0
145,9,11,4,358,484,44,651,651.0
146,9,6,3,775,572,94,1410,1410.0
147,9,14,1,1267,710,154,2304,2304.0
148,9,12,6,448,556,55,815,815.0
149,9,15,9,1058,436,129,1924,1924.0
150,9,13,3,775,409,94,1410,1410.0
151,9,30,5,209,340,26,380,380.0
152,9,7,9,597,461,73,1086,1086.0
153,9,23,2,686,250,84,1248,1248.0
154,9,20,3,611,601,75,1111,1111.0
155,10,8,2,299,509,37,544,544.0
156,10,21,5,1401,713,170,2548,2548.0
157,10,20,4,1446,610,176,2630,2630.0
158,10,27,1,865,471,105,1573,1573.0
159,10,30,9,835,292,102,1519,1519.0
160,10,5,7,597,203,73,1086,1086.0
161,10,24,5,462,207,56,840,840.0
162,10,18,8,299,251,37,544,544.0
163,10,28,4,954,157,116,1735,1735.0
164,10,11,5,284,418,35,517,517.0
165,10,25,8,239,553,29,435,435.0
166,10,22,5,224,648,28,408,408.0
167,10,3,8,597,266,73,1086,1086.0
168,10,16,8,1193,310,145,2170,2170.0
169,10,12,9,954,190,116,1735,1735.0
170,11,13,2,1282,298,156,2331,2331.0
171,11,3,9,313,528,38,570,570.0
172,11,2,4,462,301,56,840,840.0
173,11,12,5,239,714,29,435,435.0
174,11,7,7,1237,250,150,2250,2250.0
175,11,5,4,924,355,112,1680,1680.0
176,11,8,2,656,308,80,1193,1193.0
177,11,1,9,760,581,93,1382,1382.0
178,11,26,3,150,510,19,273,273.0
179,11,14,1,984,584,120,1790,1790.0
180,11,28,3,1386,631,168,2520,2520.0
181,11,21,5,522,506,64,950,950.0
182,11,18,5,1267,483,154,2304,2304.0
183,11,20,9,239,273,29,435,435.0
184,11,22,9,1178,620,143,2142,2142.0
185,11,29,2,358,254,44,651,651.0
186,11,17,8,701,698,85,1275,1275.0
187,11,10,7,1252,631,152,2277,2277.0
188,11,9,7,1312,283,160,2386,2386.0
189,11,24,4,313,704,38,570,570.0
190,12,4,4,433,453,53,788,788.0
191,12,26,2,984,379,120,1790,1790.0
192,12,5,2,1044,402,127,1899,1899.0
193,12,7,2,269,556,33,490,490.0
194,12,15,9,835,467,102,1519,1519.0
195,12,10,6,969,377,118,1762,1762.0
196,12,21,6,1118,420,136,2033,2033.0
197,12,1,2,969,475,118,1762,1762.0
198,12,16,3,1193,154,145,2170,2170.0
199,12,11,5,284,566,35,517,517.0
200,12,2,4,924,651,112,1680,1680.0
201,12,3,2,954,192,116,1735,1735.0
202,12,19,3,403,289,49,733,733.0
203,12,29,7,895,714,109,1628,1628.0
204,12,23,2,269,159,33,490,490.0
205,12,6,4,567,603,69,1031,1031.0
206,12,22,8,1058,527,129,1924,1924.0
207,12,14,9,239,651,29,435,435.0
208,12,27,4,671,439,82,1220,1220.0
209,12,17,9,671,615,82,1220,1220.0
210,13,27,5,746,607,91,1357,1357.0
211,13,2,4,492,390,60,895,895.0
212,13,5,5,1207,367,147,2195,2195.0
213,13,14,2,1446,695,176,2630,2630.0
214,13,23,2,552,292,67,1004,1004.0
215,13,7,3,1133,447,138,2060,2060.0
216,13,10,4,164,226,20,299,299.0
217,13,16,3,299,417,37,544,544.0
218,13,15,4,954,537,116,1735,1735.0
219,13,6,9,716,370,87,1302,1302.0
220,13,25,2,790,449,96,1437,1437.0
221,13,18,9,1342,549,163,2440,2440.0
222,13,11,6,760,704,93,1382,1382.0
223,14,11,7,358,307,44,651,651.0
224,14,5,3,254,191,31,462,462.0
225,14,13,7,1386,481,168,2520,2520.0
226,14,1,7,1073,289,131,1951,1951.0
227,14,3,4,835,600,102,1519,1519.0
228,14,28,1,209,225,26,380,380.0
229,14,16,4,909,204,111,1653,1653.0
230,14,25,8,924,433,112,1680,1680.0
231,14,26,2,1103,162,134,2006,2006.0
232,14,10,6,299,286,37,544,544.0
233,14,27,1,1461,513,178,2657,2657.0
234,14,29,3,1371,420,167,2493,2493.0
235,14,15,7,1312,149,160,2386,2386.0
236,14,22,8,1356,179,165,2466,2466.0
237,14,9,4,1222,289,149,2222,2222.0
238,14,8,5,686,229,84,1248,1248.0
239,14,21,8,1237,639,150,2250,2250.0
240,14,7,9,984,433,120,1790,1790.0
241,14,4,1,164,502,20,299,299.0
242,14,12,5,746,412,91,1357,1357.0
243,15,23,5,656,276,80,1193,1193.0
244,15,27,3,1312,595,160,2386,2386.0
245,15,25,4,820,280,100,1491,1491.0
246,15,1,5,1118,239,136,2033,2033.0
247,15,22,5,1058,474,129,1924,1924.0
248,15,9,7,582,509,71,1059,1059.0
249,15,4,9,1416,610,172,2575,2575.0
250,15,26,3,939,326,114,1708,1708.0
251,15,19,9,477,355,58,868,868.0
252,15,21,7,254,336,31,462,462.0
253,15,20,7,448,689,55,815,815.0
254,15,11,8,507,338,62,922,922.0
255,15,13,9,954,462,116,1735,1735.0
256,15,24,3,731,658,89,1330,1330.0
257,15,17,1,224,683,28,408,408.0
258,15,28,6,448,579,55,815,815.0
259,15,5,2,850,544,104,1546,1546.0
260,15,7,4,597,379,73,1086,1086.0
261,15,2,9,507,417,62,922,922.0
262,15,10,4,567,480,69,1031,1031.0
263,15,6,7,373,534,46,679,679.0
264,15,29,1,1073,720,131,1951,1951.0
265,16,24,9,313,336,38,570,570.0
266,16,26,1,1133,519,138,2060,2060.0
267,16,30,5,1163,637,141,2115,2115.0
268,16,28,8,522,428,64,950,950.0
269,16,27,4,1029,343,125,1871,1871.0
270,16,3,5,1014,635,123,1844,1844.0
271,16,11,8,239,338,29,435,435.0
272,16,25,9,1014,286,123,1844,1844.0
273,16,4,1,1431,676,174,2602,2602.0
274,16,9,6,1282,701,156,2331,2331.0
275,16,20,1,462,612,56,840,840.0
276,16,19,4,1073,258,131,1951,1951.0
277,16,10,3,313,458,38,570,570.0
278,16,8,4,1476,387,179,2684,2684.0
279,16,15,7,522,716,64,950,950.0
280,16,17,6,552,635,67,1004,1004.0
281,17,27,6,1252,673,152,2277,2277.0
282,17,19,1,716,172,87,1302,1302.0
283,17,15,5,775,423,94,1410,1410.0
284,17,24,1,1044,266,127,1899,1899.0
285,17,14,8,1222,588,149,2222,2222.0
286,17,4,5,611,351,75,1111,1111.0
287,17,10,2,820,505,100,1491,1491.0
288,17,9,8,254,349,31,462,462.0
289,17,7,8,239,673,29,435,435.0
290,17,11,9,820,518,100,1491,1491.0
291,18,10,6,224,575,28,408,408.0
292,18,17,9,984,184,120,1790,1790.0
293,18,16,9,1476,232,179,2684,2684.0
294,18,26,4,522,354,64,950,950.0
295,18,28,6,895,474,109,1628,1628.0
296,18,29,3,433,299,53,788,788.0
297,18,9,1,775,198,94,1410,1410.0
298,18,5,4,1163,332,141,2115,2115.0
299,18,12,5,567,494,69,1031,1031.0
300,18,11,7,909,503,111,1653,1653.0
301,18,1,1,984,191,120,1790,1790.0
302,18,20,1,1103,534,134,2006,2006.0
303,18,19,7,775,695,94,1410,1410.0
304,18,24,4,895,207,109,1628,1628.0
305,19,4,1,522,264,64,950,950.0
306,19,9,3,850,606,104,1546,1546.0
307,19,22,5,209,510,26,380,380.0
308,19,15,2,746,450,91,1357,1357.0
309,19,6,4,999,697,122,1817,1817.0
310,19,18,3,775,147,94,1410,1410.0
311,19,3,4,1103,660,134,2006,2006.0
312,19,26,5,969,483,118,1762,1762.0
313,19,21,6,1193,194,145,2170,2170.0
314,19,11,7,462,566,56,840,840.0
315,19,28,1,1178,175,143,2142,2142.0
316,19,20,7,671,493,82,1220,1220.0
317,19,27,3,343,626,42,624,624.0
318,19,1,5,1088,447,132,1979,1979.0
319,19,17,6,537,206,66,977,977.0
320,19,29,8,343,704,42,624,624.0
321,19,23,2,1029,445,125,1871,1871.0
322,19,25,8,1327,415,161,2413,2413.0
323,20,13,7,850,241,104,1546,1546.0
324,20,22,2,1118,194,136,2033,2033.0
325,20,18,5,760,512,93,1382,1382.0
326,20,4,3,1371,286,167,2493,2493.0
327,20,11,6,1446,582,176,2630,2630.0
328,20,10,1,462,414,56,840,840.0
329,20,12,2,492,670,60,895,895.0
330,20,25,2,1431,314,174,2602,2602.0
331,20,19,2,284,727,35,517,517.0
332,20,24,5,880,483,107,1600,1600.0
333,20,26,5,1118,269,136,2033,2033.0
334,20,6,7,731,670,89,1330,1330.0
335,20,27,7,746,222,91,1357,1357.0
336,20,21,6,313,673,38,570,570.0
337,20,30,7,179,163,22,326,326.0
338,20,7,3,299,204,37,544,544.0
339,20,29,6,1029,623,125,1871,1871.0
340,21,14,9,1148,719,140,2088,2088.0
341,21,2,9,537,282,66,977,977.0
342,21,30,8,1356,619,165,2466,2466.0
343,21,10,8,626,437,76,1139,1139.0
344,21,12,7,299,497,37,544,544.0
345,21,20,2,1327,616,161,2413,2413.0
346,21,25,8,1073,678,131,1951,1951.0
347,21,9,2,1401,553,170,2548,2548.0
348,21,28,6,686,307,84,1248,1248.0
349,21,24,6,1297,267,158,2359,2359.0
350,21,1,8,597,393,73,1086,1086.0
351,21,16,1,507,697,62,922,922.0
352,21,5,8,984,670,120,1790,1790.0
353,21,23,5,1044,585,127,1899,1899.0
354,22,23,9,716,685,87,1302,1302.0
355,22,3,2,433,609,53,788,788.0
356,22,1,3,1014,255,123,1844,1844.0
357,22,14,4,1073,234,131,1951,1951.0
358,22,28,9,1148,464,140,2088,2088.0
359,22,30,5,880,540,107,1600,1600.0
360,22,10,5,1118,244,136,2033,2033.0
361,22,15,4,1386,724,168,2520,2520.0
362,22,19,4,1222,483,149,2222,2222.0
363,22,24,4,284,595,35,517,517.0
364,22,13,1,1133,390,138,2060,2060.0
365,22,18,3,209,417,26,380,380.0
366,22,7,3,254,452,31,462,462.0
367,22,16,7,835,436,102,1519,1519.0
368,22,4,1,224,528,28,408,408.0
369,22,6,9,984,383,120,1790,1790.0
370,22,25,5,1014,519,123,1844,1844.0
371,22,21,4,999,562,122,1817,1817.0
372,22,2,6,701,467,85,1275,1275.0
373,22,27,1,746,642,91,1357,1357.0
374,23,11,5,1163,678,141,2115,2115.0
375,23,26,4,850,332,104,1546,1546.0
376,23,16,4,1118,622,136,2033,2033.0
377,23,12,6,1103,569,134,2006,2006.0
378,23,30,8,1356,556,165,2466,2466.0
379,23,22,3,1029,273,125,1871,1871.0
380,23,18,7,1252,689,152,2277,2277.0
381,23,9,8,999,647,122,1817,1817.0
382,23,2,1,909,527,111,1653,1653.0
383,23,4,5,164,228,20,299,299.0
384,23,3,1,939,292,114,1708,1708.0
385,23,19,7,224,335,28,408,408.0
386,23,27,3,1148,702,140,2088,2088.0
387,23,7,2,1327,442,161,2413,2413.0
388,23,10,1,850,600,104,1546,1546.0
389,23,21,1,1327,537,161,2413,2413.0
390,24,16,3,1476,730,179,2684,2684.0
391,24,14,6,820,175,100,1491,1491.0
392,24,26,2,1118,376,136,2033,2033.0
393,24,28,5,939,239,114,1708,1708.0
394,24,20,6,209,663,26,380,380.0
395,24,6,1,552,722,67,1004,1004.0
396,24,22,6,775,302,94,1410,1410.0
397,24,13,7,1461,660,178,2657,2657.0
398,24,12,3,343,442,42,624,624.0
399,24,9,3,299,389,37,544,544.0
400,24,25,4,1029,257,125,1871,1871.0
401,24,19,9,1237,424,150,2250,2250.0
402,24,8,4,746,258,91,1357,1357.0
403,24,23,4,1058,698,129,1924,1924.0
404,24,1,1,1356,173,165,2466,2466.0
405,24,17,5,1461,301,178,2657,2657.0
406,24,15,7,686,415,84,1248,1248.0
407,25,15,4,209,165,26,380,380.0
408,25,7,7,507,348,62,922,922.0
409,25,11,5,1133,522,138,2060,2060.0
410,25,28,4,1371,527,167,2493,2493.0
411,25,4,8,1386,194,168,2520,2520.0
412,25,6,3,582,669,71,1059,1059.0
413,25,13,4,164,179,20,299,299.0
414,25,23,4,194,447,24,353,353.0
415,25,9,7,1133,512,138,2060,2060.0
416,25,29,4,1282,332,156,2331,2331.0
417,25,16,8,194,203,24,353,353.0
418,25,24,2,522,496,64,950,950.0
419,25,1,8,254,241,31,462,462.0
420,25,30,6,254,719,31,462,462.0
421,25,27,4,1476,587,179,2684,2684.0
422,25,10,2,686,291,84,1248,1248.0
423,25,17,2,343,228,42,624,624.0
424,25,8,1,269,367,33,490,490.0
425,25,19,1,1207,587,147,2195,2195.0
426,25,26,3,954,537,116,1735,1735.0
427,25,14,8,716,182,87,1302,1302.0
428,25,3,6,954,638,116,1735,1735.0
429,26,7,3,284,566,35,517,517.0
430,26,12,6,716,720,87,1302,1302.0
431,26,29,1,179,319,22,326,326.0
432,26,18,6,448,185,55,815,815.0
433,26,2,9,1193,433,145,2170,2170.0
434,26,24,6,567,411,69,1031,1031.0
435,26,16,8,1193,619,145,2170,2170.0
436,26,17,5,299,692,37,544,544.0
437,26,4,3,1014,565,123,1844,1844.0
438,26,1,7,820,238,100,1491,1491.0
439,26,25,3,552,436,67,1004,1004.0
440,26,6,2,522,601,64,950,950.0
441,26,22,6,969,499,118,1762,1762.0
442,26,21,4,939,506,114,1708,1708.0
443,26,28,8,1312,730,160,2386,2386.0
444,26,27,2,1178,661,143,2142,2142.0
445,26,11,7,1356,212,165,2466,2466.0
446,26,3,2,1327,673,161,2413,2413.0
447,27,22,1,954,700,116,1735,1735.0
448,27,3,7,909,510,111,1653,1653.0
449,27,25,6,224,417,28,408,408.0
450,27,2,3,939,382,114,1708,1708.0
451,27,16,8,179,415,22,326,326.0
452,27,13,5,1297,638,158,2359,2359.0
453,27,15,1,731,661,89,1330,1330.0
454,27,26,7,880,238,107,1600,1600.0
455,27,30,4,1342,286,163,2440,2440.0
456,27,19,6,239,508,29,435,435.0
457,27,12,2,790,173,96,1437,1437.0
458,27,14,9,1356,714,165,2466,2466.0
459,27,7,7,701,540,85,1275,1275.0
460,27,10,4,656,275,80,1193,1193.0
461,27,5,2,1446,481,176,2630,2630.0
462,27,11,2,552,667,67,1004,1004.0
463,27,6,8,507,275,62,922,922.0
464,27,8,1,716,431,87,1302,1302.0
465,27,23,6,343,377,42,624,624.0
466,27,20,3,731,537,89,1330,1330.0
467,27,24,9,1237,610,150,2250,2250.0
468,27,28,4,552,474,67,1004,1004.0
469,28,24,7,716,213,87,1302,1302.0
470,28,26,7,760,546,93,1382,1382.0
471,28,19,8,1431,228,174,2602,2602.0
472,28,22,7,1088,537,132,1979,1979.0
473,28,5,3,1267,714,154,2304,2304.0
474,28,12,7,1476,571,179,2684,2684.0
475,28,17,5,1476,634,179,2684,2684.0
476,28,27,8,1014,424,123,1844,1844.0
477,28,14,2,388,311,48,706,706.0
478,28,13,8,1401,490,170,2548,2548.0
479,28,9,3,671,333,82,1220,1220.0
480,28,4,6,418,600,51,760,760.0
481,28,3,3,150,468,19,273,273.0
482,28,2,4,746,154,91,1357,1357.0
483,28,7,2,850,528,104,1546,1546.0
484,28,6,7,746,219,91,1357,1357.0
485,28,30,2,686,280,84,1248,1248.0
486,28,21,9,671,568,82,1220,1220.0
487,28,18,6,895,423,109,1628,1628.0
488,28,25,4,760,629,93,1382,1382.0
489,28,1,4,477,288,58,868,868.0
490,29,24,2,1282,434,156,2331,2331.0
491,29,21,4,805,223,98,1464,1464.0
492,29,7,5,492,239,60,895,895.0
493,29,8,8,731,705,89,1330,1330.0
494,29,10,9,731,311,89,1330,1330.0
495,29,27,3,954,229,116,1735,1735.0
496,29,19,6,611,383,75,1111,1111.0
497,29,28,7,969,267,118,1762,1762.0
498,29,15,3,924,549,112,1680,1680.0
499,29,11,8,194,150,24,353,353.0
500,29,9,8,1282,565,156,2331,2331.0
501,29,1,8,567,260,69,1031,1031.0
502,29,25,5,701,425,85,1275,1275.0
503,29,14,8,537,534,66,977,977.0
504,30,13,5,1148,395,140,2088,2088.0
505,30,20,7,1148,188,140,2088,2088.0
506,30,9,6,150,440,19,273,273.0
507,30,25,7,299,475,37,544,544.0
508,30,5,1,1133,241,138,2060,2060.0
509,30,24,2,1461,280,178,2657,2657.0
510,30,7,4,1461,176,178,2657,2657.0
511,30,19,3,820,642,100,1491,1491.0
512,30,27,2,1297,192,158,2359,2359.0
513,30,11,8,224,541,28,408,408.0
514,30,12,2,1416,187,172,2575,2575.0
515,30,28,8,895,324,109,1628,1628.0
516,30,1,2,179,338,22,326,326.0
517,30,23,7,954,187,116,1735,1735.0
518,30,21,4,1193,453,145,2170,2170.0
519,30,3,2,388,231,48,706,706.0
COMMODITIES,400
0,24,1,44,61,173,903,2597.0
1,15,20,27,66,158,984,2382.0
2,10,26,31,74,162,1099,2443.0
3,9,16,73,62,181,917,2726.0
4,21,22,71,74,215,1097,3238.0
5,18,11,46,75,184,1112,2772.0
6,6,5,41,75,126,1122,1900.0
7,9,14,21,64,169,956,2539.0
8,30,4,64,68,167,1009,2519.0
9,8,29,46,72,216,1066,3242.0
10,19,30,70,78,190,1169,2863.0
11,23,29,68,61,170,902,2560.0
12,16,15,74,71,168,1056,2520.0
13,22,26,19,77,167,1153,2508.0
14,14,6,18,73,200,1082,3007.0
15,25,7,64,54,146,804,2190.0
16,18,17,31,53,185,795,2789.0
17,11,15,27,61,197,904,2959.0
18,10,30,43,72,172,1068,2592.0
19,7,25,40,55,137,811,2061.0
20,5,20,64,55,130,812,1964.0
21,23,12,35,80,209,1190,3148.0
22,22,25,72,81,193,1208,2906.0
23,22,8,30,74,190,1099,2857.0
24,8,4,53,60,154,888,2318.0
25,26,16,18,77,200,1153,3013.0
26,1,11,55,56,169,835,2547.0
27,26,18,51,74,164,1097,2467.0
28,16,3,31,54,160,805,2402.0
29,5,4,25,73,175,1083,2633.0
30,27,29,24,73,181,1094,2728.0
31,23,30,32,70,145,1044,2176.0
32,12,9,63,69,182,1029,2742.0
33,14,13,69,70,193,1043,2908.0
34,20,17,56,76,192,1135,2883.0
35,29,19,67,78,185,1161,2789.0
36,20,3,69,76,169,1137,2535.0
37,26,2,56,78,214,1160,3222.0
38,26,22,37,68,202,1013,3034.0
39,5,22,53,62,166,925,2499.0
40,16,4,16,72,205,1070,3080.0
41,3,30,69,72,195,1072,2937.0
42,6,30,48,68,196,1013,2949.0
43,14,16,73,63,159,943,2386.0
44,8,16,56,72,171,1080,2575.0
45,15,28,24,81,171,1214,2579.0
46,2,23,62,75,199,1113,2989.0
47,17,2,65,68,224,1008,3365.0
48,24,20,57,64,119,949,1793.0
49,25,13,60,63,104,944,1572.0
50,27,3,61,59,183,880,2748.0
51,7,17,71,64,161,959,2425.0
52,20,18,73,66,191,988,2869.0
53,11,14,47,82,174,1220,2621.0
54,14,10,18,75,145,1121,2178.0
55,25,6,72,60,169,898,2545.0
56,10,19,19,70,185,1042,2782.0
57,22,15,34,62,184,921,2762.0
58,9,13,56,71,186,1052,2793.0
59,16,26,20,66,147,986,2208.0
60,28,20,20,73,197,1089,2956.0
61,12,11,15,62,136,922,2040.0
62,15,3,37,60,177,888,2662.0
63,12,17,41,66,172,981,2580.0
64,8,6,73,67,214,995,3221.0
65,14,4,23,70,132,1047,1989.0
66,20,19,69,82,159,1228,2387.0
67,24,22,35,75,183,1117,2746.0
68,28,19,50,71,178,1059,2683.0
69,5,25,28,64,158,953,2382.0
70,20,10,57,72,158,1078,2378.0
71,17,21,19,77,199,1150,2995.0
72,21,3,32,62,192,927,2884.0
73,14,11,56,83,160,1233,2406.0
74,15,18,28,54,161,810,2428.0
75,18,8,41,68,166,1019,2490.0
76,2,4,35,73,201,1086,3018.0
77,17,29,56,56,170,839,2552.0
78,7,30,46,69,172,1026,2594.0
79,15,9,26,64,158,959,2370.0
80,22,27,67,76,190,1131,2851.0
81,27,16,32,74,130,1107,1960.0
82,17,1,40,67,185,1000,2780.0
83,12,21,64,77,190,1153,2864.0
84,9,4,15,79,197,1184,2956.0
85,21,8,24,68,218,1019,3274.0
86,23,25,69,77,186,1154,2791.0
87,22,21,15,68,167,1011,2515.0
88,18,4,53,68,186,1013,2798.0
89,16,11,27,71,137,1064,2067.0
90,2,11,16,60,154,886,2318.0
91,26,30,37,66,200,983,3012.0
92,12,16,32,68,187,1015,2816.0
93,25,18,51,69,166,1030,2502.0
94,26,23,24,82,214,1221,3214.0
95,19,14,69,62,201,929,3016.0
96,19,15,74,71,205,1052,3081.0
97,19,21,19,74,189,1098,2843.0
98,28,30,23,58,157,864,2360.0
99,22,30,72,75,161,1121,2427.0
100,13,3,39,68,184,1008,2771.0
101,28,17,45,83,189,1240,2837.0
102,18,22,37,69,151,1025,2272.0
103,24,14,56,62,182,928,2737.0
104,4,19,39,63,175,935,2630.0
105,2,12,30,73,189,1087,2840.0
106,17,25,18,75,173,1123,2603.0
107,26,21,35,54,186,800,2804.0
108,29,24,54,68,159,1011,2389.0
109,26,24,17,68,176,1016,2647.0
110,21,1,35,78,194,1167,2910.0
111,15,25,19,64,195,946,2933.0
112,1,30,70,77,174,1150,2624.0
113,21,17,39,78,210,1160,3164.0
114,29,22,46,59,192,877,2884.0
115,16,17,62,70,177,1041,2669.0
116,12,24,21,55,163,819,2449.0
117,4,13,20,67,181,991,2726.0
118,5,18,49,69,178,1035,2681.0
119,1,2,16,78,245,1163,3688.0
120,5,8,61,65,197,968,2961.0
121,15,10,44,84,192,1250,2889.0
122,12,8,51,58,180,858,2705.0
123,19,24,38,81,180,1214,2708.0
124,23,24,49,75,195,1115,2928.0
125,16,29,50,80,190,1194,2864.0
126,3,26,50,75,167,1122,2517.0
127,3,4,74,83,186,1235,2797.0
128,3,6,51,85,206,1265,3104.0
129,4,24,52,61,191,909,2879.0
130,19,7,20,74,165,1103,2479.0
131,29,20,57,65,152,972,2287.0
132,26,14,25,69,200,1028,3006.0
133,3,27,56,70,125,1050,1882.0
134,13,25,53,63,137,933,2056.0
135,22,14,30,69,198,1021,2972.0
136,13,20,44,66,187,986,2806.0
137,21,11,25,73,186,1094,2803.0
138,12,29,51,62,171,920,2566.0
139,9,19,18,82,142,1225,2132.0
140,10,6,73,67,200,1000,3014.0
141,9,3,74,78,186,1166,2798.0
142,5,17,29,66,180,979,2712.0
143,30,25,22,71,137,1060,2058.0
144,20,11,22,69,156,1034,2351.0
145,7,27,45,88,175,1307,2628.0
146,28,27,70,62,140,918,2108.0
147,27,25,25,74,140,1106,2110.0
148,22,4,26,64,132,952,1990.0
149,12,15,60,58,186,862,2804.0
150,3,15,58,78,195,1167,2933.0
151,22,2,54,73,187,1089,2811.0
152,19,5,16,73,221,1090,3326.0
153,5,14,23,74,172,1101,2582.0
154,30,21,35,75,198,1112,2983.0
155,12,3,38,90,186,1340,2796.0
156,26,9,37,76,168,1137,2524.0
157,5,1,36,72,190,1079,2852.0
158,16,21,17,68,188,1015,2827.0
159,8,1,33,80,141,1198,2116.0
160,2,20,55,78,203,1165,3058.0
161,20,15,62,82,216,1229,3248.0
162,14,19,69,70,195,1038,2935.0
163,3,2,52,73,165,1083,2477.0
164,22,11,69,61,176,913,2651.0
165,30,14,20,76,194,1126,2924.0
166,3,16,22,54,132,796,1983.0
167,9,17,48,68,158,1008,2383.0
168,25,30,17,78,149,1157,2244.0
169,27,22,42,73,166,1085,2490.0
170,16,12,30,76,161,1131,2426.0
171,1,20,39,73,205,1083,3075.0
172,27,19,25,78,146,1166,2204.0
173,30,9,46,60,105,888,1588.0
174,6,11,29,82,159,1223,2388.0
175,6,4,30,58,170,861,2560.0
176,22,28,65,69,153,1021,2306.0
177,9,15,37,66,184,978,2762.0
178,28,6,25,83,203,1244,3058.0
179,15,4,72,68,198,1008,2972.0
180,14,2,35,81,220,1210,3303.0
181,19,3,61,63,173,932,2608.0
182,16,28,71,74,173,1105,2602.0
183,21,9,25,77,233,1143,3509.0
184,14,26,40,68,167,1008,2512.0
185,18,9,50,72,212,1066,3191.0
186,15,14,32,74,200,1108,3013.0
187,22,29,28,64,171,960,2578.0
188,9,12,19,74,160,1097,2412.0
189,10,15,47,76,165,1132,2484.0
190,22,3,36,67,149,998,2244.0
191,16,2,50,62,176,928,2641.0
192,30,6,50,60,203,897,3049.0
193,24,6,68,64,169,960,2544.0
194,26,7,21,74,137,1097,2063.0
195,12,5,69,65,153,968,2306.0
196,26,17,36,92,163,1375,2451.0
197,22,1,66,56,163,826,2457.0
198,22,6,44,60,185,890,2789.0
199,12,2,30,69,192,1029,2890.0
200,2,15,33,71,159,1060,2397.0
201,23,9,19,65,166,969,2492.0
202,16,1,31,85,212,1271,3186.0
203,11,19,21,73,174,1094,2619.0
204,22,9,41,88,193,1309,2905.0
205,5,3,38,71,158,1060,2382.0
206,19,18,73,67,152,1003,2291.0
207,6,26,36,66,154,978,2313.0
208,10,2,20,59,185,881,2786.0
209,6,24,44,65,176,968,2654.0
210,6,8,74,92,154,1379,2312.0
211,4,9,36,69,150,1026,2254.0
212,28,23,61,69,197,1027,2962.0
213,20,29,43,82,191,1228,2870.0
214,4,26,50,72,170,1073,2562.0
215,21,25,20,75,212,1119,3185.0
216,12,1,28,69,197,1026,2955.0
217,24,2,37,85,248,1265,3728.0
218,11,26,71,73,121,1091,1817.0
219,16,18,38,77,180,1155,2710.0
220,23,4,28,71,126,1057,1894.0
221,16,10,55,76,151,1140,2271.0
222,14,5,30,70,131,1047,1969.0
223,12,18,72,71,202,1057,3037.0
224,3,17,70,69,196,1028,2946.0
225,19,1,41,76,201,1130,3024.0
226,16,30,69,76,193,1136,2904.0
227,9,11,21,68,149,1018,2236.0
228,17,28,28,84,167,1253,2512.0
229,10,18,36,72,145,1076,2179.0
230,19,17,23,70,179,1044,2690.0
231,3,9,31,75,165,1118,2475.0
232,20,16,23,82,195,1218,2926.0
233,11,10,54,65,191,969,2870.0
234,3,10,31,63,192,939,2883.0
235,19,27,74,62,148,918,2231.0
236,19,22,36,67,124,1003,1867.0
237,2,5,29,70,204,1038,3070.0
238,11,27,18,84,192,1260,2884.0
239,21,5,69,74,208,1096,3131.0
240,6,15,65,72,214,1066,3220.0
241,18,16,60,53,166,794,2502.0
242,29,12,52,59,146,884,2197.0
243,21,2,33,71,174,1061,2614.0
244,30,23,44,64,145,954,2189.0
245,14,9,73,82,177,1223,2665.0
246,1,3,48,71,205,1055,3079.0
247,2,24,62,66,192,982,2881.0
248,29,1,34,61,174,912,2616.0
249,28,26,50,62,172,923,2582.0
250,29,14,42,84,182,1258,2734.0
251,20,28,56,57,151,842,2266.0
252,12,14,39,73,131,1093,1974.0
253,3,20,34,76,182,1137,2743.0
254,20,4,32,68,179,1015,2691.0
255,25,26,65,72,174,1071,2614.0
256,4,1,63,74,147,1102,2217.0
257,21,20,40,70,208,1043,3126.0
258,3,28,73,84,166,1257,2499.0
259,28,5,37,59,161,882,2429.0
260,28,4,34,73,156,1095,2350.0
261,30,27,50,67,177,992,2668.0
262,6,27,29,61,154,909,2320.0
263,17,10,74,74,193,1105,2902.0
264,17,15,32,79,213,1173,3196.0
265,6,18,40,67,142,993,2139.0
266,27,5,20,82,198,1216,2976.0
267,27,18,17,60,174,886,2623.0
268,24,29,41,76,213,1134,3199.0
269,3,18,46,84,202,1254,3038.0
270,10,23,70,70,159,1048,2387.0
271,13,4,17,79,180,1174,2710.0
272,9,8,54,70,194,1042,2913.0
273,10,24,20,72,162,1070,2430.0
274,5,24,56,63,147,934,2209.0
275,8,25,28,79,201,1178,3015.0
276,14,20,26,67,177,1004,2668.0
277,3,1,51,71,191,1059,2871.0
278,15,12,63,67,174,992,2613.0
279,12,7,62,65,132,964,1981.0
280,19,29,37,58,137,863,2056.0
281,25,11,40,81,173,1201,2599.0
282,16,20,16,68,150,1012,2256.0
283,25,15,70,73,129,1089,1939.0
284,22,16,71,80,196,1200,2952.0
285,12,13,33,71,213,1064,3196.0
286,2,7,60,69,187,1032,2818.0
287,10,9,70,61,176,908,2652.0
288,6,16,41,87,177,1292,2664.0
289,22,13,39,85,208,1271,3134.0
290,18,30,46,73,200,1094,3003.0
291,21,18,36,76,194,1136,2916.0
292,11,17,37,84,178,1253,2675.0
293,17,7,59,77,133,1149,2008.0
294,2,16,50,69,193,1032,2898.0
295,20,1,52,78,155,1157,2339.0
296,24,8,67,57,178,852,2683.0
297,26,27,57,81,206,1214,3101.0
298,18,12,64,69,173,1028,2601.0
299,28,22,46,70,210,1049,3155.0
300,1,7,64,76,195,1131,2938.0
301,10,11,55,67,141,993,2119.0
302,10,4,25,67,156,1002,2340.0
303,1,13,54,58,171,865,2568.0
304,2,17,74,80,189,1190,2846.0
305,3,25,30,60,149,898,2246.0
306,10,3,43,77,190,1143,2860.0
307,3,7,37,67,128,991,1923.0
308,13,9,57,70,203,1038,3054.0
309,13,22,20,82,173,1216,2598.0
310,21,23,36,72,184,1073,2762.0
311,9,7,53,58,172,858,2592.0
312,2,27,20,72,223,1071,3351.0
313,18,14,68,76,212,1129,3192.0
314,18,29,48,79,161,1175,2429.0
315,16,6,27,77,214,1154,3213.0
316,3,13,58,71,184,1064,2766.0
317,19,12,53,79,199,1176,2987.0
318,12,27,23,72,190,1067,2850.0
319,19,25,66,62,159,916,2395.0
320,26,5,60,61,190,911,2857.0
321,10,22,26,61,126,903,1890.0
322,7,23,50,72,177,1070,2663.0
323,13,7,69,74,193,1110,2909.0
324,2,14,15,74,196,1099,2942.0
325,5,2,28,77,178,1147,2670.0
326,21,30,56,81,225,1210,3388.0
327,3,19,49,52,144,770,2165.0
328,6,21,44,50,164,740,2460.0
329,2,9,36,63,156,940,2340.0
330,20,14,36,78,190,1165,2860.0
331,18,24,61,73,193,1089,2904.0
332,28,3,38,82,137,1224,2055.0
333,16,19,70,76,189,1135,2845.0
334,18,27,51,55,224,823,3363.0
335,19,6,67,65,200,966,3012.0
336,28,7,47,72,151,1070,2265.0
337,15,1,74,68,186,1020,2798.0
338,9,22,52,73,168,1089,2527.0
339,15,11,33,78,179,1164,2685.0
340,29,17,61,90,206,1350,3102.0
341,7,16,53,69,162,1028,2444.0
342,30,5,46,55,209,822,3149.0
343,3,14,22,64,180,946,2703.0
344,7,8,36,68,169,1007,2545.0
345,23,11,26,82,187,1221,2809.0
346,4,25,35,50,151,739,2277.0
347,15,30,42,71,187,1063,2805.0
348,25,16,68,77,131,1152,1978.0
349,29,9,38,77,209,1147,3144.0
350,7,21,54,63,145,932,2176.0
351,29,10,58,84,201,1247,3023.0
352,1,16,15,65,142,969,2143.0
353,25,22,42,69,171,1035,2575.0
354,22,19,20,65,159,966,2386.0
355,30,17,27,67,170,997,2555.0
356,26,6,72,79,178,1174,2674.0
357,22,12,22,66,164,987,2468.0
358,18,7,29,73,192,1095,2880.0
359,27,28,71,74,175,1099,2632.0
360,16,5,42,75,227,1115,3415.0
361,25,10,30,73,145,1089,2176.0
362,13,23,60,64,175,949,2627.0
363,5,23,20,61,166,914,2500.0
364,7,5,62,65,161,961,2422.0
365,30,3,23,60,138,892,2072.0
366,15,19,65,62,152,921,2294.0
367,19,28,30,76,201,1131,3019.0
368,7,18,68,66,178,984,2680.0
369,27,6,25,81,178,1205,2674.0
370,19,11,22,74,161,1109,2418.0
371,9,21,40,74,213,1104,3205.0
372,3,11,33,69,145,1035,2175.0
373,7,2,35,70,190,1050,2851.0
374,20,6,20,73,196,1094,2942.0
375,14,22,44,79,167,1180,2508.0
376,9,24,65,68,181,1013,2724.0
377,6,25,32,78,202,1169,3043.0
378,26,3,55,80,188,1193,2821.0
379,28,2,47,74,180,1103,2709.0
380,1,27,46,71,241,1055,3618.0
381,20,23,27,65,188,968,2825.0
382,24,17,25,66,191,986,2872.0
383,7,19,31,62,129,925,1948.0
384,24,12,56,68,141,1013,2123.0
385,7,26,40,70,131,1036,1971.0
386,8,30,57,61,173,902,2605.0
387,25,23,59,86,144,1282,2166.0
388,8,18,58,76,169,1133,2541.0
389,27,14,22,84,233,1260,3498.0
390,18,15,71,74,197,1107,2960.0
391,6,28,46,70,183,1037,2757.0
392,25,9,48,69,150,1024,2250.0
393,29,3,68,70,162,1043,2437.0
394,27,10,36,65,161,973,2420.0
395,24,23,59,69,179,1022,2691.0
396,22,7,38,84,142,1247,2141.0
397,15,17,24,69,135,1027,2034.0
398,3,22,21,65,178,967,2671.0
399,6,9,68,75,175,1117,2631.0
horizon=248
