NODES,30
1,1,-,-
2,2,-,-
3,3,-,-
4,4,-,-
5,5,-,-
6,6,-,-
7,7,-,-
8,8,-,-
9,9,-,-
10,10,-,-
11,11,-,-
12,12,-,-
13,13,-,-
14,14,-,-
15,15,-,-
16,16,-,-
17,17,-,-
18,18,-,-
19,19,-,-
20,20,-,-
21,21,-,-
22,22,-,-
23,23,-,-
24,24,-,-
25,25,-,-
26,26,-,-
27,27,-,-
28,28,-,-
29,29,-,-
30,30,-,-
ARCS,516
0,1,10,8,148,445,18,270,270.0
1,1,28,4,216,199,27,393,393.0
2,1,18,4,216,585,27,393,393.0
3,1,23,5,171,199,21,311,311.0
4,1,20,5,267,268,33,486,486.0
5,1,8,8,341,483,42,620,620.0
6,1,22,1,148,233,18,270,270.0
7,1,9,1,176,268,22,320,320.0
8,1,29,3,370,223,45,673,673.0
9,1,17,3,142,579,18,259,259.0
10,1,13,1,506,415,62,920,920.0
11,1,12,3,80,474,10,146,146.0
12,1,21,9,137,421,17,250,250.0
13,1,6,2,57,572,7,104,104.0
14,1,19,6,239,478,29,435,435.0
15,1,25,4,449,513,55,817,817.0
16,1,26,8,489,451,60,890,890.0
17,1,16,7,222,124,27,404,404.0
18,1,5,2,222,588,27,404,404.0
19,1,24,4,409,220,50,744,744.0
20,1,15,4,540,520,66,982,982.0
21,1,14,4,284,379,35,517,517.0
22,1,30,3,97,292,12,177,177.0
23,1,7,7,364,521,45,662,662.0
24,1,2,1,245,564,30,446,446.0
25,2,10,1,176,320,22,320,320.0
26,2,11,2,415,396,51,755,755.0
27,2,26,7,421,176,52,766,766.0
28,2,7,1,432,347,53,786,786.0
29,2,17,3,494,130,60,899,899.0
30,2,9,5,245,125,30,446,446.0
31,2,22,3,318,282,39,579,579.0
32,2,15,1,370,572,45,673,673.0
33,2,6,8,426,384,52,775,775.0
34,2,5,7,216,144,27,393,393.0
35,2,3,4,546,170,67,993,993.0
36,2,1,8,284,184,35,517,517.0
37,2,12,9,449,220,55,817,817.0
38,2,29,2,341,204,42,620,620.0
39,2,4,5,358,359,44,651,651.0
40,2,20,4,125,144,16,228,228.0
41,3,28,7,341,476,42,620,620.0
42,3,17,9,517,212,63,940,940.0
43,3,22,9,171,323,21,311,311.0
44,3,30,9,262,349,32,477,477.0
45,3,6,6,284,183,35,517,517.0
46,3,23,7,165,596,20,300,300.0
47,3,26,4,74,403,9,135,135.0
48,3,18,6,262,316,32,477,477.0
49,3,19,4,472,131,58,859,859.0
50,3,2,8,120,448,15,219,219.0
51,3,12,3,267,482,33,486,486.0
52,3,14,9,142,494,18,259,259.0
53,3,13,2,426,495,52,775,775.0
54,3,4,7,415,269,51,755,755.0
55,3,20,3,176,496,22,320,320.0
56,3,24,8,296,241,36,539,539.0
57,4,20,4,114,245,14,208,208.0
58,4,14,9,438,309,54,797,797.0
59,4,13,3,171,514,21,311,311.0
60,4,29,5,86,176,11,157,157.0
61,4,19,9,296,243,36,539,539.0
62,4,9,5,108,304,14,197,197.0
63,4,25,7,443,123,54,806,806.0
64,4,2,4,267,503,33,486,486.0
65,4,15,2,301,558,37,548,548.0
66,4,6,4,63,534,8,115,115.0
67,4,3,2,438,243,54,797,797.0
68,4,30,4,256,169,32,466,466.0
69,4,12,5,256,488,32,466,466.0
70,4,26,7,546,489,67,993,993.0
71,4,18,3,511,384,62,930,930.0
72,4,5,9,438,241,54,797,797.0
73,4,16,6,551,367,67,1002,1002.0
74,4,11,7,335,563,41,610,610.0
75,4,1,4,256,222,32,466,466.0
76,5,11,6,455,191,56,828,828.0
77,5,20,7,131,286,16,239,239.0
78,5,24,8,540,183,66,982,982.0
79,5,29,6,324,308,40,590,590.0
80,5,16,2,375,280,46,682,682.0
81,5,19,3,409,449,50,744,744.0
82,5,30,2,176,561,22,320,320.0
83,5,21,5,517,425,63,940,940.0
84,5,25,6,506,454,62,920,920.0
85,5,9,2,443,576,54,806,806.0
86,5,6,4,500,242,61,910,910.0
87,5,15,9,137,359,17,250,250.0
88,5,28,9,557,424,68,1013,1013.0
89,5,2,7,114,490,14,208,208.0
90,5,23,2,216,162,27,393,393.0
91,5,4,4,415,324,51,755,755.0
92,5,10,7,534,567,65,971,971.0
93,5,14,4,494,523,60,899,899.0
94,5,22,1,460,388,56,837,837.0
95,5,1,1,477,177,58,868,868.0
96,5,17,9,216,278,27,393,393.0
97,6,11,4,114,138,14,208,208.0
98,6,7,1,381,310,47,693,693.0
99,6,17,2,194,190,24,353,353.0
100,6,1,5,103,484,13,188,188.0
101,6,30,1,307,288,38,559,559.0
102,6,4,5,142,543,18,259,259.0
103,6,5,2,250,230,31,455,455.0
104,6,29,9,318,411,39,579,579.0
105,6,8,1,279,198,34,508,508.0
106,6,2,2,57,340,7,104,104.0
107,6,26,3,483,242,59,879,879.0
108,6,20,3,74,121,9,135,135.0
109,6,19,9,404,366,49,735,735.0
110,6,28,9,392,184,48,713,713.0
111,6,12,6,358,256,44,651,651.0
112,6,24,4,245,187,30,446,446.0
113,6,13,2,449,155,55,817,817.0
114,6,9,5,426,241,52,775,775.0
115,6,22,8,284,511,35,517,517.0
116,6,15,6,438,433,54,797,797.0
117,6,3,3,494,426,60,899,899.0
118,6,16,3,194,262,24,353,353.0
119,6,14,8,284,265,35,517,517.0
120,6,18,4,392,588,48,713,713.0
121,6,27,7,370,127,45,673,673.0
122,6,25,8,256,488,32,466,466.0
123,7,22,3,341,199,42,620,620.0
124,7,13,2,409,248,50,744,744.0
125,7,14,8,506,206,62,920,920.0
126,7,29,4,199,370,25,362,362.0
127,7,30,3,279,506,34,508,508.0
128,7,17,5,313,224,38,570,570.0
129,7,9,3,415,466,51,755,755.0
130,7,27,9,142,301,18,259,259.0
131,7,16,9,358,271,44,651,651.0
132,7,4,1,120,343,15,219,219.0
133,7,20,7,228,361,28,415,415.0
134,7,18,2,182,195,23,331,331.0
135,7,10,9,375,204,46,682,682.0
136,7,8,7,57,382,7,104,104.0
137,7,5,1,120,351,15,219,219.0
138,7,2,3,466,480,57,848,848.0
139,7,23,6,347,587,43,631,631.0
140,7,25,5,91,200,12,166,166.0
141,7,1,5,154,227,19,280,280.0
142,7,24,8,262,366,32,477,477.0
143,7,3,9,216,447,27,393,393.0
144,8,4,2,523,310,64,951,951.0
145,8,18,5,460,355,56,837,837.0
146,8,6,8,358,408,44,651,651.0
147,8,1,6,387,124,47,704,704.0
148,8,19,2,108,270,14,197,197.0
149,8,5,6,534,227,65,971,971.0
150,8,14,4,86,471,11,157,157.0
151,8,15,8,137,512,17,250,250.0
152,8,20,8,194,212,24,353,353.0
153,8,13,6,528,370,64,960,960.0
154,8,7,2,262,550,32,477,477.0
155,8,17,2,335,427,41,610,610.0
156,9,15,1,194,271,24,353,353.0
157,9,8,1,228,491,28,415,415.0
158,9,14,8,443,572,54,806,806.0
159,9,26,3,205,489,25,373,373.0
160,9,5,6,534,398,65,971,971.0
161,9,28,7,256,532,32,466,466.0
162,9,17,8,279,555,34,508,508.0
163,9,19,3,534,402,65,971,971.0
164,9,10,2,494,253,60,899,899.0
165,9,4,5,517,426,63,940,940.0
166,9,27,6,477,131,58,868,868.0
167,9,23,3,222,321,27,404,404.0
168,9,30,4,256,461,32,466,466.0
169,9,25,6,313,256,38,570,570.0
170,9,13,8,199,415,25,362,362.0
171,9,7,3,256,541,32,466,466.0
172,9,1,9,472,208,58,859,859.0
173,10,21,8,540,554,66,982,982.0
174,10,11,5,404,479,49,735,735.0
175,10,17,3,483,555,59,879,879.0
176,10,18,7,63,534,8,115,115.0
177,10,23,1,307,505,38,559,559.0
178,10,1,1,74,298,9,135,135.0
179,10,24,7,63,254,8,115,115.0
180,10,22,5,438,561,54,797,797.0
181,10,7,2,511,585,62,930,930.0
182,10,14,1,57,222,7,104,104.0
183,10,8,7,330,190,40,600,600.0
184,10,3,7,523,264,64,951,951.0
185,10,19,2,318,183,39,579,579.0
186,10,9,5,500,339,61,910,910.0
187,10,15,3,176,465,22,320,320.0
188,10,30,7,290,198,36,528,528.0
189,10,12,1,176,272,22,320,320.0
190,10,20,4,494,280,60,899,899.0
191,10,2,6,330,231,40,600,600.0
192,10,6,5,330,392,40,600,600.0
193,10,4,9,211,449,26,384,384.0
194,11,29,9,398,553,49,724,724.0
195,11,10,8,472,136,58,859,859.0
196,11,1,4,352,200,43,640,640.0
197,11,6,8,392,521,48,713,713.0
198,11,30,7,205,496,25,373,373.0
199,11,27,4,86,236,11,157,157.0
200,11,19,6,159,306,20,290,290.0
201,11,5,8,443,451,54,806,806.0
202,11,15,9,205,497,25,373,373.0
203,11,24,6,438,410,54,797,797.0
204,12,8,1,256,543,32,466,466.0
205,12,18,5,398,497,49,724,724.0
206,12,27,3,239,317,29,435,435.0
207,12,17,6,455,257,56,828,828.0
208,12,7,2,494,199,60,899,899.0
209,12,24,5,557,176,68,1013,1013.0
210,12,15,3,415,212,51,755,755.0
211,12,14,6,301,142,37,548,548.0
212,12,3,6,557,335,68,1013,1013.0
213,12,30,8,352,554,43,640,640.0
214,12,21,4,148,225,18,270,270.0
215,12,1,4,182,353,23,331,331.0
216,12,28,6,438,415,54,797,797.0
217,12,5,5,284,433,35,517,517.0
218,13,18,6,279,542,34,508,508.0
219,13,15,3,318,450,39,579,579.0
220,13,1,4,415,154,51,755,755.0
221,13,24,4,324,320,40,590,590.0
222,13,3,5,148,592,18,270,270.0
223,13,30,5,330,564,40,600,600.0
224,13,11,4,131,322,16,239,239.0
225,13,14,4,256,600,32,466,466.0
226,13,5,9,455,231,56,828,828.0
227,13,4,2,176,329,22,320,320.0
228,13,10,8,131,454,16,239,239.0
229,13,12,9,472,352,58,859,859.0
230,13,26,8,114,460,14,208,208.0
231,13,20,4,511,178,62,930,930.0
232,13,8,3,279,141,34,508,508.0
233,14,21,2,318,392,39,579,579.0
234,14,11,3,540,474,66,982,982.0
235,14,30,1,364,345,45,662,662.0
236,14,22,2,318,343,39,579,579.0
237,14,29,2,540,448,66,982,982.0
238,14,1,9,228,265,28,415,415.0
239,14,3,9,154,439,19,280,280.0
240,14,27,1,108,293,14,197,197.0
241,14,7,9,358,553,44,651,651.0
242,14,13,4,222,144,27,404,404.0
243,14,20,4,131,352,16,239,239.0
244,14,2,2,188,289,23,342,342.0
245,14,16,2,335,129,41,610,610.0
246,14,8,8,483,445,59,879,879.0
247,14,6,3,500,571,61,910,910.0
248,14,24,7,540,136,66,982,982.0
249,14,25,5,415,292,51,755,755.0
250,14,15,1,239,495,29,435,435.0
251,14,23,5,415,147,51,755,755.0
252,15,24,6,546,217,67,993,993.0
253,15,16,9,375,443,46,682,682.0
254,15,3,1,290,376,36,528,528.0
255,15,1,9,398,240,49,724,724.0
256,15,21,5,375,578,46,682,682.0
257,15,29,3,494,240,60,899,899.0
258,15,7,2,148,171,18,270,270.0
259,15,27,9,398,381,49,724,724.0
260,15,9,6,415,517,51,755,755.0
261,15,8,3,500,381,61,910,910.0
262,15,17,7,483,148,59,879,879.0
263,15,22,6,211,326,26,384,384.0
264,15,26,6,74,442,9,135,135.0
265,15,14,4,120,185,15,219,219.0
266,15,18,9,341,161,42,620,620.0
267,15,28,7,517,409,63,940,940.0
268,15,13,8,528,385,64,960,960.0
269,15,25,9,404,334,49,735,735.0
270,15,30,3,438,334,54,797,797.0
271,15,10,9,137,473,17,250,250.0
272,15,20,2,511,527,62,930,930.0
273,15,19,9,472,356,58,859,859.0
274,15,6,1,528,334,64,960,960.0
275,15,5,1,233,291,29,424,424.0
276,15,2,3,381,126,47,693,693.0
277,15,23,1,148,356,18,270,270.0
278,15,4,5,131,231,16,239,239.0
279,16,18,4,534,482,65,971,971.0
280,16,22,5,194,227,24,353,353.0
281,16,14,1,455,420,56,828,828.0
282,16,3,1,290,262,36,528,528.0
283,16,27,9,273,486,34,497,497.0
284,16,30,5,114,357,14,208,208.0
285,16,4,9,546,183,67,993,993.0
286,16,19,7,335,237,41,610,610.0
287,16,9,6,387,385,47,704,704.0
288,16,13,5,443,332,54,806,806.0
289,16,23,9,347,355,43,631,631.0
290,16,25,1,557,233,68,1013,1013.0
291,16,21,5,477,165,58,868,868.0
292,16,12,2,108,405,14,197,197.0
293,16,8,8,194,460,24,353,353.0
294,16,7,7,546,476,67,993,993.0
295,17,13,7,318,541,39,579,579.0
296,17,23,3,131,217,16,239,239.0
297,17,25,6,114,532,14,208,208.0
298,17,5,9,97,572,12,177,177.0
299,17,26,9,245,476,30,446,446.0
300,17,30,2,483,537,59,879,879.0
301,17,7,2,432,276,53,786,786.0
302,17,16,5,330,432,40,600,600.0
303,17,2,9,563,333,69,1024,1024.0
304,17,19,5,267,334,33,486,486.0
305,17,4,9,211,368,26,384,384.0
306,17,29,1,69,184,9,126,126.0
307,17,10,2,296,590,36,539,539.0
308,17,18,4,267,454,33,486,486.0
309,17,6,8,159,512,20,290,290.0
310,17,22,4,404,525,49,735,735.0
311,17,21,6,364,461,45,662,662.0
312,17,8,9,245,242,30,446,446.0
313,18,26,3,370,167,45,673,673.0
314,18,22,8,228,559,28,415,415.0
315,18,21,9,91,462,12,166,166.0
316,18,5,7,228,569,28,415,415.0
317,18,7,7,125,560,16,228,228.0
318,18,14,8,551,420,67,1002,1002.0
319,18,1,6,426,323,52,775,775.0
320,18,30,1,449,169,55,817,817.0
321,18,4,2,335,425,41,610,610.0
322,18,19,1,330,546,40,600,600.0
323,18,3,4,120,367,15,219,219.0
324,18,12,8,523,195,64,951,951.0
325,18,25,4,222,201,27,404,404.0
326,19,16,1,506,161,62,920,920.0
327,19,20,1,159,130,20,290,290.0
328,19,25,5,256,220,32,466,466.0
329,19,30,2,506,594,62,920,920.0
330,19,22,7,477,419,58,868,868.0
331,19,18,2,188,271,23,342,342.0
332,19,6,7,404,527,49,735,735.0
333,19,10,7,63,440,8,115,115.0
334,19,27,8,114,177,14,208,208.0
335,19,9,9,296,367,36,539,539.0
336,19,8,5,267,413,33,486,486.0
337,19,1,4,222,136,27,404,404.0
338,19,26,9,375,561,46,682,682.0
339,19,14,3,211,310,26,384,384.0
340,19,21,5,489,224,60,890,890.0
341,19,4,2,114,121,14,208,208.0
342,19,11,4,74,182,9,135,135.0
343,19,12,6,199,175,25,362,362.0
344,19,5,9,364,345,45,662,662.0
345,20,30,5,500,222,61,910,910.0
346,20,21,4,188,424,23,342,342.0
347,20,2,4,69,398,9,126,126.0
348,20,26,3,477,299,58,868,868.0
349,20,16,3,97,280,12,177,177.0
350,20,13,2,364,540,45,662,662.0
351,20,18,1,370,393,45,673,673.0
352,20,15,1,404,162,49,735,735.0
353,20,28,3,511,375,62,930,930.0
354,20,17,4,137,321,17,250,250.0
355,20,27,6,125,378,16,228,228.0
356,20,22,8,296,546,36,539,539.0
357,20,1,8,347,567,43,631,631.0
358,21,4,3,398,258,49,724,724.0
359,21,7,1,511,247,62,930,930.0
360,21,13,8,347,450,43,631,631.0
361,21,18,5,182,164,23,331,331.0
362,21,26,7,245,170,30,446,446.0
363,21,8,8,120,432,15,219,219.0
364,21,14,5,347,582,43,631,631.0
365,21,24,8,313,540,38,570,570.0
366,21,25,1,296,171,36,539,539.0
367,21,9,4,69,553,9,126,126.0
368,21,23,7,228,520,28,415,415.0
369,21,6,1,364,519,45,662,662.0
370,21,2,9,284,448,35,517,517.0
371,21,17,3,347,260,43,631,631.0
372,22,29,6,511,334,62,930,930.0
373,22,19,6,347,340,43,631,631.0
374,22,3,7,324,577,40,590,590.0
375,22,7,4,165,419,20,300,300.0
376,22,23,4,352,318,43,640,640.0
377,22,15,9,216,306,27,393,393.0
378,22,26,1,449,582,55,817,817.0
379,22,18,4,296,260,36,539,539.0
380,22,20,4,387,359,47,704,704.0
381,22,6,9,182,257,23,331,331.0
382,22,28,4,546,280,67,993,993.0
383,22,1,4,273,362,34,497,497.0
384,22,8,3,540,252,66,982,982.0
385,22,17,4,415,398,51,755,755.0
386,22,12,6,375,350,46,682,682.0
387,22,30,6,188,419,23,342,342.0
388,23,22,8,307,343,38,559,559.0
389,23,17,3,165,207,20,300,300.0
390,23,19,7,171,592,21,311,311.0
391,23,9,4,228,199,28,415,415.0
392,23,26,6,557,370,68,1013,1013.0
393,23,30,3,205,196,25,373,373.0
394,23,4,5,546,600,67,993,993.0
395,23,13,9,125,543,16,228,228.0
396,23,10,2,228,158,28,415,415.0
397,23,21,1,438,376,54,797,797.0
398,24,27,8,534,249,65,971,971.0
399,24,29,8,239,524,29,435,435.0
400,24,5,6,347,339,43,631,631.0
401,24,25,1,438,374,54,797,797.0
402,24,4,7,284,173,35,517,517.0
403,24,10,3,222,229,27,404,404.0
404,24,7,5,267,468,33,486,486.0
405,24,21,2,307,413,38,559,559.0
406,24,14,5,250,182,31,455,455.0
407,24,18,4,563,370,69,1024,1024.0
408,24,6,5,256,382,32,466,466.0
409,24,9,2,404,585,49,735,735.0
410,24,1,7,460,564,56,837,837.0
411,24,13,3,318,229,39,579,579.0
412,24,12,2,477,391,58,868,868.0
413,24,17,5,239,355,29,435,435.0
414,25,27,5,432,554,53,786,786.0
415,25,7,6,262,432,32,477,477.0
416,25,8,3,279,298,34,508,508.0
417,25,4,8,500,146,61,910,910.0
418,25,3,1,131,538,16,239,239.0
419,25,16,4,546,531,67,993,993.0
420,25,28,4,455,600,56,828,828.0
421,25,17,3,103,382,13,188,188.0
422,25,24,8,211,329,26,384,384.0
423,25,30,7,194,341,24,353,353.0
424,25,19,5,80,207,10,146,146.0
425,25,21,4,375,376,46,682,682.0
426,26,2,2,57,131,7,104,104.0
427,26,1,4,216,382,27,393,393.0
428,26,7,3,91,311,12,166,166.0
429,26,4,8,284,155,35,517,517.0
430,26,24,1,250,204,31,455,455.0
431,26,6,9,114,456,14,208,208.0
432,26,11,4,154,189,19,280,280.0
433,26,28,9,511,289,62,930,930.0
434,26,14,7,426,278,52,775,775.0
435,26,10,2,154,411,19,280,280.0
436,26,29,3,483,495,59,879,879.0
437,26,30,5,284,268,35,517,517.0
438,26,3,3,211,386,26,384,384.0
439,26,23,3,262,473,32,477,477.0
440,26,8,5,137,161,17,250,250.0
441,27,30,5,74,277,9,135,135.0
442,27,10,2,409,352,50,744,744.0
443,27,5,1,455,468,56,828,828.0
444,27,20,7,273,361,34,497,497.0
445,27,21,3,103,566,13,188,188.0
446,27,25,7,432,491,53,786,786.0
447,27,14,6,511,587,62,930,930.0
448,27,2,5,216,540,27,393,393.0
449,27,23,3,489,330,60,890,890.0
450,27,15,6,131,269,16,239,239.0
451,27,12,7,324,444,40,590,590.0
452,27,8,8,250,254,31,455,455.0
453,27,4,8,546,236,67,993,993.0
454,27,24,7,131,506,16,239,239.0
455,27,19,7,216,548,27,393,393.0
456,27,18,5,228,519,28,415,415.0
457,27,28,2,472,461,58,859,859.0
458,27,9,3,534,362,65,971,971.0
459,27,7,7,171,496,21,311,311.0
460,27,29,5,387,253,47,704,704.0
461,27,11,6,517,239,63,940,940.0
462,27,22,1,364,308,45,662,662.0
463,27,17,7,335,337,41,610,610.0
464,27,6,5,370,391,45,673,673.0
465,27,3,4,511,575,62,930,930.0
466,27,16,1,358,205,44,651,651.0
467,27,26,6,154,457,19,280,280.0
468,27,1,5,335,253,41,610,610.0
469,28,11,4,262,188,32,477,477.0
470,28,7,1,211,166,26,384,384.0
471,28,4,9,307,474,38,559,559.0
472,28,18,9,438,310,54,797,797.0
473,28,26,6,108,142,14,197,197.0
474,28,2,9,222,274,27,404,404.0
475,28,23,5,307,550,38,559,559.0
476,28,24,7,370,381,45,673,673.0
477,28,14,9,398,133,49,724,724.0
478,28,13,8,472,156,58,859,859.0
479,28,29,1,517,274,63,940,940.0
480,28,10,9,233,266,29,424,424.0
481,28,16,4,511,485,62,930,930.0
482,28,1,9,142,311,18,259,259.0
483,28,15,6,171,537,21,311,311.0
484,28,3,7,364,170,45,662,662.0
485,28,25,4,284,289,35,517,517.0
486,29,17,2,551,397,67,1002,1002.0
487,29,2,3,86,301,11,157,157.0
488,29,14,3,557,178,68,1013,1013.0
489,29,13,9,534,164,65,971,971.0
490,29,24,6,245,490,30,446,446.0
491,29,10,9,540,366,66,982,982.0
492,29,12,7,267,427,33,486,486.0
493,29,3,7,438,337,54,797,797.0
494,29,16,1,426,420,52,775,775.0
495,29,26,3,222,246,27,404,404.0
496,29,5,3,347,455,43,631,631.0
497,29,6,2,256,153,32,466,466.0
498,29,27,5,86,509,11,157,157.0
499,29,18,2,307,422,38,559,559.0
500,29,25,3,511,338,62,930,930.0
501,29,15,9,199,161,25,362,362.0
502,29,19,6,455,445,56,828,828.0
503,30,4,4,404,214,49,735,735.0
504,30,5,1,267,278,33,486,486.0
505,30,12,7,551,555,67,1002,1002.0
506,30,20,3,494,471,60,899,899.0
507,30,18,6,199,247,25,362,362.0
508,30,10,7,165,247,20,300,300.0
509,30,26,4,211,339,26,384,384.0
510,30,22,8,324,432,40,590,590.0
511,30,16,7,392,152,48,713,713.0
512,30,15,6,57,240,7,104,104.0
513,30,7,7,154,404,19,280,280.0
514,30,13,5,216,297,27,393,393.0
515,30,1,9,69,537,9,126,126.0
COMMODITIES,400
0,9,5,67,33,88,484,1324.0
1,23,12,70,32,88,471,1330.0
2,28,29,20,25,81,370,1220.0
3,18,17,65,34,86,498,1295.0
4,21,1,36,27,86,401,1298.0
5,18,12,66,35,93,514,1404.0
6,18,28,56,36,101,526,1526.0
7,14,11,24,23,81,344,1218.0
8,24,1,15,28,80,415,1204.0
9,8,4,31,23,62,342,935.0
10,15,21,44,27,79,404,1189.0
11,28,15,29,35,66,514,995.0
12,11,13,38,32,90,467,1353.0
13,13,28,65,24,89,349,1341.0
14,26,18,32,33,71,492,1068.0
15,8,5,16,31,87,452,1306.0
16,2,3,49,35,92,524,1392.0
17,9,24,67,36,99,537,1494.0
18,8,29,56,26,82,386,1235.0
19,25,12,35,20,71,289,1066.0
20,2,21,46,29,82,424,1231.0
21,9,16,28,34,110,508,1661.0
22,12,22,31,44,97,651,1467.0
23,16,3,26,32,81,472,1223.0
24,3,8,24,25,63,362,949.0
25,17,10,40,21,63,312,957.0
26,9,26,37,32,72,468,1082.0
27,30,29,28,37,84,551,1273.0
28,24,16,64,44,109,658,1643.0
29,26,3,72,31,75,453,1128.0
30,9,11,58,43,98,645,1477.0
31,7,13,45,31,80,454,1205.0
32,25,21,63,29,77,435,1159.0
33,9,4,36,31,86,455,1295.0
34,30,3,37,36,92,532,1387.0
35,6,20,26,28,52,411,793.0
36,6,13,58,35,89,517,1339.0
37,23,20,53,24,85,353,1283.0
38,4,18,23,33,88,484,1332.0
39,11,30,66,31,71,457,1067.0
40,14,17,74,39,87,575,1312.0
41,14,12,37,33,83,490,1251.0
42,1,9,44,26,63,379,945.0
43,23,30,28,34,73,499,1099.0
44,10,23,43,37,77,543,1157.0
45,2,29,72,27,80,392,1210.0
46,3,11,71,33,75,493,1127.0
47,20,29,23,24,68,349,1024.0
48,3,14,38,27,63,394,946.0
49,1,8,23,32,77,480,1159.0
50,4,25,20,37,85,549,1280.0
51,10,4,55,34,67,497,1018.0
52,12,19,52,27,92,398,1380.0
53,6,12,68,36,76,530,1141.0
54,3,16,72,30,81,445,1224.0
55,13,23,68,35,87,518,1319.0
56,3,27,26,34,80,508,1214.0
57,20,14,53,25,74,368,1123.0
58,12,25,72,36,108,539,1626.0
59,26,6,34,41,70,612,1054.0
60,13,12,46,34,88,505,1331.0
61,18,26,16,32,74,474,1116.0
62,1,4,17,31,66,451,1002.0
63,14,7,62,41,89,601,1349.0
64,11,1,57,36,74,529,1117.0
65,9,12,52,36,98,527,1479.0
66,19,8,58,35,82,521,1242.0
67,17,2,53,36,76,527,1142.0
68,11,14,26,34,81,496,1218.0
69,14,8,29,35,92,518,1388.0
70,4,19,66,44,95,648,1430.0
71,5,26,33,30,69,449,1037.0
72,23,6,53,27,87,400,1313.0
73,17,22,28,34,96,501,1449.0
74,30,17,47,38,75,569,1129.0
75,26,30,34,40,92,595,1387.0
76,13,22,44,34,85,502,1282.0
77,11,29,39,29,87,426,1316.0
78,25,3,31,28,67,417,1009.0
79,16,6,21,39,81,583,1224.0
80,8,21,59,30,79,437,1195.0
81,29,2,71,39,68,584,1031.0
82,17,12,34,31,86,454,1291.0
83,21,3,28,23,73,338,1102.0
84,18,22,56,24,69,358,1036.0
85,23,7,23,27,88,395,1325.0
86,11,10,56,37,75,552,1135.0
87,18,3,50,34,66,509,999.0
88,20,2,20,38,64,567,973.0
89,26,24,74,31,69,464,1046.0
90,26,28,51,28,93,407,1401.0
91,27,26,65,27,60,393,903.0
92,28,11,63,38,83,558,1248.0
93,22,12,17,34,88,500,1328.0
94,13,1,47,21,64,302,973.0
95,15,11,21,37,80,553,1214.0
96,28,20,33,20,68,294,1020.0
97,28,13,73,39,103,584,1550.0
98,8,9,20,38,97,559,1464.0
99,30,10,26,39,77,581,1160.0
100,21,4,49,20,79,294,1194.0
101,26,23,29,31,79,453,1190.0
102,11,9,72,35,82,525,1237.0
103,28,23,52,29,81,425,1226.0
104,10,20,65,31,70,452,1055.0
105,26,19,37,32,75,480,1128.0
106,19,10,64,34,56,498,851.0
107,26,29,49,21,70,301,1057.0
108,8,17,24,32,85,476,1280.0
109,17,15,27,26,71,383,1071.0
110,18,9,48,38,73,570,1105.0
111,18,27,43,32,77,477,1167.0
112,22,23,32,23,79,345,1195.0
113,10,9,16,38,77,559,1165.0
114,17,30,71,28,73,406,1099.0
115,8,11,33,40,74,598,1116.0
116,4,20,18,28,61,410,921.0
117,16,22,72,34,73,507,1108.0
118,16,2,63,37,88,555,1323.0
119,25,14,34,31,75,465,1126.0
120,7,25,43,40,64,590,971.0
121,4,9,18,29,57,433,865.0
122,2,20,15,31,58,452,876.0
123,19,7,50,33,83,485,1248.0
124,14,1,46,34,75,507,1131.0
125,11,15,57,46,86,688,1297.0
126,4,23,27,39,95,571,1425.0
127,30,28,71,32,81,477,1228.0
128,14,26,47,34,77,510,1167.0
129,24,15,61,32,97,475,1467.0
130,18,23,29,27,76,394,1144.0
131,17,13,34,39,85,573,1280.0
132,4,27,15,30,66,436,1000.0
133,19,20,49,33,65,482,983.0
134,25,9,15,40,91,589,1373.0
135,17,1,23,37,80,549,1207.0
136,14,25,66,28,84,418,1271.0
137,24,2,22,38,98,558,1474.0
138,15,9,68,30,77,446,1156.0
139,25,16,33,34,93,502,1399.0
140,4,7,74,30,89,449,1346.0
141,13,14,64,35,72,523,1094.0
142,18,4,23,34,78,503,1179.0
143,10,26,49,33,81,490,1229.0
144,21,20,58,34,91,499,1373.0
145,4,5,68,34,86,497,1299.0
146,3,25,69,30,74,440,1114.0
147,19,6,19,36,73,526,1105.0
148,22,9,36,36,93,529,1408.0
149,28,7,32,36,72,534,1086.0
150,10,12,52,24,56,353,844.0
151,8,19,69,24,51,357,775.0
152,20,13,31,25,85,367,1276.0
153,17,8,37,33,77,488,1164.0
154,30,4,45,26,62,378,935.0
155,19,13,71,29,82,430,1237.0
156,22,24,51,25,89,372,1338.0
157,20,10,46,34,78,505,1177.0
158,10,1,42,38,66,565,996.0
159,30,20,40,45,85,667,1282.0
160,11,17,38,35,94,522,1415.0
161,3,5,70,34,87,505,1316.0
162,5,10,21,28,74,420,1122.0
163,12,17,28,32,86,478,1290.0
164,4,3,35,34,84,507,1266.0
165,19,24,15,40,74,592,1120.0
166,11,2,40,32,81,478,1229.0
167,17,19,42,25,65,365,978.0
168,1,26,54,41,76,602,1146.0
169,30,21,70,32,71,471,1067.0
170,19,5,34,33,95,487,1439.0
171,22,17,24,31,89,453,1336.0
172,6,30,72,37,82,554,1244.0
173,25,18,70,39,79,574,1189.0
174,14,22,19,30,85,444,1275.0
175,12,4,54,30,93,442,1408.0
176,2,22,69,29,82,427,1242.0
177,14,9,27,38,84,565,1273.0
178,13,5,36,40,93,587,1409.0
179,8,1,71,38,87,570,1311.0
180,12,6,66,33,79,488,1199.0
181,21,17,47,25,84,362,1262.0
182,19,29,46,23,55,338,839.0
183,10,8,19,27,71,392,1077.0
184,20,1,71,28,75,415,1125.0
185,29,20,58,33,76,485,1154.0
186,4,13,69,26,62,387,933.0
187,18,6,52,26,81,388,1217.0
188,30,9,55,37,84,548,1270.0
189,3,7,56,24,59,351,885.0
190,2,30,35,32,83,470,1250.0
191,12,30,28,33,79,482,1198.0
192,11,12,56,35,87,517,1314.0
193,3,18,32,34,82,502,1239.0
194,21,26,38,26,71,380,1068.0
195,8,6,54,28,81,412,1220.0
196,16,25,63,46,107,679,1608.0
197,7,15,46,35,74,515,1121.0
198,29,30,45,30,64,447,964.0
199,20,21,31,33,70,486,1055.0
200,28,10,26,30,74,442,1114.0
201,30,14,21,30,68,445,1028.0
202,30,8,38,30,70,441,1053.0
203,20,19,32,30,89,447,1343.0
204,29,24,27,32,73,480,1108.0
205,14,19,28,35,90,521,1361.0
206,4,14,70,31,90,458,1351.0
207,29,13,15,25,85,368,1280.0
208,25,27,30,33,75,495,1133.0
209,27,3,40,24,80,357,1213.0
210,4,17,52,28,77,418,1156.0
211,4,29,18,36,64,534,962.0
212,19,23,26,30,84,438,1274.0
213,9,13,36,36,72,526,1091.0
214,15,28,15,36,103,528,1551.0
215,13,7,70,31,69,451,1039.0
216,13,9,39,43,95,642,1436.0
217,11,16,68,31,94,462,1418.0
218,19,3,17,29,76,433,1144.0
219,7,18,74,27,60,399,909.0
220,9,17,47,36,89,532,1338.0
221,3,26,20,30,53,446,804.0
222,28,3,70,33,88,494,1329.0
223,11,26,69,28,75,414,1135.0
224,24,8,56,34,90,508,1353.0
225,21,23,72,30,76,447,1143.0
226,29,23,42,35,94,514,1417.0
227,25,20,65,24,72,353,1082.0
228,22,19,31,33,87,487,1315.0
229,29,11,23,26,90,381,1360.0
230,8,18,44,33,75,488,1130.0
231,29,26,62,37,81,541,1226.0
232,23,29,71,42,86,618,1291.0
233,9,2,29,44,87,646,1317.0
234,14,15,24,30,74,439,1123.0
235,20,24,27,37,83,551,1256.0
236,4,28,45,28,85,406,1285.0
237,22,8,57,36,81,528,1227.0
238,11,25,38,36,92,527,1388.0
239,18,25,22,34,74,499,1119.0
240,2,26,15,38,105,565,1584.0
241,30,1,57,30,49,448,749.0
242,2,24,59,42,87,619,1319.0
243,12,26,21,21,84,310,1264.0
244,28,21,22,33,82,487,1236.0
245,10,19,38,33,86,492,1299.0
246,14,3,58,37,69,542,1049.0
247,6,24,27,29,74,426,1114.0
248,10,30,70,37,70,545,1062.0
249,23,25,22,32,81,477,1222.0
250,5,11,28,40,101,595,1523.0
251,27,2,71,38,80,570,1201.0
252,24,10,69,34,82,504,1231.0
253,25,7,69,20,66,295,990.0
254,4,1,28,27,65,391,982.0
255,25,19,30,34,60,508,910.0
256,30,13,28,26,65,387,978.0
257,22,11,52,36,89,529,1337.0
258,24,30,39,29,93,429,1403.0
259,27,19,24,34,80,496,1200.0
260,29,3,59,32,101,467,1528.0
261,12,23,56,30,88,445,1323.0
262,3,4,73,40,89,600,1341.0
263,10,25,21,35,87,523,1313.0
264,26,9,35,32,82,477,1231.0
265,18,8,21,27,66,395,998.0
266,22,18,47,34,81,508,1224.0
267,27,7,41,20,54,297,814.0
268,29,21,56,28,66,412,998.0
269,16,5,70,26,86,378,1302.0
270,18,7,16,31,60,462,906.0
271,20,18,42,34,87,510,1317.0
272,2,23,74,31,91,454,1370.0
273,22,29,21,44,106,651,1599.0
274,9,10,34,35,90,522,1356.0
275,29,22,60,34,94,507,1410.0
276,30,7,27,31,64,461,964.0
277,1,11,70,35,73,516,1099.0
278,21,29,63,29,97,425,1455.0
279,25,17,42,28,53,410,809.0
280,30,19,56,33,85,484,1284.0
281,5,18,52,37,94,549,1413.0
282,2,18,74,27,70,404,1051.0
283,22,28,50,30,103,439,1550.0
284,23,18,59,30,76,449,1151.0
285,14,5,67,40,100,587,1501.0
286,5,13,26,28,81,407,1222.0
287,3,29,25,28,87,408,1315.0
288,27,11,41,33,88,487,1321.0
289,25,4,62,29,65,422,978.0
290,3,19,25,33,82,489,1242.0
291,26,25,64,28,69,412,1042.0
292,19,12,52,28,67,419,1017.0
293,23,24,63,28,79,413,1195.0
294,14,10,15,27,86,399,1293.0
295,27,28,69,26,86,382,1292.0
296,13,16,38,34,96,500,1454.0
297,12,13,41,28,90,414,1356.0
298,22,26,51,34,86,510,1292.0
299,15,20,41,38,83,557,1259.0
300,6,23,25,23,72,338,1085.0
301,26,11,33,37,71,549,1071.0
302,12,27,23,35,81,518,1218.0
303,11,3,20,29,96,434,1449.0
304,21,24,32,38,90,567,1363.0
305,4,10,35,34,82,503,1244.0
306,4,24,59,38,88,556,1320.0
307,28,27,30,35,92,511,1383.0
308,10,14,51,40,64,599,973.0
309,27,30,51,25,49,374,740.0
310,6,10,41,28,69,407,1037.0
311,21,25,64,34,85,508,1289.0
312,24,4,44,30,82,448,1243.0
313,13,18,48,28,70,420,1061.0
314,11,19,43,24,61,348,925.0
315,9,6,26,30,84,445,1266.0
316,19,18,48,25,56,366,851.0
317,17,23,17,46,75,688,1136.0
318,30,22,40,33,74,482,1120.0
319,10,2,29,31,70,465,1053.0
320,28,14,61,38,89,570,1346.0
321,13,24,42,31,68,459,1022.0
322,10,28,67,34,82,508,1239.0
323,16,27,47,36,88,534,1320.0
324,16,12,63,36,63,529,956.0
325,26,2,64,38,59,561,890.0
326,7,12,40,26,67,386,1018.0
327,3,12,51,33,79,487,1189.0
328,7,30,49,25,65,370,985.0
329,22,10,57,30,86,446,1299.0
330,8,15,46,34,67,501,1019.0
331,23,13,31,33,60,490,908.0
332,17,14,65,36,88,536,1328.0
333,29,25,40,40,100,590,1509.0
334,17,3,18,20,59,295,898.0
335,12,21,72,33,70,490,1057.0
336,13,11,70,32,65,469,976.0
337,25,28,35,35,102,517,1534.0
338,28,25,51,28,77,406,1155.0
339,4,6,56,35,56,522,843.0
340,8,26,49,36,75,532,1139.0
341,2,25,44,25,92,365,1385.0
342,3,2,15,38,71,567,1070.0
343,9,29,16,41,96,612,1443.0
344,22,13,26,24,88,360,1326.0
345,21,12,16,28,96,411,1443.0
346,20,17,48,34,66,509,999.0
347,4,15,37,37,88,542,1330.0
348,8,13,46,25,80,369,1211.0
349,21,9,23,35,57,515,860.0
350,3,17,67,26,72,376,1090.0
351,17,26,52,28,73,415,1097.0
352,12,2,37,29,83,427,1245.0
353,7,4,23,26,56,377,848.0
354,25,13,26,29,82,428,1243.0
355,28,19,25,35,92,517,1393.0
356,7,9,63,35,80,524,1209.0
357,14,20,35,40,71,586,1079.0
358,24,6,35,31,78,455,1184.0
359,19,25,23,22,66,325,991.0
360,8,27,65,29,68,421,1028.0
361,28,30,26,32,79,474,1188.0
362,12,14,67,41,96,604,1440.0
363,3,22,60,36,78,533,1170.0
364,12,15,40,37,95,554,1425.0
365,4,16,60,34,75,508,1134.0
366,30,16,31,38,93,564,1405.0
367,23,11,36,35,82,519,1232.0
368,1,20,22,38,72,564,1084.0
369,20,7,34,30,81,440,1222.0
370,5,29,48,30,82,450,1244.0
371,7,21,65,33,80,481,1201.0
372,2,12,43,48,103,716,1545.0
373,4,8,38,36,92,535,1384.0
374,19,2,74,37,80,554,1202.0
375,27,15,27,34,64,503,966.0
376,8,12,66,36,85,526,1287.0
377,15,7,23,34,66,505,992.0
378,1,30,55,27,54,392,817.0
379,12,11,22,32,91,466,1376.0
380,22,4,19,30,79,436,1194.0
381,6,28,54,35,88,515,1330.0
382,1,3,55,27,83,404,1250.0
383,16,13,51,27,82,394,1240.0
384,19,28,51,29,91,425,1373.0
385,29,7,74,22,65,324,978.0
386,3,20,37,31,64,459,965.0
387,12,24,72,32,86,479,1297.0
388,4,30,31,45,88,673,1324.0
389,9,19,24,26,80,378,1209.0
390,7,6,53,35,72,513,1081.0
391,24,17,67,40,84,596,1262.0
392,3,1,41,25,75,371,1130.0
393,13,30,29,36,88,535,1330.0
394,8,3,58,33,82,490,1236.0
395,16,8,65,34,70,507,1051.0
396,12,9,68,32,76,479,1142.0
397,23,27,23,32,78,473,1175.0
398,8,14,33,33,61,488,918.0
399,19,15,69,34,81,497,1225.0
horizon=110
