NODES,30
1,1,-,-
2,2,-,-
3,3,-,-
4,4,-,-
5,5,-,-
6,6,-,-
7,7,-,-
8,8,-,-
9,9,-,-
10,10,-,-
11,11,-,-
12,12,-,-
13,13,-,-
14,14,-,-
15,15,-,-
16,16,-,-
17,17,-,-
18,18,-,-
19,19,-,-
20,20,-,-
21,21,-,-
22,22,-,-
23,23,-,-
24,24,-,-
25,25,-,-
26,26,-,-
27,27,-,-
28,28,-,-
29,29,-,-
30,30,-,-
ARCS,518
0,1,15,8,267,196,33,486,486.0
1,1,28,1,947,182,115,1722,1722.0
2,1,13,7,656,583,80,1193,1193.0
3,1,12,7,995,377,121,1810,1810.0
4,1,6,4,874,363,106,1590,1590.0
5,1,2,9,401,569,49,730,730.0
6,1,22,6,825,593,100,1500,1500.0
7,1,18,7,510,574,62,928,928.0
8,1,20,9,765,442,93,1391,1391.0
9,1,21,2,1080,554,131,1964,1964.0
10,1,16,7,146,256,18,266,266.0
11,1,7,4,668,482,81,1215,1215.0
12,1,14,6,158,136,20,288,288.0
13,1,24,4,862,273,105,1568,1568.0
14,1,3,6,631,396,77,1148,1148.0
15,1,26,2,534,289,65,971,971.0
16,1,4,6,304,508,37,553,553.0
17,2,9,8,401,243,49,730,730.0
18,2,16,5,546,475,67,993,993.0
19,2,12,4,971,376,118,1766,1766.0
20,2,5,7,1129,289,137,2053,2053.0
21,2,6,7,862,505,105,1568,1568.0
22,2,1,2,182,192,23,331,331.0
23,2,11,1,983,288,120,1788,1788.0
24,2,24,2,352,552,43,640,640.0
25,2,23,9,1020,331,124,1855,1855.0
26,2,27,4,716,478,87,1302,1302.0
27,2,10,6,340,530,42,619,619.0
28,2,29,2,1032,211,126,1877,1877.0
29,2,3,5,947,201,115,1722,1722.0
30,2,26,6,1104,488,134,2008,2008.0
31,2,20,4,498,172,61,906,906.0
32,2,17,3,656,264,80,1193,1193.0
33,2,15,3,1165,450,142,2119,2119.0
34,3,21,1,292,566,36,531,531.0
35,3,9,2,401,183,49,730,730.0
36,3,19,3,741,131,90,1348,1348.0
37,3,2,1,158,509,20,288,288.0
38,3,7,1,983,275,120,1788,1788.0
39,3,25,6,1044,286,127,1899,1899.0
40,3,12,4,680,310,83,1237,1237.0
41,3,10,9,983,310,120,1788,1788.0
42,3,20,4,801,580,98,1457,1457.0
43,3,30,4,801,293,98,1457,1457.0
44,3,4,5,413,209,51,751,751.0
45,3,18,6,850,201,104,1546,1546.0
46,3,26,6,668,170,81,1215,1215.0
47,3,22,3,534,430,65,971,971.0
48,3,28,6,389,264,48,708,708.0
49,3,11,5,389,389,48,708,708.0
50,3,16,2,219,134,27,399,399.0
51,4,24,8,1153,467,140,2097,2097.0
52,4,23,1,304,512,37,553,553.0
53,4,28,7,1141,328,139,2075,2075.0
54,4,27,5,522,170,64,950,950.0
55,4,9,5,607,498,74,1104,1104.0
56,4,26,2,728,574,89,1324,1324.0
57,4,13,4,1117,490,136,2031,2031.0
58,4,7,4,838,577,102,1524,1524.0
59,4,25,9,825,502,100,1500,1500.0
60,4,8,7,935,370,114,1700,1700.0
61,4,6,2,437,318,53,795,795.0
62,4,5,9,898,473,109,1633,1633.0
63,4,29,2,1044,557,127,1899,1899.0
64,4,30,5,741,298,90,1348,1348.0
65,4,2,2,474,155,58,862,862.0
66,5,19,3,959,265,117,1744,1744.0
67,5,15,4,340,391,42,619,619.0
68,5,24,6,559,466,68,1017,1017.0
69,5,9,3,850,280,104,1546,1546.0
70,5,14,1,1032,430,126,1877,1877.0
71,5,8,7,255,375,31,464,464.0
72,5,25,6,377,317,46,686,686.0
73,5,17,3,486,428,59,884,884.0
74,5,6,9,134,413,17,244,244.0
75,5,30,2,1007,312,123,1831,1831.0
76,5,21,1,1153,261,140,2097,2097.0
77,5,10,4,765,431,93,1391,1391.0
78,5,27,7,328,215,40,597,597.0
79,5,7,6,280,345,34,510,510.0
80,5,28,7,1056,363,128,1920,1920.0
81,5,29,9,728,574,89,1324,1324.0
82,5,11,1,789,239,96,1435,1435.0
83,6,13,4,862,456,105,1568,1568.0
84,6,25,6,522,474,64,950,950.0
85,6,27,1,874,524,106,1590,1590.0
86,6,3,7,983,276,120,1788,1788.0
87,6,17,5,1153,476,140,2097,2097.0
88,6,12,8,716,207,87,1302,1302.0
89,6,7,8,486,160,59,884,884.0
90,6,26,8,656,315,80,1193,1193.0
91,6,19,4,534,135,65,971,971.0
92,6,8,9,280,132,34,510,510.0
93,6,9,6,292,415,36,531,531.0
94,6,10,6,231,203,28,420,420.0
95,6,20,6,923,282,112,1679,1679.0
96,6,2,7,134,384,17,244,244.0
97,6,29,1,959,288,117,1744,1744.0
98,6,24,6,267,439,33,486,486.0
99,6,23,8,741,514,90,1348,1348.0
100,6,21,2,449,348,55,817,817.0
101,6,16,1,280,415,34,510,510.0
102,7,20,1,546,372,67,993,993.0
103,7,24,7,207,491,26,377,377.0
104,7,28,2,838,327,102,1524,1524.0
105,7,8,1,158,205,20,288,288.0
106,7,2,3,935,379,114,1700,1700.0
107,7,22,3,619,184,76,1126,1126.0
108,7,30,2,813,538,99,1479,1479.0
109,7,6,3,631,582,77,1148,1148.0
110,7,14,2,170,391,21,310,310.0
111,7,27,8,316,234,39,575,575.0
112,7,4,4,328,243,40,597,597.0
113,7,5,5,656,587,80,1193,1193.0
114,7,16,1,704,304,86,1280,1280.0
115,7,29,9,510,385,62,928,928.0
116,7,15,7,546,410,67,993,993.0
117,7,23,2,619,392,76,1126,1126.0
118,7,25,9,680,341,83,1237,1237.0
119,7,26,2,753,467,92,1370,1370.0
120,7,3,7,219,215,27,399,399.0
121,7,1,2,546,510,67,993,993.0
122,8,7,1,789,257,96,1435,1435.0
123,8,28,6,583,468,71,1060,1060.0
124,8,20,9,583,149,71,1060,1060.0
125,8,13,9,292,288,36,531,531.0
126,8,14,6,607,422,74,1104,1104.0
127,8,15,7,195,363,24,355,355.0
128,8,10,5,170,494,21,310,310.0
129,8,5,7,437,292,53,795,795.0
130,8,21,3,1153,406,140,2097,2097.0
131,8,30,9,182,488,23,331,331.0
132,8,27,7,292,580,36,531,531.0
133,8,17,1,619,136,76,1126,1126.0
134,8,22,9,413,262,51,751,751.0
135,8,4,8,474,279,58,862,862.0
136,8,9,8,534,351,65,971,971.0
137,8,18,9,631,419,77,1148,1148.0
138,8,6,8,377,231,46,686,686.0
139,8,3,3,704,497,86,1280,1280.0
140,8,16,7,267,303,33,486,486.0
141,8,29,6,971,280,118,1766,1766.0
142,9,11,1,838,574,102,1524,1524.0
143,9,7,3,559,355,68,1017,1017.0
144,9,3,2,886,442,108,1611,1611.0
145,9,18,4,959,265,117,1744,1744.0
146,9,14,6,813,488,99,1479,1479.0
147,9,10,5,1068,547,130,1942,1942.0
148,9,29,2,1165,140,142,2119,2119.0
149,9,22,6,777,545,95,1413,1413.0
150,9,1,5,389,359,48,708,708.0
151,10,5,7,583,414,71,1060,1060.0
152,10,14,6,486,347,59,884,884.0
153,10,21,9,1007,478,123,1831,1831.0
154,10,28,6,352,342,43,640,640.0
155,10,2,8,413,448,51,751,751.0
156,10,11,4,182,318,23,331,331.0
157,10,4,8,352,498,43,640,640.0
158,10,29,8,935,210,114,1700,1700.0
159,10,25,5,207,353,26,377,377.0
160,10,7,5,959,443,117,1744,1744.0
161,10,8,7,704,557,86,1280,1280.0
162,10,6,5,122,381,15,222,222.0
163,10,15,8,486,146,59,884,884.0
164,10,13,1,437,184,53,795,795.0
165,10,24,6,122,443,15,222,222.0
166,10,3,4,1117,551,136,2031,2031.0
167,10,30,9,546,330,67,993,993.0
168,11,3,1,559,472,68,1017,1017.0
169,11,6,3,122,463,15,222,222.0
170,11,7,3,1177,410,143,2140,2140.0
171,11,4,9,656,275,80,1193,1193.0
172,11,15,6,656,170,80,1193,1193.0
173,11,22,2,571,557,70,1039,1039.0
174,11,18,6,364,538,45,662,662.0
175,11,23,9,231,235,28,420,420.0
176,11,14,4,449,522,55,817,817.0
177,11,26,2,401,534,49,730,730.0
178,11,13,6,1117,215,136,2031,2031.0
179,11,10,3,231,508,28,420,420.0
180,11,29,1,765,464,93,1391,1391.0
181,11,1,9,474,413,58,862,862.0
182,11,12,1,959,226,117,1744,1744.0
183,12,20,4,825,419,100,1500,1500.0
184,12,22,7,728,196,89,1324,1324.0
185,12,7,4,656,366,80,1193,1193.0
186,12,13,3,389,197,48,708,708.0
187,12,28,9,850,373,104,1546,1546.0
188,12,23,9,765,433,93,1391,1391.0
189,12,25,3,146,135,18,266,266.0
190,12,10,7,462,576,56,840,840.0
191,12,4,4,413,377,51,751,751.0
192,12,5,2,656,331,80,1193,1193.0
193,12,26,2,813,132,99,1479,1479.0
194,12,15,5,1080,271,131,1964,1964.0
195,12,17,8,328,451,40,597,597.0
196,12,2,2,158,205,20,288,288.0
197,12,11,6,546,211,67,993,993.0
198,12,19,5,413,349,51,751,751.0
199,12,30,7,656,354,80,1193,1193.0
200,12,29,4,316,168,39,575,575.0
201,12,18,4,352,348,43,640,640.0
202,12,16,5,170,346,21,310,310.0
203,13,23,1,741,468,90,1348,1348.0
204,13,18,2,134,251,17,244,244.0
205,13,10,9,522,137,64,950,950.0
206,13,2,8,340,400,42,619,619.0
207,13,20,3,534,364,65,971,971.0
208,13,22,5,1129,124,137,2053,2053.0
209,13,6,9,777,400,95,1413,1413.0
210,13,17,9,243,470,30,442,442.0
211,13,21,9,643,257,78,1170,1170.0
212,13,1,4,462,462,56,840,840.0
213,13,4,2,838,285,102,1524,1524.0
214,13,16,7,158,188,20,288,288.0
215,13,27,2,182,508,23,331,331.0
216,13,25,7,134,246,17,244,244.0
217,13,3,6,1129,192,137,2053,2053.0
218,13,7,2,838,239,102,1524,1524.0
219,13,19,2,534,273,65,971,971.0
220,13,12,5,765,261,93,1391,1391.0
221,13,11,9,971,346,118,1766,1766.0
222,13,9,8,377,191,46,686,686.0
223,14,22,2,280,304,34,510,510.0
224,14,8,9,1104,569,134,2008,2008.0
225,14,5,7,462,588,56,840,840.0
226,14,23,1,122,552,15,222,222.0
227,14,1,2,437,458,53,795,795.0
228,14,24,5,1092,138,133,1986,1986.0
229,14,28,7,947,593,115,1722,1722.0
230,14,30,8,559,210,68,1017,1017.0
231,14,25,1,825,473,100,1500,1500.0
232,14,19,1,595,529,73,1082,1082.0
233,14,26,6,1044,180,127,1899,1899.0
234,14,13,6,498,233,61,906,906.0
235,14,9,4,207,234,26,377,377.0
236,14,4,6,546,415,67,993,993.0
237,15,7,8,534,478,65,971,971.0
238,15,22,5,510,426,62,928,928.0
239,15,21,6,983,548,120,1788,1788.0
240,15,1,7,328,468,40,597,597.0
241,15,6,1,1141,263,139,2075,2075.0
242,15,11,2,741,388,90,1348,1348.0
243,15,12,2,668,468,81,1215,1215.0
244,15,14,2,449,559,55,817,817.0
245,15,10,9,898,480,109,1633,1633.0
246,15,2,8,1032,147,126,1877,1877.0
247,15,24,4,643,404,78,1170,1170.0
248,15,19,6,449,443,55,817,817.0
249,15,3,1,1032,213,126,1877,1877.0
250,16,18,5,874,120,106,1590,1590.0
251,16,17,4,777,570,95,1413,1413.0
252,16,24,4,898,494,109,1633,1633.0
253,16,28,1,656,235,80,1193,1193.0
254,16,29,6,1153,375,140,2097,2097.0
255,16,21,5,255,261,31,464,464.0
256,16,23,8,801,582,98,1457,1457.0
257,16,9,8,1189,379,145,2162,2162.0
258,16,12,9,304,347,37,553,553.0
259,16,27,5,304,466,37,553,553.0
260,16,19,6,1153,384,140,2097,2097.0
261,16,10,8,583,474,71,1060,1060.0
262,16,15,9,255,203,31,464,464.0
263,16,6,9,583,331,71,1060,1060.0
264,16,5,5,122,520,15,222,222.0
265,16,7,4,995,454,121,1810,1810.0
266,16,8,2,631,234,77,1148,1148.0
267,16,26,8,462,499,56,840,840.0
268,16,14,4,995,297,121,1810,1810.0
269,17,9,7,631,553,77,1148,1148.0
270,17,22,2,971,377,118,1766,1766.0
271,17,24,1,340,207,42,619,619.0
272,17,29,3,328,130,40,597,597.0
273,17,21,5,1202,307,146,2186,2186.0
274,17,30,4,255,137,31,464,464.0
275,17,10,8,146,551,18,266,266.0
276,17,6,2,1032,421,126,1877,1877.0
277,17,2,3,716,148,87,1302,1302.0
278,17,1,1,716,565,87,1302,1302.0
279,17,27,6,207,528,26,377,377.0
280,17,5,1,364,527,45,662,662.0
281,17,25,7,935,438,114,1700,1700.0
282,17,16,6,462,199,56,840,840.0
283,17,13,8,643,268,78,1170,1170.0
284,18,2,5,243,360,30,442,442.0
285,18,22,8,437,120,53,795,795.0
286,18,1,7,134,464,17,244,244.0
287,18,9,9,777,357,95,1413,1413.0
288,18,30,1,886,371,108,1611,1611.0
289,18,21,8,474,367,58,862,862.0
290,18,16,9,1007,288,123,1831,1831.0
291,18,19,2,534,171,65,971,971.0
292,18,12,8,1104,293,134,2008,2008.0
293,18,24,5,534,150,65,971,971.0
294,18,6,7,1177,198,143,2140,2140.0
295,18,15,4,546,438,67,993,993.0
296,18,3,5,595,297,73,1082,1082.0
297,19,4,9,643,451,78,1170,1170.0
298,19,22,4,947,208,115,1722,1722.0
299,19,24,9,1032,164,126,1877,1877.0
300,19,9,2,825,126,100,1500,1500.0
301,19,14,5,389,456,48,708,708.0
302,19,3,2,838,241,102,1524,1524.0
303,19,28,3,850,245,104,1546,1546.0
304,19,10,2,255,565,31,464,464.0
305,19,8,9,825,512,100,1500,1500.0
306,19,29,4,1202,494,146,2186,2186.0
307,19,7,1,243,538,30,442,442.0
308,19,25,2,898,191,109,1633,1633.0
309,19,12,5,462,410,56,840,840.0
310,19,26,1,498,282,61,906,906.0
311,19,18,4,364,162,45,662,662.0
312,20,26,5,716,394,87,1302,1302.0
313,20,4,5,146,510,18,266,266.0
314,20,8,5,377,264,46,686,686.0
315,20,10,2,571,336,70,1039,1039.0
316,20,29,2,486,474,59,884,884.0
317,20,15,8,1104,316,134,2008,2008.0
318,20,21,4,1032,202,126,1877,1877.0
319,20,6,7,583,506,71,1060,1060.0
320,20,30,5,910,171,111,1655,1655.0
321,20,5,8,874,509,106,1590,1590.0
322,20,2,3,316,219,39,575,575.0
323,20,24,4,583,190,71,1060,1060.0
324,20,9,4,449,138,55,817,817.0
325,20,13,8,267,473,33,486,486.0
326,20,28,5,668,390,81,1215,1215.0
327,20,18,2,304,580,37,553,553.0
328,20,23,8,935,458,114,1700,1700.0
329,20,7,7,534,590,65,971,971.0
330,20,14,4,643,518,78,1170,1170.0
331,21,19,1,498,419,61,906,906.0
332,21,15,4,862,140,105,1568,1568.0
333,21,7,7,328,274,40,597,597.0
334,21,28,3,862,323,105,1568,1568.0
335,21,20,6,267,279,33,486,486.0
336,21,1,4,413,419,51,751,751.0
337,21,3,6,316,472,39,575,575.0
338,21,2,6,474,577,58,862,862.0
339,21,30,2,692,251,84,1259,1259.0
340,21,24,2,1007,388,123,1831,1831.0
341,21,25,7,777,166,95,1413,1413.0
342,21,10,7,947,442,115,1722,1722.0
343,21,18,4,413,526,51,751,751.0
344,21,26,5,777,234,95,1413,1413.0
345,22,26,4,692,199,84,1259,1259.0
346,22,15,7,753,343,92,1370,1370.0
347,22,19,1,546,324,67,993,993.0
348,22,30,9,1104,333,134,2008,2008.0
349,22,6,3,340,180,42,619,619.0
350,22,17,7,1177,371,143,2140,2140.0
351,22,18,5,522,558,64,950,950.0
352,22,3,3,595,588,73,1082,1082.0
353,22,11,2,377,391,46,686,686.0
354,22,28,4,134,343,17,244,244.0
355,22,25,8,898,325,109,1633,1633.0
356,22,1,9,231,440,28,420,420.0
357,22,29,1,1189,122,145,2162,2162.0
358,22,12,4,619,552,76,1126,1126.0
359,22,8,9,789,470,96,1435,1435.0
360,22,20,4,474,280,58,862,862.0
361,22,14,3,158,231,20,288,288.0
362,22,7,6,983,485,120,1788,1788.0
363,22,13,3,825,381,100,1500,1500.0
364,22,9,2,243,505,30,442,442.0
365,22,24,2,195,161,24,355,355.0
366,22,5,6,1020,510,124,1855,1855.0
367,23,28,4,959,553,117,1744,1744.0
368,23,13,5,425,358,52,773,773.0
369,23,14,6,389,328,48,708,708.0
370,23,3,8,1165,173,142,2119,2119.0
371,23,7,9,1056,542,128,1920,1920.0
372,23,10,5,886,304,108,1611,1611.0
373,23,5,6,704,522,86,1280,1280.0
374,23,17,9,825,384,100,1500,1500.0
375,23,27,9,389,545,48,708,708.0
376,23,25,3,801,282,98,1457,1457.0
377,23,4,7,1020,490,124,1855,1855.0
378,23,18,8,510,273,62,928,928.0
379,23,26,6,862,538,105,1568,1568.0
380,23,6,4,923,387,112,1679,1679.0
381,23,22,5,474,289,58,862,862.0
382,23,19,8,1104,231,134,2008,2008.0
383,23,20,4,134,451,17,244,244.0
384,23,24,9,1080,565,131,1964,1964.0
385,23,30,1,959,463,117,1744,1744.0
386,23,9,9,158,240,20,288,288.0
387,24,30,1,1141,324,139,2075,2075.0
388,24,3,7,1153,323,140,2097,2097.0
389,24,8,8,741,381,90,1348,1348.0
390,24,13,7,643,208,78,1170,1170.0
391,24,16,4,813,140,99,1479,1479.0
392,24,29,3,619,544,76,1126,1126.0
393,24,6,1,583,414,71,1060,1060.0
394,24,10,8,971,599,118,1766,1766.0
395,24,5,7,158,333,20,288,288.0
396,24,2,4,195,521,24,355,355.0
397,24,14,1,716,396,87,1302,1302.0
398,24,23,5,413,313,51,751,751.0
399,24,18,3,389,404,48,708,708.0
400,24,7,4,862,312,105,1568,1568.0
401,24,28,7,280,258,34,510,510.0
402,24,4,9,462,299,56,840,840.0
403,24,11,4,862,342,105,1568,1568.0
404,24,17,2,862,371,105,1568,1568.0
405,25,14,7,352,443,43,640,640.0
406,25,9,8,971,306,118,1766,1766.0
407,25,12,6,825,462,100,1500,1500.0
408,25,13,7,413,208,51,751,751.0
409,25,21,2,352,273,43,640,640.0
410,25,1,2,1032,577,126,1877,1877.0
411,25,5,7,607,319,74,1104,1104.0
412,25,22,3,1044,409,127,1899,1899.0
413,25,16,5,486,208,59,884,884.0
414,25,28,8,1153,217,140,2097,2097.0
415,25,19,3,231,408,28,420,420.0
416,25,8,5,947,138,115,1722,1722.0
417,25,26,1,898,588,109,1633,1633.0
418,25,29,2,1141,454,139,2075,2075.0
419,25,6,5,1141,340,139,2075,2075.0
420,25,3,7,1177,335,143,2140,2140.0
421,25,2,6,195,164,24,355,355.0
422,25,10,9,377,289,46,686,686.0
423,26,16,4,425,463,52,773,773.0
424,26,2,9,267,246,33,486,486.0
425,26,30,9,304,223,37,553,553.0
426,26,20,9,255,468,31,464,464.0
427,26,23,8,971,571,118,1766,1766.0
428,26,28,2,886,486,108,1611,1611.0
429,26,18,5,874,493,106,1590,1590.0
430,26,22,9,1165,161,142,2119,2119.0
431,26,13,9,753,476,92,1370,1370.0
432,26,29,7,462,468,56,840,840.0
433,26,9,4,692,183,84,1259,1259.0
434,26,17,9,1104,318,134,2008,2008.0
435,26,11,1,243,184,30,442,442.0
436,27,23,7,741,388,90,1348,1348.0
437,27,1,8,923,510,112,1679,1679.0
438,27,12,6,534,282,65,971,971.0
439,27,5,6,158,367,20,288,288.0
440,27,30,7,377,379,46,686,686.0
441,27,4,9,389,257,48,708,708.0
442,27,15,5,923,170,112,1679,1679.0
443,27,28,4,546,394,67,993,993.0
444,27,13,8,935,315,114,1700,1700.0
445,27,14,5,146,234,18,266,266.0
446,27,16,5,910,530,111,1655,1655.0
447,27,9,3,1056,577,128,1920,1920.0
448,27,11,3,207,185,26,377,377.0
449,27,2,5,474,587,58,862,862.0
450,27,17,1,947,226,115,1722,1722.0
451,27,19,3,643,533,78,1170,1170.0
452,27,29,3,813,473,99,1479,1479.0
453,27,3,7,158,309,20,288,288.0
454,27,21,6,995,347,121,1810,1810.0
455,27,7,6,413,413,51,751,751.0
456,27,20,9,716,358,87,1302,1302.0
457,27,22,5,510,214,62,928,928.0
458,28,23,1,292,256,36,531,531.0
459,28,19,8,1068,557,130,1942,1942.0
460,28,14,2,486,327,59,884,884.0
461,28,24,5,340,490,42,619,619.0
462,28,2,7,692,597,84,1259,1259.0
463,28,8,4,389,545,48,708,708.0
464,28,4,6,1165,205,142,2119,2119.0
465,28,16,9,328,281,40,597,597.0
466,28,26,3,704,294,86,1280,1280.0
467,28,1,8,219,585,27,399,399.0
468,28,21,4,449,331,55,817,817.0
469,28,9,3,243,538,30,442,442.0
470,28,15,4,959,208,117,1744,1744.0
471,28,6,2,486,354,59,884,884.0
472,28,12,5,462,245,56,840,840.0
473,28,13,2,886,551,108,1611,1611.0
474,28,25,7,1165,311,142,2119,2119.0
475,28,7,2,1177,400,143,2140,2140.0
476,29,21,4,1044,279,127,1899,1899.0
477,29,12,7,643,168,78,1170,1170.0
478,29,23,4,219,147,27,399,399.0
479,29,17,9,292,289,36,531,531.0
480,29,24,2,910,416,111,1655,1655.0
481,29,11,4,631,564,77,1148,1148.0
482,29,19,8,898,295,109,1633,1633.0
483,29,16,8,704,484,86,1280,1280.0
484,29,25,6,1153,396,140,2097,2097.0
485,29,26,9,134,475,17,244,244.0
486,29,5,4,571,428,70,1039,1039.0
487,29,28,7,1141,159,139,2075,2075.0
488,29,20,1,753,198,92,1370,1370.0
489,29,14,7,1020,185,124,1855,1855.0
490,29,27,6,631,292,77,1148,1148.0
491,29,6,7,559,182,68,1017,1017.0
492,29,8,8,1007,194,123,1831,1831.0
493,29,22,6,643,164,78,1170,1170.0
494,29,9,1,413,563,51,751,751.0
495,29,30,4,498,408,61,906,906.0
496,29,15,5,1092,502,133,1986,1986.0
497,30,21,8,364,584,45,662,662.0
498,30,15,6,838,401,102,1524,1524.0
499,30,13,8,995,307,121,1810,1810.0
500,30,27,1,680,403,83,1237,1237.0
501,30,1,5,401,392,49,730,730.0
502,30,4,4,1032,541,126,1877,1877.0
503,30,7,9,510,210,62,928,928.0
504,30,10,2,1007,437,123,1831,1831.0
505,30,9,5,1177,251,143,2140,2140.0
506,30,20,1,656,414,80,1193,1193.0
507,30,29,2,207,397,26,377,377.0
508,30,8,6,364,156,45,662,662.0
509,30,25,6,1202,360,146,2186,2186.0
510,30,26,6,1202,480,146,2186,2186.0
511,30,22,4,498,463,61,906,906.0
512,30,5,4,716,286,87,1302,1302.0
513,30,18,6,680,570,83,1237,1237.0
514,30,2,2,571,387,70,1039,1039.0
515,30,17,4,983,288,120,1788,1788.0
516,30,14,7,923,430,112,1679,1679.0
517,30,19,1,910,148,111,1655,1655.0
COMMODITIES,400
0,20,3,34,79,192,1178,2886.0
1,12,18,55,86,155,1283,2325.0
2,25,29,64,57,202,847,3038.0
3,2,6,57,50,142,736,2134.0
4,12,17,58,47,112,692,1680.0
5,18,11,72,73,201,1089,3015.0
6,30,8,33,80,149,1189,2248.0
7,19,5,15,65,162,963,2435.0
8,6,23,33,46,152,680,2282.0
9,1,10,59,66,171,988,2567.0
10,4,10,22,69,178,1024,2675.0
11,12,25,49,98,146,1460,2197.0
12,9,7,39,57,164,844,2461.0
13,28,15,72,75,171,1117,2575.0
14,13,11,50,39,111,585,1677.0
15,27,10,36,56,142,839,2137.0
16,20,27,58,65,154,962,2322.0
17,4,29,19,79,230,1183,3461.0
18,20,25,74,77,155,1142,2335.0
19,11,17,32,80,216,1192,3249.0
20,1,8,30,110,208,1643,3120.0
21,17,28,21,75,166,1115,2496.0
22,4,23,74,43,103,641,1553.0
23,16,28,66,54,173,810,2603.0
24,3,8,29,67,175,1000,2631.0
25,15,16,67,52,137,775,2069.0
26,1,3,59,80,194,1191,2914.0
27,9,27,28,72,210,1076,3162.0
28,13,22,68,58,159,867,2399.0
29,7,1,62,84,180,1252,2711.0
30,1,2,59,61,138,906,2072.0
31,9,29,54,93,252,1393,3791.0
32,11,5,36,76,163,1132,2452.0
33,24,12,27,92,217,1369,3266.0
34,21,5,17,32,143,479,2152.0
35,13,25,43,54,94,808,1412.0
36,15,13,43,84,231,1258,3467.0
37,5,19,54,109,207,1626,3112.0
38,22,11,57,43,111,636,1677.0
39,19,12,31,88,179,1320,2699.0
40,29,19,43,57,191,852,2868.0
41,29,22,71,59,167,875,2517.0
42,2,14,48,86,160,1281,2400.0
43,17,5,27,80,160,1188,2400.0
44,15,25,39,59,193,885,2904.0
45,26,1,36,97,181,1451,2728.0
46,20,29,26,38,135,556,2028.0
47,21,25,55,72,193,1067,2905.0
48,4,8,53,91,209,1363,3135.0
49,21,8,19,56,150,835,2255.0
50,12,7,24,97,197,1455,2961.0
51,7,10,69,52,121,767,1815.0
52,30,21,72,45,124,669,1864.0
53,26,28,64,67,200,1003,3011.0
54,16,9,17,64,156,948,2354.0
55,2,5,70,38,121,566,1816.0
56,27,7,46,109,192,1633,2892.0
57,2,10,61,46,112,690,1691.0
58,14,24,73,84,177,1249,2667.0
59,11,1,19,36,122,534,1843.0
60,3,19,26,70,199,1046,2988.0
61,27,9,72,18,89,270,1345.0
62,15,28,23,33,138,492,2072.0
63,26,18,58,78,182,1162,2740.0
64,27,23,37,88,144,1311,2167.0
65,6,7,46,71,171,1051,2567.0
66,30,12,40,53,185,781,2781.0
67,12,9,36,96,197,1434,2966.0
68,13,14,34,72,149,1067,2248.0
69,16,4,26,95,208,1423,3123.0
70,19,30,51,30,139,447,2096.0
71,5,4,28,56,157,839,2362.0
72,26,23,45,78,169,1170,2536.0
73,16,2,70,54,139,796,2093.0
74,24,16,52,22,119,327,1793.0
75,19,9,53,72,185,1068,2782.0
76,17,2,45,29,111,435,1666.0
77,6,15,26,74,162,1106,2434.0
78,22,20,19,76,161,1133,2422.0
79,5,17,29,66,145,976,2187.0
80,16,26,31,79,163,1177,2445.0
81,4,12,46,75,241,1121,3621.0
82,8,28,45,83,182,1235,2735.0
83,18,1,53,51,101,758,1523.0
84,2,9,36,54,131,801,1971.0
85,30,1,39,55,134,816,2017.0
86,2,26,26,92,219,1371,3292.0
87,10,19,19,66,156,990,2354.0
88,29,8,53,66,188,977,2830.0
89,3,20,38,44,139,649,2092.0
90,1,16,68,54,107,805,1619.0
91,1,26,22,64,157,951,2355.0
92,4,2,20,59,153,882,2303.0
93,23,10,63,54,169,809,2541.0
94,28,10,55,64,163,955,2449.0
95,3,6,30,12,95,168,1430.0
96,11,18,68,82,156,1216,2346.0
97,11,23,50,81,143,1215,2151.0
98,3,26,40,70,186,1044,2792.0
99,6,11,65,68,140,1016,2113.0
100,16,10,63,46,130,687,1964.0
101,26,6,16,80,162,1188,2443.0
102,8,23,28,82,178,1221,2681.0
103,28,1,66,45,105,669,1581.0
104,23,24,53,86,198,1287,2978.0
105,7,13,34,26,115,379,1732.0
106,3,30,51,58,188,861,2834.0
107,2,22,46,97,211,1450,3178.0
108,17,4,43,66,159,980,2398.0
109,11,6,19,91,134,1352,2015.0
110,27,21,49,73,156,1081,2343.0
111,1,20,15,81,160,1203,2400.0
112,2,16,27,71,147,1053,2212.0
113,2,7,52,51,176,761,2648.0
114,12,21,42,98,172,1461,2592.0
115,10,1,53,69,162,1021,2432.0
116,2,20,24,66,157,979,2359.0
117,23,18,37,38,118,569,1770.0
118,15,18,61,56,181,831,2717.0
119,4,20,43,83,173,1232,2599.0
120,27,13,27,75,187,1123,2813.0
121,9,10,58,69,213,1028,3203.0
122,30,15,48,93,193,1381,2897.0
123,21,1,29,39,122,582,1842.0
124,13,9,62,72,151,1069,2279.0
125,26,9,16,95,201,1421,3022.0
126,5,12,34,70,190,1042,2856.0
127,9,22,73,58,186,862,2802.0
128,20,22,47,127,248,1892,3725.0
129,14,23,30,66,104,981,1574.0
130,25,11,50,41,142,607,2140.0
131,19,17,49,56,181,835,2724.0
132,28,29,33,72,193,1078,2898.0
133,2,19,26,75,201,1124,3026.0
134,17,24,51,34,109,503,1642.0
135,25,30,42,78,206,1166,3097.0
136,28,16,39,80,154,1195,2323.0
137,29,15,74,57,182,850,2740.0
138,28,13,53,91,208,1359,3123.0
139,25,22,63,66,168,981,2524.0
140,4,19,41,68,217,1016,3262.0
141,5,2,44,44,106,654,1604.0
142,30,10,43,90,179,1337,2695.0
143,8,16,54,52,121,769,1818.0
144,3,18,57,60,177,899,2658.0
145,21,3,73,78,144,1160,2173.0
146,3,28,69,106,181,1589,2726.0
147,26,24,47,78,179,1158,2685.0
148,8,15,60,63,120,941,1806.0
149,1,15,59,42,107,625,1605.0
150,23,21,46,70,208,1048,3133.0
151,30,7,50,54,156,806,2344.0
152,25,8,55,78,177,1162,2669.0
153,5,13,38,78,174,1169,2620.0
154,5,23,25,115,213,1714,3197.0
155,22,7,59,71,186,1055,2798.0
156,14,25,48,75,174,1116,2615.0
157,21,20,46,84,150,1256,2258.0
158,11,20,64,64,144,952,2169.0
159,9,4,53,84,202,1247,3039.0
160,3,2,57,65,112,969,1680.0
161,14,6,67,68,171,1011,2575.0
162,9,8,61,23,138,337,2084.0
163,21,19,25,53,145,783,2177.0
164,21,9,30,78,200,1160,3005.0
165,1,5,40,64,123,949,1855.0
166,1,7,52,28,128,413,1924.0
167,23,7,18,108,226,1606,3398.0
168,9,12,53,104,242,1557,3643.0
169,26,11,40,38,106,568,1595.0
170,13,10,18,68,148,1007,2223.0
171,5,20,63,87,202,1302,3040.0
172,17,25,47,28,101,413,1525.0
173,18,6,28,26,131,387,1977.0
174,3,27,51,63,152,944,2286.0
175,12,29,23,55,131,823,1966.0
176,15,14,64,75,152,1116,2290.0
177,20,13,26,116,185,1737,2787.0
178,2,4,74,70,154,1050,2324.0
179,8,21,48,22,120,327,1808.0
180,26,2,29,63,127,933,1908.0
181,24,7,21,53,134,795,2020.0
182,23,4,46,76,144,1137,2171.0
183,14,11,26,28,143,420,2145.0
184,25,10,44,35,107,522,1606.0
185,25,16,42,25,111,362,1665.0
186,13,21,51,93,177,1385,2663.0
187,23,19,17,78,207,1167,3106.0
188,12,23,61,30,118,442,1779.0
189,26,21,43,80,197,1200,2959.0
190,19,7,19,51,113,761,1706.0
191,5,7,15,87,158,1297,2370.0
192,6,16,58,68,135,1006,2031.0
193,30,19,16,55,196,811,2952.0
194,2,28,31,45,151,669,2278.0
195,21,14,35,57,147,849,2209.0
196,19,4,21,46,150,683,2261.0
197,15,19,65,39,128,579,1930.0
198,30,24,32,50,162,745,2444.0
199,7,28,61,101,191,1509,2870.0
200,27,19,31,49,157,723,2368.0
201,20,14,63,52,148,770,2234.0
202,16,15,73,72,132,1080,1985.0
203,17,7,33,59,160,871,2414.0
204,27,30,51,96,167,1430,2509.0
205,16,22,41,101,227,1513,3410.0
206,25,12,46,43,162,645,2434.0
207,18,2,35,75,135,1117,2036.0
208,25,14,48,68,140,1009,2103.0
209,13,7,18,34,139,502,2085.0
210,20,2,49,72,148,1073,2230.0
211,20,26,24,65,172,962,2582.0
212,10,8,69,67,144,994,2165.0
213,17,10,65,65,108,965,1630.0
214,11,2,54,79,143,1180,2156.0
215,1,22,49,64,147,950,2209.0
216,14,2,23,80,185,1186,2776.0
217,16,14,23,93,182,1385,2739.0
218,17,29,72,61,132,901,1981.0
219,4,17,21,91,240,1365,3609.0
220,3,24,67,89,185,1322,2788.0
221,9,13,32,35,198,522,2983.0
222,30,13,42,74,191,1097,2875.0
223,15,20,67,26,138,385,2070.0
224,12,24,72,67,157,997,2362.0
225,11,29,26,68,202,1017,3039.0
226,17,9,19,69,165,1031,2484.0
227,18,16,24,62,130,922,1958.0
228,14,18,22,62,166,916,2494.0
229,9,18,20,59,204,871,3068.0
230,6,25,45,47,128,702,1920.0
231,7,5,41,73,147,1091,2209.0
232,14,12,46,51,188,756,2826.0
233,1,27,62,83,166,1237,2503.0
234,20,4,40,102,149,1528,2249.0
235,21,29,52,48,169,711,2548.0
236,19,18,35,90,170,1343,2555.0
237,23,30,18,93,206,1386,3091.0
238,6,14,68,65,150,969,2264.0
239,16,12,63,36,101,526,1515.0
240,30,3,60,63,185,938,2779.0
241,19,6,53,83,158,1234,2377.0
242,12,1,17,53,124,787,1867.0
243,20,15,67,80,188,1200,2831.0
244,19,2,36,69,163,1027,2451.0
245,15,7,47,95,198,1412,2980.0
246,25,5,29,85,180,1273,2711.0
247,30,14,73,61,165,906,2489.0
248,3,25,28,72,181,1079,2716.0
249,11,9,17,20,100,289,1510.0
250,25,6,22,57,148,845,2228.0
251,19,16,33,42,160,616,2410.0
252,25,28,51,58,175,860,2637.0
253,17,22,39,82,191,1217,2879.0
254,25,26,38,96,206,1431,3092.0
255,9,21,52,65,186,963,2801.0
256,5,27,42,76,139,1128,2098.0
257,1,18,17,69,152,1031,2291.0
258,18,9,16,65,151,975,2274.0
259,22,26,35,49,160,734,2411.0
260,25,24,56,91,178,1355,2673.0
261,11,26,50,55,131,811,1965.0
262,5,22,39,60,176,896,2646.0
263,21,22,16,65,194,971,2917.0
264,9,19,56,99,266,1478,3991.0
265,16,17,48,54,163,797,2448.0
266,18,7,61,86,210,1277,3162.0
267,10,25,49,39,97,584,1459.0
268,10,28,24,82,151,1217,2269.0
269,14,22,37,41,107,605,1609.0
270,22,27,52,72,190,1071,2852.0
271,22,25,67,100,218,1488,3283.0
272,5,21,55,75,179,1123,2686.0
273,6,26,40,51,162,760,2438.0
274,1,12,72,43,126,631,1902.0
275,18,12,37,88,197,1306,2958.0
276,8,5,30,16,95,232,1437.0
277,16,11,59,106,194,1582,2915.0
278,30,6,52,48,151,718,2274.0
279,2,13,36,53,170,784,2555.0
280,3,17,30,49,177,734,2664.0
281,3,23,47,80,185,1198,2778.0
282,30,4,27,97,221,1451,3318.0
283,4,28,72,56,199,829,2988.0
284,1,6,56,76,154,1131,2313.0
285,1,29,50,84,212,1246,3182.0
286,19,14,32,32,113,473,1704.0
287,11,3,58,39,136,583,2043.0
288,26,14,50,29,142,422,2130.0
289,21,18,65,67,144,998,2161.0
290,24,23,62,89,166,1332,2500.0
291,30,11,33,88,195,1308,2934.0
292,18,4,56,61,154,906,2312.0
293,13,12,34,39,121,585,1823.0
294,10,7,40,64,170,954,2554.0
295,17,15,56,47,151,705,2271.0
296,22,8,23,39,123,580,1854.0
297,4,30,24,35,157,519,2369.0
298,25,17,55,64,178,958,2670.0
299,29,14,15,40,142,597,2130.0
300,1,28,50,88,188,1318,2833.0
301,4,25,58,93,238,1388,3572.0
302,21,16,39,76,174,1136,2612.0
303,29,1,71,92,193,1374,2896.0
304,20,10,62,48,153,716,2301.0
305,6,12,59,62,153,923,2295.0
306,2,11,48,56,152,840,2290.0
307,26,12,36,63,174,942,2613.0
308,27,25,55,81,185,1209,2788.0
309,16,20,21,77,172,1144,2584.0
310,25,21,44,37,104,548,1573.0
311,15,9,71,55,168,815,2524.0
312,12,26,66,87,183,1299,2747.0
313,8,2,29,89,158,1323,2384.0
314,24,26,48,61,172,905,2592.0
315,15,2,52,84,196,1251,2940.0
316,20,9,62,115,207,1716,3107.0
317,22,6,31,17,81,254,1228.0
318,8,14,19,92,179,1373,2689.0
319,26,30,26,69,140,1030,2108.0
320,30,5,22,73,187,1094,2819.0
321,26,15,37,87,202,1296,3031.0
322,8,22,36,48,123,713,1854.0
323,25,27,63,52,164,777,2470.0
324,2,12,58,60,174,894,2618.0
325,26,13,30,68,167,1020,2507.0
326,15,23,42,58,160,868,2407.0
327,7,30,64,75,140,1118,2109.0
328,26,19,61,79,220,1183,3304.0
329,7,15,49,77,156,1143,2347.0
330,22,5,35,65,139,975,2096.0
331,12,2,35,43,94,633,1411.0
332,29,21,60,76,204,1127,3061.0
333,28,3,58,58,179,856,2692.0
334,2,29,49,72,229,1080,3445.0
335,23,8,74,103,196,1541,2942.0
336,29,10,41,73,161,1091,2418.0
337,7,3,23,71,133,1065,1995.0
338,14,20,49,45,108,661,1634.0
339,1,23,67,59,125,873,1876.0
340,17,23,46,62,149,926,2249.0
341,13,23,31,59,135,884,2028.0
342,18,10,53,62,160,918,2400.0
343,29,7,36,49,184,727,2767.0
344,22,4,38,77,178,1153,2675.0
345,7,21,62,78,168,1161,2524.0
346,18,23,55,52,138,780,2082.0
347,4,6,65,61,140,902,2113.0
348,16,13,63,93,211,1387,3172.0
349,18,28,41,53,156,789,2354.0
350,11,8,74,23,100,337,1509.0
351,3,11,17,65,137,975,2062.0
352,27,15,43,58,154,860,2320.0
353,9,1,53,120,196,1798,2954.0
354,6,4,68,90,195,1336,2926.0
355,23,22,70,79,159,1173,2392.0
356,15,5,63,50,160,746,2404.0
357,27,24,61,66,171,983,2567.0
358,16,1,73,58,157,857,2360.0
359,27,28,67,48,152,713,2285.0
360,9,23,25,21,133,310,2006.0
361,4,15,35,62,212,921,3193.0
362,23,3,48,66,162,984,2437.0
363,20,18,18,36,100,535,1511.0
364,23,6,62,32,152,477,2293.0
365,30,9,17,65,163,962,2458.0
366,17,27,40,49,114,724,1710.0
367,7,11,56,71,167,1065,2512.0
368,8,30,71,97,153,1450,2306.0
369,21,26,60,51,175,762,2637.0
370,22,24,64,36,94,526,1417.0
371,18,26,70,52,166,772,2493.0
372,25,1,20,62,140,930,2108.0
373,20,23,70,65,158,963,2373.0
374,12,20,59,17,133,243,2007.0
375,10,26,35,69,168,1034,2525.0
376,30,26,16,36,113,538,1704.0
377,4,18,44,75,193,1121,2903.0
378,4,13,33,41,155,612,2328.0
379,8,27,54,54,127,809,1908.0
380,11,27,71,64,172,957,2580.0
381,13,8,22,99,191,1476,2868.0
382,26,8,40,65,175,970,2627.0
383,17,13,74,54,147,809,2206.0
384,29,24,58,81,181,1208,2721.0
385,17,26,48,52,142,769,2133.0
386,7,4,56,62,135,929,2036.0
387,5,9,71,72,150,1080,2264.0
388,15,30,16,36,174,526,2617.0
389,28,30,63,25,119,367,1798.0
390,1,14,31,87,138,1291,2083.0
391,24,2,67,60,110,900,1664.0
392,17,8,71,90,192,1340,2885.0
393,16,7,65,35,110,524,1661.0
394,16,18,33,68,186,1018,2791.0
395,27,11,74,77,131,1149,1979.0
396,26,22,16,72,196,1073,2951.0
397,16,25,47,76,158,1135,2374.0
398,28,12,65,32,108,476,1626.0
399,10,24,18,75,125,1114,1882.0
horizon=266
