NODES,30
1,1,-,-
2,2,-,-
3,3,-,-
4,4,-,-
5,5,-,-
6,6,-,-
7,7,-,-
8,8,-,-
9,9,-,-
10,10,-,-
11,11,-,-
12,12,-,-
13,13,-,-
14,14,-,-
15,15,-,-
16,16,-,-
17,17,-,-
18,18,-,-
19,19,-,-
20,20,-,-
21,21,-,-
22,22,-,-
23,23,-,-
24,24,-,-
25,25,-,-
26,26,-,-
27,27,-,-
28,28,-,-
29,29,-,-
30,30,-,-
ARCS,518
0,1,15,8,267,196,33,486,486.0
1,1,28,1,947,182,115,1722,1722.0
2,1,13,7,656,583,80,1193,1193.0
3,1,12,7,995,377,121,1810,1810.0
4,1,6,4,874,363,106,1590,1590.0
5,1,2,9,401,569,49,730,730.0
6,1,22,6,825,593,100,1500,1500.0
7,1,18,7,510,574,62,928,928.0
8,1,20,9,765,442,93,1391,1391.0
9,1,21,2,1080,554,131,1964,1964.0
10,1,16,7,146,256,18,266,266.0
11,1,7,4,668,482,81,1215,1215.0
12,1,14,6,158,136,20,288,288.0
13,1,24,4,862,273,105,1568,1568.0
14,1,3,6,631,396,77,1148,1148.0
15,1,26,2,534,289,65,971,971.0
16,1,4,6,304,508,37,553,553.0
17,2,9,8,401,243,49,730,730.0
18,2,16,5,546,475,67,993,993.0
19,2,12,4,971,376,118,1766,1766.0
20,2,5,7,1129,289,137,2053,2053.0
21,2,6,7,862,505,105,1568,1568.0
22,2,1,2,182,192,23,331,331.0
23,2,11,1,983,288,120,1788,1788.0
24,2,24,2,352,552,43,640,640.0
25,2,23,9,1020,331,124,1855,1855.0
26,2,27,4,716,478,87,1302,1302.0
27,2,10,6,340,530,42,619,619.0
28,2,29,2,1032,211,126,1877,1877.0
29,2,3,5,947,201,115,1722,1722.0
30,2,26,6,1104,488,134,2008,2008.0
31,2,20,4,498,172,61,906,906.0
32,2,17,3,656,264,80,1193,1193.0
33,2,15,3,1165,450,142,2119,2119.0
34,3,21,1,292,566,36,531,531.0
35,3,9,2,401,183,49,730,730.0
36,3,19,3,741,131,90,1348,1348.0
37,3,2,1,158,509,20,288,288.0
38,3,7,1,983,275,120,1788,1788.0
39,3,25,6,1044,286,127,1899,1899.0
40,3,12,4,680,310,83,1237,1237.0
41,3,10,9,983,310,120,1788,1788.0
42,3,20,4,801,580,98,1457,1457.0
43,3,30,4,801,293,98,1457,1457.0
44,3,4,5,413,209,51,751,751.0
45,3,18,6,850,201,104,1546,1546.0
46,3,26,6,668,170,81,1215,1215.0
47,3,22,3,534,430,65,971,971.0
48,3,28,6,389,264,48,708,708.0
49,3,11,5,389,389,48,708,708.0
50,3,16,2,219,134,27,399,399.0
51,4,24,8,1153,467,140,2097,2097.0
52,4,23,1,304,512,37,553,553.0
53,4,28,7,1141,328,139,2075,2075.0
54,4,27,5,522,170,64,950,950.0
55,4,9,5,607,498,74,1104,1104.0
56,4,26,2,728,574,89,1324,1324.0
57,4,13,4,1117,490,136,2031,2031.0
58,4,7,4,838,577,102,1524,1524.0
59,4,25,9,825,502,100,1500,1500.0
60,4,8,7,935,370,114,1700,1700.0
61,4,6,2,437,318,53,795,795.0
62,4,5,9,898,473,109,1633,1633.0
63,4,29,2,1044,557,127,1899,1899.0
64,4,30,5,741,298,90,1348,1348.0
65,4,2,2,474,155,58,862,862.0
66,5,19,3,959,265,117,1744,1744.0
67,5,15,4,340,391,42,619,619.0
68,5,24,6,559,466,68,1017,1017.0
69,5,9,3,850,280,104,1546,1546.0
70,5,14,1,1032,430,126,1877,1877.0
71,5,8,7,255,375,31,464,464.0
72,5,25,6,377,317,46,686,686.0
73,5,17,3,486,428,59,884,884.0
74,5,6,9,134,413,17,244,244.0
75,5,30,2,1007,312,123,1831,1831.0
76,5,21,1,1153,261,140,2097,2097.0
77,5,10,4,765,431,93,1391,1391.0
78,5,27,7,328,215,40,597,597.0
79,5,7,6,280,345,34,510,510.0
80,5,28,7,1056,363,128,1920,1920.0
81,5,29,9,728,574,89,1324,1324.0
82,5,11,1,789,239,96,1435,1435.0
83,6,13,4,862,456,105,1568,1568.0
84,6,25,6,522,474,64,950,950.0
85,6,27,1,874,524,106,1590,1590.0
86,6,3,7,983,276,120,1788,1788.0
87,6,17,5,1153,476,140,2097,2097.0
88,6,12,8,716,207,87,1302,1302.0
89,6,7,8,486,160,59,884,884.0
90,6,26,8,656,315,80,1193,1193.0
91,6,19,4,534,135,65,971,971.0
92,6,8,9,280,132,34,510,510.0
93,6,9,6,292,415,36,531,531.0
94,6,10,6,231,203,28,420,420.0
95,6,20,6,923,282,112,1679,1679.0
96,6,2,7,134,384,17,244,244.0
97,6,29,1,959,288,117,1744,1744.0
98,6,24,6,267,439,33,486,486.0
99,6,23,8,741,514,90,1348,1348.0
100,6,21,2,449,348,55,817,817.0
101,6,16,1,280,415,34,510,510.0
102,7,20,1,546,372,67,993,993.0
103,7,24,7,207,491,26,377,377.0
104,7,28,2,838,327,102,1524,1524.0
105,7,8,1,158,205,20,288,288.0
106,7,2,3,935,379,114,1700,1700.0
107,7,22,3,619,184,76,1126,1126.0
108,7,30,2,813,538,99,1479,1479.0
109,7,6,3,631,582,77,1148,1148.0
110,7,14,2,170,391,21,310,310.0
111,7,27,8,316,234,39,575,575.0
112,7,4,4,328,243,40,597,597.0
113,7,5,5,656,587,80,1193,1193.0
114,7,16,1,704,304,86,1280,1280.0
115,7,29,9,510,385,62,928,928.0
116,7,15,7,546,410,67,993,993.0
117,7,23,2,619,392,76,1126,1126.0
118,7,25,9,680,341,83,1237,1237.0
119,7,26,2,753,467,92,1370,1370.0
120,7,3,7,219,215,27,399,399.0
121,7,1,2,546,510,67,993,993.0
122,8,7,1,789,257,96,1435,1435.0
123,8,28,6,583,468,71,1060,1060.0
124,8,20,9,583,149,71,1060,1060.0
125,8,13,9,292,288,36,531,531.0
126,8,14,6,607,422,74,1104,1104.0
127,8,15,7,195,363,24,355,355.0
128,8,10,5,170,494,21,310,310.0
129,8,5,7,437,292,53,795,795.0
130,8,21,3,1153,406,140,2097,2097.0
131,8,30,9,182,488,23,331,331.0
132,8,27,7,292,580,36,531,531.0
133,8,17,1,619,136,76,1126,1126.0
134,8,22,9,413,262,51,751,751.0
135,8,4,8,474,279,58,862,862.0
136,8,9,8,534,351,65,971,971.0
137,8,18,9,631,419,77,1148,1148.0
138,8,6,8,377,231,46,686,686.0
139,8,3,3,704,497,86,1280,1280.0
140,8,16,7,267,303,33,486,486.0
141,8,29,6,971,280,118,1766,1766.0
142,9,11,1,838,574,102,1524,1524.0
143,9,7,3,559,355,68,1017,1017.0
144,9,3,2,886,442,108,1611,1611.0
145,9,18,4,959,265,117,1744,1744.0
146,9,14,6,813,488,99,1479,1479.0
147,9,10,5,1068,547,130,1942,1942.0
148,9,29,2,1165,140,142,2119,2119.0
149,9,22,6,777,545,95,1413,1413.0
150,9,1,5,389,359,48,708,708.0
151,10,5,7,583,414,71,1060,1060.0
152,10,14,6,486,347,59,884,884.0
153,10,21,9,1007,478,123,1831,1831.0
154,10,28,6,352,342,43,640,640.0
155,10,2,8,413,448,51,751,751.0
156,10,11,4,182,318,23,331,331.0
157,10,4,8,352,498,43,640,640.0
158,10,29,8,935,210,114,1700,1700.0
159,10,25,5,207,353,26,377,377.0
160,10,7,5,959,443,117,1744,1744.0
161,10,8,7,704,557,86,1280,1280.0
162,10,6,5,122,381,15,222,222.0
163,10,15,8,486,146,59,884,884.0
164,10,13,1,437,184,53,795,795.0
165,10,24,6,122,443,15,222,222.0
166,10,3,4,1117,551,136,2031,2031.0
167,10,30,9,546,330,67,993,993.0
168,11,3,1,559,472,68,1017,1017.0
169,11,6,3,122,463,15,222,222.0
170,11,7,3,1177,410,143,2140,2140.0
171,11,4,9,656,275,80,1193,1193.0
172,11,15,6,656,170,80,1193,1193.0
173,11,22,2,571,557,70,1039,1039.0
174,11,18,6,364,538,45,662,662.0
175,11,23,9,231,235,28,420,420.0
176,11,14,4,449,522,55,817,817.0
177,11,26,2,401,534,49,730,730.0
178,11,13,6,1117,215,136,2031,2031.0
179,11,10,3,231,508,28,420,420.0
180,11,29,1,765,464,93,1391,1391.0
181,11,1,9,474,413,58,862,862.0
182,11,12,1,959,226,117,1744,1744.0
183,12,20,4,825,419,100,1500,1500.0
184,12,22,7,728,196,89,1324,1324.0
185,12,7,4,656,366,80,1193,1193.0
186,12,13,3,389,197,48,708,708.0
187,12,28,9,850,373,104,1546,1546.0
188,12,23,9,765,433,93,1391,1391.0
189,12,25,3,146,135,18,266,266.0
190,12,10,7,462,576,56,840,840.0
191,12,4,4,413,377,51,751,751.0
192,12,5,2,656,331,80,1193,1193.0
193,12,26,2,813,132,99,1479,1479.0
194,12,15,5,1080,271,131,1964,1964.0
195,12,17,8,328,451,40,597,597.0
196,12,2,2,158,205,20,288,288.0
197,12,11,6,546,211,67,993,993.0
198,12,19,5,413,349,51,751,751.0
199,12,30,7,656,354,80,1193,1193.0
200,12,29,4,316,168,39,575,575.0
201,12,18,4,352,348,43,640,640.0
202,12,16,5,170,346,21,310,310.0
203,13,23,1,741,468,90,1348,1348.0
204,13,18,2,134,251,17,244,244.0
205,13,10,9,522,137,64,950,950.0
206,13,2,8,340,400,42,619,619.0
207,13,20,3,534,364,65,971,971.0
208,13,22,5,1129,124,137,2053,2053.0
209,13,6,9,777,400,95,1413,1413.0
210,13,17,9,243,470,30,442,442.0
211,13,21,9,643,257,78,1170,1170.0
212,13,1,4,462,462,56,840,840.0
213,13,4,2,838,285,102,1524,1524.0
214,13,16,7,158,188,20,288,288.0
215,13,27,2,182,508,23,331,331.0
216,13,25,7,134,246,17,244,244.0
217,13,3,6,1129,192,137,2053,2053.0
218,13,7,2,838,239,102,1524,1524.0
219,13,19,2,534,273,65,971,971.0
220,13,12,5,765,261,93,1391,1391.0
221,13,11,9,971,346,118,1766,1766.0
222,13,9,8,377,191,46,686,686.0
223,14,22,2,280,304,34,510,510.0
224,14,8,9,1104,569,134,2008,2008.0
225,14,5,7,462,588,56,840,840.0
226,14,23,1,122,552,15,222,222.0
227,14,1,2,437,458,53,795,795.0
228,14,24,5,1092,138,133,1986,1986.0
229,14,28,7,947,593,115,1722,1722.0
230,14,30,8,559,210,68,1017,1017.0
231,14,25,1,825,473,100,1500,1500.0
232,14,19,1,595,529,73,1082,1082.0
233,14,26,6,1044,180,127,1899,1899.0
234,14,13,6,498,233,61,906,906.0
235,14,9,4,207,234,26,377,377.0
236,14,4,6,546,415,67,993,993.0
237,15,7,8,534,478,65,971,971.0
238,15,22,5,510,426,62,928,928.0
239,15,21,6,983,548,120,1788,1788.0
240,15,1,7,328,468,40,597,597.0
241,15,6,1,1141,263,139,2075,2075.0
242,15,11,2,741,388,90,1348,1348.0
243,15,12,2,668,468,81,1215,1215.0
244,15,14,2,449,559,55,817,817.0
245,15,10,9,898,480,109,1633,1633.0
246,15,2,8,1032,147,126,1877,1877.0
247,15,24,4,643,404,78,1170,1170.0
248,15,19,6,449,443,55,817,817.0
249,15,3,1,1032,213,126,1877,1877.0
250,16,18,5,874,120,106,1590,1590.0
251,16,17,4,777,570,95,1413,1413.0
252,16,24,4,898,494,109,1633,1633.0
253,16,28,1,656,235,80,1193,1193.0
254,16,29,6,1153,375,140,2097,2097.0
255,16,21,5,255,261,31,464,464.0
256,16,23,8,801,582,98,1457,1457.0
257,16,9,8,1189,379,145,2162,2162.0
258,16,12,9,304,347,37,553,553.0
259,16,27,5,304,466,37,553,553.0
260,16,19,6,1153,384,140,2097,2097.0
261,16,10,8,583,474,71,1060,1060.0
262,16,15,9,255,203,31,464,464.0
263,16,6,9,583,331,71,1060,1060.0
264,16,5,5,122,520,15,222,222.0
265,16,7,4,995,454,121,1810,1810.0
266,16,8,2,631,234,77,1148,1148.0
267,16,26,8,462,499,56,840,840.0
268,16,14,4,995,297,121,1810,1810.0
269,17,9,7,631,553,77,1148,1148.0
270,17,22,2,971,377,118,1766,1766.0
271,17,24,1,340,207,42,619,619.0
272,17,29,3,328,130,40,597,597.0
273,17,21,5,1202,307,146,2186,2186.0
274,17,30,4,255,137,31,464,464.0
275,17,10,8,146,551,18,266,266.0
276,17,6,2,1032,421,126,1877,1877.0
277,17,2,3,716,148,87,1302,1302.0
278,17,1,1,716,565,87,1302,1302.0
279,17,27,6,207,528,26,377,377.0
280,17,5,1,364,527,45,662,662.0
281,17,25,7,935,438,114,1700,1700.0
282,17,16,6,462,199,56,840,840.0
283,17,13,8,643,268,78,1170,1170.0
284,18,2,5,243,360,30,442,442.0
285,18,22,8,437,120,53,795,795.0
286,18,1,7,134,464,17,244,244.0
287,18,9,9,777,357,95,1413,1413.0
288,18,30,1,886,371,108,1611,1611.0
289,18,21,8,474,367,58,862,862.0
290,18,16,9,1007,288,123,1831,1831.0
291,18,19,2,534,171,65,971,971.0
292,18,12,8,1104,293,134,2008,2008.0
293,18,24,5,534,150,65,971,971.0
294,18,6,7,1177,198,143,2140,2140.0
295,18,15,4,546,438,67,993,993.0
296,18,3,5,595,297,73,1082,1082.0
297,19,4,9,643,451,78,1170,1170.0
298,19,22,4,947,208,115,1722,1722.0
299,19,24,9,1032,164,126,1877,1877.0
300,19,9,2,825,126,100,1500,1500.0
301,19,14,5,389,456,48,708,708.0
302,19,3,2,838,241,102,1524,1524.0
303,19,28,3,850,245,104,1546,1546.0
304,19,10,2,255,565,31,464,464.0
305,19,8,9,825,512,100,1500,1500.0
306,19,29,4,1202,494,146,2186,2186.0
307,19,7,1,243,538,30,442,442.0
308,19,25,2,898,191,109,1633,1633.0
309,19,12,5,462,410,56,840,840.0
310,19,26,1,498,282,61,906,906.0
311,19,18,4,364,162,45,662,662.0
312,20,26,5,716,394,87,1302,1302.0
313,20,4,5,146,510,18,266,266.0
314,20,8,5,377,264,46,686,686.0
315,20,10,2,571,336,70,1039,1039.0
316,20,29,2,486,474,59,884,884.0
317,20,15,8,1104,316,134,2008,2008.0
318,20,21,4,1032,202,126,1877,1877.0
319,20,6,7,583,506,71,1060,1060.0
320,20,30,5,910,171,111,1655,1655.0
321,20,5,8,874,509,106,1590,1590.0
322,20,2,3,316,219,39,575,575.0
323,20,24,4,583,190,71,1060,1060.0
324,20,9,4,449,138,55,817,817.0
325,20,13,8,267,473,33,486,486.0
326,20,28,5,668,390,81,1215,1215.0
327,20,18,2,304,580,37,553,553.0
328,20,23,8,935,458,114,1700,1700.0
329,20,7,7,534,590,65,971,971.0
330,20,14,4,643,518,78,1170,1170.0
331,21,19,1,498,419,61,906,906.0
332,21,15,4,862,140,105,1568,1568.0
333,21,7,7,328,274,40,597,597.0
334,21,28,3,862,323,105,1568,1568.0
335,21,20,6,267,279,33,486,486.0
336,21,1,4,413,419,51,751,751.0
337,21,3,6,316,472,39,575,575.0
338,21,2,6,474,577,58,862,862.0
339,21,30,2,692,251,84,1259,1259.0
340,21,24,2,1007,388,123,1831,1831.0
341,21,25,7,777,166,95,1413,1413.0
342,21,10,7,947,442,115,1722,1722.0
343,21,18,4,413,526,51,751,751.0
344,21,26,5,777,234,95,1413,1413.0
345,22,26,4,692,199,84,1259,1259.0
346,22,15,7,753,343,92,1370,1370.0
347,22,19,1,546,324,67,993,993.0
348,22,30,9,1104,333,134,2008,2008.0
349,22,6,3,340,180,42,619,619.0
350,22,17,7,1177,371,143,2140,2140.0
351,22,18,5,522,558,64,950,950.0
352,22,3,3,595,588,73,1082,1082.0
353,22,11,2,377,391,46,686,686.0
354,22,28,4,134,343,17,244,244.0
355,22,25,8,898,325,109,1633,1633.0
356,22,1,9,231,440,28,420,420.0
357,22,29,1,1189,122,145,2162,2162.0
358,22,12,4,619,552,76,1126,1126.0
359,22,8,9,789,470,96,1435,1435.0
360,22,20,4,474,280,58,862,862.0
361,22,14,3,158,231,20,288,288.0
362,22,7,6,983,485,120,1788,1788.0
363,22,13,3,825,381,100,1500,1500.0
364,22,9,2,243,505,30,442,442.0
365,22,24,2,195,161,24,355,355.0
366,22,5,6,1020,510,124,1855,1855.0
367,23,28,4,959,553,117,1744,1744.0
368,23,13,5,425,358,52,773,773.0
369,23,14,6,389,328,48,708,708.0
370,23,3,8,1165,173,142,2119,2119.0
371,23,7,9,1056,542,128,1920,1920.0
372,23,10,5,886,304,108,1611,1611.0
373,23,5,6,704,522,86,1280,1280.0
374,23,17,9,825,384,100,1500,1500.0
375,23,27,9,389,545,48,708,708.0
376,23,25,3,801,282,98,1457,1457.0
377,23,4,7,1020,490,124,1855,1855.0
378,23,18,8,510,273,62,928,928.0
379,23,26,6,862,538,105,1568,1568.0
380,23,6,4,923,387,112,1679,1679.0
381,23,22,5,474,289,58,862,862.0
382,23,19,8,1104,231,134,2008,2008.0
383,23,20,4,134,451,17,244,244.0
384,23,24,9,1080,565,131,1964,1964.0
385,23,30,1,959,463,117,1744,1744.0
386,23,9,9,158,240,20,288,288.0
387,24,30,1,1141,324,139,2075,2075.0
388,24,3,7,1153,323,140,2097,2097.0
389,24,8,8,741,381,90,1348,1348.0
390,24,13,7,643,208,78,1170,1170.0
391,24,16,4,813,140,99,1479,1479.0
392,24,29,3,619,544,76,1126,1126.0
393,24,6,1,583,414,71,1060,1060.0
394,24,10,8,971,599,118,1766,1766.0
395,24,5,7,158,333,20,288,288.0
396,24,2,4,195,521,24,355,355.0
397,24,14,1,716,396,87,1302,1302.0
398,24,23,5,413,313,51,751,751.0
399,24,18,3,389,404,48,708,708.0
400,24,7,4,862,312,105,1568,1568.0
401,24,28,7,280,258,34,510,510.0
402,24,4,9,462,299,56,840,840.0
403,24,11,4,862,342,105,1568,1568.0
404,24,17,2,862,371,105,1568,1568.0
405,25,14,7,352,443,43,640,640.0
406,25,9,8,971,306,118,1766,1766.0
407,25,12,6,825,462,100,1500,1500.0
408,25,13,7,413,208,51,751,751.0
409,25,21,2,352,273,43,640,640.0
410,25,1,2,1032,577,126,1877,1877.0
411,25,5,7,607,319,74,1104,1104.0
412,25,22,3,1044,409,127,1899,1899.0
413,25,16,5,486,208,59,884,884.0
414,25,28,8,1153,217,140,2097,2097.0
415,25,19,3,231,408,28,420,420.0
416,25,8,5,947,138,115,1722,1722.0
417,25,26,1,898,588,109,1633,1633.0
418,25,29,2,1141,454,139,2075,2075.0
419,25,6,5,1141,340,139,2075,2075.0
420,25,3,7,1177,335,143,2140,2140.0
421,25,2,6,195,164,24,355,355.0
422,25,10,9,377,289,46,686,686.0
423,26,16,4,425,463,52,773,773.0
424,26,2,9,267,246,33,486,486.0
425,26,30,9,304,223,37,553,553.0
426,26,20,9,255,468,31,464,464.0
427,26,23,8,971,571,118,1766,1766.0
428,26,28,2,886,486,108,1611,1611.0
429,26,18,5,874,493,106,1590,1590.0
430,26,22,9,1165,161,142,2119,2119.0
431,26,13,9,753,476,92,1370,1370.0
432,26,29,7,462,468,56,840,840.0
433,26,9,4,692,183,84,1259,1259.0
434,26,17,9,1104,318,134,2008,2008.0
435,26,11,1,243,184,30,442,442.0
436,27,23,7,741,388,90,1348,1348.0
437,27,1,8,923,510,112,1679,1679.0
438,27,12,6,534,282,65,971,971.0
439,27,5,6,158,367,20,288,288.0
440,27,30,7,377,379,46,686,686.0
441,27,4,9,389,257,48,708,708.0
442,27,15,5,923,170,112,1679,1679.0
443,27,28,4,546,394,67,993,993.0
444,27,13,8,935,315,114,1700,1700.0
445,27,14,5,146,234,18,266,266.0
446,27,16,5,910,530,111,1655,1655.0
447,27,9,3,1056,577,128,1920,1920.0
448,27,11,3,207,185,26,377,377.0
449,27,2,5,474,587,58,862,862.0
450,27,17,1,947,226,115,1722,1722.0
451,27,19,3,643,533,78,1170,1170.0
452,27,29,3,813,473,99,1479,1479.0
453,27,3,7,158,309,20,288,288.0
454,27,21,6,995,347,121,1810,1810.0
455,27,7,6,413,413,51,751,751.0
456,27,20,9,716,358,87,1302,1302.0
457,27,22,5,510,214,62,928,928.0
458,28,23,1,292,256,36,531,531.0
459,28,19,8,1068,557,130,1942,1942.0
460,28,14,2,486,327,59,884,884.0
461,28,24,5,340,490,42,619,619.0
462,28,2,7,692,597,84,1259,1259.0
463,28,8,4,389,545,48,708,708.0
464,28,4,6,1165,205,142,2119,2119.0
465,28,16,9,328,281,40,597,597.0
466,28,26,3,704,294,86,1280,1280.0
467,28,1,8,219,585,27,399,399.0
468,28,21,4,449,331,55,817,817.0
469,28,9,3,243,538,30,442,442.0
470,28,15,4,959,208,117,1744,1744.0
471,28,6,2,486,354,59,884,884.0
472,28,12,5,462,245,56,840,840.0
473,28,13,2,886,551,108,1611,1611.0
474,28,25,7,1165,311,142,2119,2119.0
475,28,7,2,1177,400,143,2140,2140.0
476,29,21,4,1044,279,127,1899,1899.0
477,29,12,7,643,168,78,1170,1170.0
478,29,23,4,219,147,27,399,399.0
479,29,17,9,292,289,36,531,531.0
480,29,24,2,910,416,111,1655,1655.0
481,29,11,4,631,564,77,1148,1148.0
482,29,19,8,898,295,109,1633,1633.0
483,29,16,8,704,484,86,1280,1280.0
484,29,25,6,1153,396,140,2097,2097.0
485,29,26,9,134,475,17,244,244.0
486,29,5,4,571,428,70,1039,1039.0
487,29,28,7,1141,159,139,2075,2075.0
488,29,20,1,753,198,92,1370,1370.0
489,29,14,7,1020,185,124,1855,1855.0
490,29,27,6,631,292,77,1148,1148.0
491,29,6,7,559,182,68,1017,1017.0
492,29,8,8,1007,194,123,1831,1831.0
493,29,22,6,643,164,78,1170,1170.0
494,29,9,1,413,563,51,751,751.0
495,29,30,4,498,408,61,906,906.0
496,29,15,5,1092,502,133,1986,1986.0
497,30,21,8,364,584,45,662,662.0
498,30,15,6,838,401,102,1524,1524.0
499,30,13,8,995,307,121,1810,1810.0
500,30,27,1,680,403,83,1237,1237.0
501,30,1,5,401,392,49,730,730.0
502,30,4,4,1032,541,126,1877,1877.0
503,30,7,9,510,210,62,928,928.0
504,30,10,2,1007,437,123,1831,1831.0
505,30,9,5,1177,251,143,2140,2140.0
506,30,20,1,656,414,80,1193,1193.0
507,30,29,2,207,397,26,377,377.0
508,30,8,6,364,156,45,662,662.0
509,30,25,6,1202,360,146,2186,2186.0
510,30,26,6,1202,480,146,2186,2186.0
511,30,22,4,498,463,61,906,906.0
512,30,5,4,716,286,87,1302,1302.0
513,30,18,6,680,570,83,1237,1237.0
514,30,2,2,571,387,70,1039,1039.0
515,30,17,4,983,288,120,1788,1788.0
516,30,14,7,923,430,112,1679,1679.0
517,30,19,1,910,148,111,1655,1655.0
COMMODITIES,400
0,20,3,34,33,139,481,2087.0
1,12,18,55,13,85,184,1279.0
2,25,29,64,51,201,763,3026.0
3,2,6,57,115,202,1711,3039.0
4,12,17,58,60,131,897,1979.0
5,18,11,72,69,200,1031,3012.0
6,30,8,33,85,163,1266,2452.0
7,19,5,15,64,167,954,2505.0
8,6,23,33,50,162,737,2431.0
9,1,10,59,46,157,683,2367.0
10,4,10,22,57,169,849,2545.0
11,12,25,49,53,101,795,1523.0
12,9,7,39,66,176,983,2645.0
13,28,15,72,71,172,1062,2589.0
14,13,11,50,75,158,1122,2384.0
15,27,10,36,55,139,811,2092.0
16,20,27,58,76,162,1134,2431.0
17,4,29,19,33,171,494,2575.0
18,20,25,74,66,144,980,2167.0
19,11,17,32,43,178,633,2682.0
20,1,8,30,85,179,1268,2693.0
21,17,28,21,33,129,492,1936.0
22,4,23,74,32,106,473,1596.0
23,16,28,66,70,177,1041,2668.0
24,3,8,29,78,180,1170,2709.0
25,15,16,67,101,183,1511,2755.0
26,1,3,59,72,186,1070,2801.0
27,9,27,28,34,173,496,2597.0
28,13,22,68,87,192,1292,2881.0
29,7,1,62,37,138,547,2076.0
30,1,2,59,49,128,733,1933.0
31,9,29,54,51,222,762,3344.0
32,11,5,36,70,164,1043,2463.0
33,24,12,27,86,207,1289,3118.0
34,21,5,17,44,150,652,2260.0
35,13,25,43,57,102,853,1540.0
36,15,13,43,61,209,909,3142.0
37,5,19,54,78,180,1168,2711.0
38,22,11,57,66,141,985,2124.0
39,19,12,31,61,137,911,2065.0
40,29,19,43,75,213,1111,3201.0
41,29,22,71,51,157,762,2361.0
42,2,14,48,38,113,566,1696.0
43,17,5,27,80,165,1189,2480.0
44,15,25,39,37,183,555,2749.0
45,26,1,36,49,124,726,1874.0
46,20,29,26,73,168,1088,2520.0
47,21,25,55,85,202,1266,3040.0
48,4,8,53,20,141,287,2125.0
49,21,8,19,72,165,1071,2485.0
50,12,7,24,83,183,1239,2747.0
51,7,10,69,80,149,1193,2238.0
52,30,21,72,74,152,1110,2288.0
53,26,28,64,59,184,882,2769.0
54,16,9,17,49,158,732,2379.0
55,2,5,70,44,122,653,1832.0
56,27,7,46,79,159,1177,2389.0
57,2,10,61,33,105,489,1586.0
58,14,24,73,82,169,1216,2544.0
59,11,1,19,93,178,1387,2672.0
60,3,19,26,53,184,784,2760.0
61,27,9,72,75,152,1112,2286.0
62,15,28,23,71,179,1062,2685.0
63,26,18,58,67,169,1005,2538.0
64,27,23,37,43,109,641,1647.0
65,6,7,46,87,190,1291,2856.0
66,30,12,40,76,210,1132,3157.0
67,12,9,36,72,175,1071,2634.0
68,13,14,34,36,115,534,1727.0
69,16,4,26,96,214,1440,3215.0
70,19,30,51,45,151,673,2273.0
71,5,4,28,54,156,804,2340.0
72,26,23,45,42,127,616,1909.0
73,16,2,70,46,128,684,1924.0
74,24,16,52,46,149,678,2246.0
75,19,9,53,84,197,1255,2957.0
76,17,2,45,68,155,1011,2330.0
77,6,15,26,78,170,1160,2555.0
78,22,20,19,61,141,914,2117.0
79,5,17,29,79,180,1178,2704.0
80,16,26,31,58,148,861,2229.0
81,4,12,46,78,235,1166,3530.0
82,8,28,45,39,135,573,2037.0
83,18,1,53,14,60,205,903.0
84,2,9,36,65,146,971,2203.0
85,30,1,39,104,174,1551,2617.0
86,2,26,26,60,180,894,2709.0
87,10,19,19,88,178,1318,2684.0
88,29,8,53,66,190,989,2851.0
89,3,20,38,62,162,928,2438.0
90,1,16,68,114,165,1699,2485.0
91,1,26,22,60,160,890,2409.0
92,4,2,20,95,178,1414,2681.0
93,23,10,63,65,186,963,2803.0
94,28,10,55,66,176,984,2640.0
95,3,6,30,72,160,1074,2403.0
96,11,18,68,14,76,197,1142.0
97,11,23,50,93,149,1381,2241.0
98,3,26,40,83,199,1237,2994.0
99,6,11,65,43,120,642,1804.0
100,16,10,63,62,164,926,2468.0
101,26,6,16,76,149,1135,2239.0
102,8,23,28,84,193,1249,2904.0
103,28,1,66,64,129,947,1946.0
104,23,24,53,49,167,722,2516.0
105,7,13,34,58,135,867,2037.0
106,3,30,51,14,129,207,1943.0
107,2,22,46,81,185,1214,2778.0
108,17,4,43,36,122,528,1839.0
109,11,6,19,39,88,585,1331.0
110,27,21,49,40,123,600,1852.0
111,1,20,15,41,134,615,2023.0
112,2,16,27,38,108,566,1621.0
113,2,7,52,67,187,992,2805.0
114,12,21,42,68,148,1011,2226.0
115,10,1,53,75,157,1115,2355.0
116,2,20,24,46,142,679,2132.0
117,23,18,37,66,154,981,2321.0
118,15,18,61,25,156,366,2350.0
119,4,20,43,58,143,857,2157.0
120,27,13,27,71,186,1065,2801.0
121,9,10,58,98,239,1461,3589.0
122,30,15,48,66,171,977,2577.0
123,21,1,29,46,117,688,1765.0
124,13,9,62,75,153,1115,2306.0
125,26,9,16,54,163,796,2445.0
126,5,12,34,59,175,879,2635.0
127,9,22,73,32,163,475,2453.0
128,20,22,47,78,208,1163,3132.0
129,14,23,30,68,110,1019,1658.0
130,25,11,50,75,171,1111,2575.0
131,19,17,49,75,201,1113,3020.0
132,28,29,33,123,242,1838,3639.0
133,2,19,26,50,180,749,2705.0
134,17,24,51,69,131,1025,1966.0
135,25,30,42,43,178,636,2678.0
136,28,16,39,75,153,1123,2301.0
137,29,15,74,31,153,451,2303.0
138,28,13,53,71,189,1057,2846.0
139,25,22,63,97,205,1445,3077.0
140,4,19,41,64,216,958,3244.0
141,5,2,44,101,164,1510,2469.0
142,30,10,43,56,148,837,2233.0
143,8,16,54,61,124,913,1862.0
144,3,18,57,59,170,872,2562.0
145,21,3,73,70,133,1037,2000.0
146,3,28,69,72,160,1080,2413.0
147,26,24,47,90,195,1346,2934.0
148,8,15,60,85,142,1264,2134.0
149,1,15,59,77,144,1146,2162.0
150,23,21,46,55,181,817,2723.0
151,30,7,50,75,174,1121,2619.0
152,25,8,55,111,224,1662,3371.0
153,5,13,38,73,178,1084,2672.0
154,5,23,25,36,141,537,2116.0
155,22,7,59,27,132,404,1991.0
156,14,25,48,82,194,1223,2920.0
157,21,20,46,82,145,1221,2176.0
158,11,20,64,53,133,790,2000.0
159,9,4,53,31,145,452,2183.0
160,3,2,57,82,133,1222,2008.0
161,14,6,67,85,189,1275,2846.0
162,9,8,61,93,217,1395,3264.0
163,21,19,25,63,150,937,2257.0
164,21,9,30,56,170,835,2552.0
165,1,5,40,45,103,671,1556.0
166,1,7,52,55,151,820,2275.0
167,23,7,18,45,155,665,2332.0
168,9,12,53,45,175,669,2625.0
169,26,11,40,85,154,1274,2315.0
170,13,10,18,72,151,1076,2278.0
171,5,20,63,34,144,509,2163.0
172,17,25,47,74,150,1108,2254.0
173,18,6,28,85,193,1268,2901.0
174,3,27,51,91,174,1356,2622.0
175,12,29,23,50,117,743,1761.0
176,15,14,64,47,129,700,1942.0
177,20,13,26,82,150,1226,2251.0
178,2,4,74,88,186,1310,2794.0
179,8,21,48,60,154,887,2313.0
180,26,2,29,56,119,838,1794.0
181,24,7,21,52,129,775,1936.0
182,23,4,46,28,92,418,1391.0
183,14,11,26,64,178,953,2671.0
184,25,10,44,61,141,912,2118.0
185,25,16,42,60,147,892,2217.0
186,13,21,51,62,151,926,2273.0
187,23,19,17,86,206,1290,3091.0
188,12,23,61,78,177,1167,2669.0
189,26,21,43,52,160,770,2401.0
190,19,7,19,31,90,458,1360.0
191,5,7,15,58,130,868,1961.0
192,6,16,58,66,136,982,2049.0
193,30,19,16,54,188,808,2821.0
194,2,28,31,38,143,558,2152.0
195,21,14,35,30,120,446,1812.0
196,19,4,21,72,175,1073,2635.0
197,15,19,65,39,126,581,1904.0
198,30,24,32,97,211,1452,3175.0
199,7,28,61,63,149,932,2236.0
200,27,19,31,66,183,977,2747.0
201,20,14,63,64,176,951,2648.0
202,16,15,73,69,125,1029,1886.0
203,17,7,33,76,176,1139,2653.0
204,27,30,51,41,126,614,1901.0
205,16,22,41,99,220,1479,3301.0
206,25,12,46,82,195,1216,2933.0
207,18,2,35,52,107,766,1615.0
208,25,14,48,38,113,557,1707.0
209,13,7,18,92,187,1376,2817.0
210,20,2,49,58,123,866,1848.0
211,20,26,24,65,170,973,2558.0
212,10,8,69,22,101,320,1518.0
213,17,10,65,44,90,659,1364.0
214,11,2,54,109,170,1629,2558.0
215,1,22,49,54,135,805,2033.0
216,14,2,23,72,171,1074,2571.0
217,16,14,23,74,157,1109,2355.0
218,17,29,72,65,133,975,1997.0
219,4,17,21,57,207,850,3106.0
220,3,24,67,66,166,985,2492.0
221,9,13,32,35,196,514,2951.0
222,30,13,42,54,170,796,2555.0
223,15,20,67,59,180,873,2702.0
224,12,24,72,60,158,890,2373.0
225,11,29,26,59,178,877,2679.0
226,17,9,19,66,172,986,2592.0
227,18,16,24,70,131,1039,1971.0
228,14,18,22,73,183,1082,2750.0
229,9,18,20,99,239,1479,3590.0
230,6,25,45,61,149,907,2244.0
231,7,5,41,68,147,1007,2214.0
232,14,12,46,30,156,440,2349.0
233,1,27,62,89,171,1322,2572.0
234,20,4,40,39,96,572,1443.0
235,21,29,52,54,185,803,2776.0
236,19,18,35,90,171,1341,2571.0
237,23,30,18,52,173,779,2603.0
238,6,14,68,67,154,1000,2324.0
239,16,12,63,62,131,922,1979.0
240,30,3,60,72,190,1073,2850.0
241,19,6,53,41,126,610,1896.0
242,12,1,17,105,177,1561,2669.0
243,20,15,67,27,124,392,1860.0
244,19,2,36,118,212,1769,3184.0
245,15,7,47,33,134,493,2019.0
246,25,5,29,92,200,1376,3008.0
247,30,14,73,78,171,1163,2572.0
248,3,25,28,76,188,1131,2823.0
249,11,9,17,48,118,720,1777.0
250,25,6,22,24,112,355,1680.0
251,19,16,33,70,176,1048,2643.0
252,25,28,51,77,188,1153,2826.0
253,17,22,39,77,182,1152,2739.0
254,25,26,38,51,165,753,2484.0
255,9,21,52,45,174,665,2624.0
256,5,27,42,24,97,352,1469.0
257,1,18,17,62,154,928,2314.0
258,18,9,16,79,173,1181,2602.0
259,22,26,35,56,170,831,2556.0
260,25,24,56,103,182,1538,2731.0
261,11,26,50,76,160,1136,2403.0
262,5,22,39,83,198,1232,2978.0
263,21,22,16,49,174,725,2624.0
264,9,19,56,86,243,1282,3651.0
265,16,17,48,40,139,594,2092.0
266,18,7,61,54,174,806,2622.0
267,10,25,49,80,132,1195,1990.0
268,10,28,24,92,156,1366,2343.0
269,14,22,37,116,183,1728,2752.0
270,22,27,52,56,174,838,2615.0
271,22,25,67,57,178,853,2681.0
272,5,21,55,116,213,1727,3195.0
273,6,26,40,35,154,521,2319.0
274,1,12,72,51,131,752,1979.0
275,18,12,37,81,184,1203,2773.0
276,8,5,30,89,163,1330,2455.0
277,16,11,59,67,162,993,2444.0
278,30,6,52,71,192,1057,2888.0
279,2,13,36,59,175,881,2635.0
280,3,17,30,75,206,1122,3100.0
281,3,23,47,80,180,1191,2714.0
282,30,4,27,49,178,730,2673.0
283,4,28,72,31,168,462,2530.0
284,1,6,56,106,189,1579,2836.0
285,1,29,50,55,174,813,2615.0
286,19,14,32,80,168,1187,2522.0
287,11,3,58,45,152,662,2291.0
288,26,14,50,70,177,1042,2655.0
289,21,18,65,49,133,727,2008.0
290,24,23,62,99,185,1485,2775.0
291,30,11,33,15,112,219,1690.0
292,18,4,56,112,200,1667,3001.0
293,13,12,34,72,152,1080,2286.0
294,10,7,40,107,206,1603,3102.0
295,17,15,56,72,188,1069,2834.0
296,22,8,23,43,130,635,1964.0
297,4,30,24,54,180,803,2709.0
298,25,17,55,57,177,854,2666.0
299,29,14,15,74,171,1109,2565.0
300,1,28,50,93,189,1388,2838.0
301,4,25,58,46,190,684,2853.0
302,21,16,39,74,175,1110,2632.0
303,29,1,71,68,168,1017,2522.0
304,20,10,62,90,199,1341,2988.0
305,6,12,59,54,154,797,2311.0
306,2,11,48,41,134,614,2012.0
307,26,12,36,46,168,678,2527.0
308,27,25,55,82,176,1225,2645.0
309,16,20,21,80,171,1198,2570.0
310,25,21,44,71,139,1055,2087.0
311,15,9,71,51,157,764,2358.0
312,12,26,66,86,172,1285,2593.0
313,8,2,29,42,115,629,1739.0
314,24,26,48,27,151,396,2266.0
315,15,2,52,88,203,1311,3056.0
316,20,9,62,42,137,617,2055.0
317,22,6,31,22,96,318,1442.0
318,8,14,19,49,132,723,1987.0
319,26,30,26,63,120,934,1800.0
320,30,5,22,105,219,1575,3289.0
321,26,15,37,95,209,1413,3145.0
322,8,22,36,89,176,1321,2654.0
323,25,27,63,51,152,761,2294.0
324,2,12,58,65,177,963,2657.0
325,26,13,30,46,140,684,2113.0
326,15,23,42,55,151,818,2277.0
327,7,30,64,76,139,1128,2099.0
328,26,19,61,87,233,1294,3502.0
329,7,15,49,63,129,945,1938.0
330,22,5,35,66,139,980,2086.0
331,12,2,35,48,99,706,1486.0
332,29,21,60,62,188,921,2826.0
333,28,3,58,70,187,1044,2815.0
334,2,29,49,106,267,1584,4019.0
335,23,8,74,57,150,842,2256.0
336,29,10,41,77,158,1147,2384.0
337,7,3,23,111,170,1654,2554.0
338,14,20,49,94,151,1400,2274.0
339,1,23,67,52,116,780,1749.0
340,17,23,46,61,138,907,2080.0
341,13,23,31,67,150,994,2254.0
342,18,10,53,45,148,667,2232.0
343,29,7,36,40,175,600,2639.0
344,22,4,38,57,152,849,2284.0
345,7,21,62,40,123,589,1846.0
346,18,23,55,87,173,1298,2597.0
347,4,6,65,19,100,281,1510.0
348,16,13,63,67,168,991,2525.0
349,18,28,41,65,170,968,2550.0
350,11,8,74,94,176,1400,2647.0
351,3,11,17,63,146,933,2197.0
352,27,15,43,66,155,986,2335.0
353,9,1,53,41,116,605,1754.0
354,6,4,68,53,154,785,2310.0
355,23,22,70,89,185,1330,2789.0
356,15,5,63,43,141,631,2129.0
357,27,24,61,66,170,990,2563.0
358,16,1,73,69,168,1025,2525.0
359,27,28,67,91,182,1353,2743.0
360,9,23,25,59,176,876,2646.0
361,4,15,35,66,204,988,3064.0
362,23,3,48,56,153,840,2305.0
363,20,18,18,75,136,1123,2054.0
364,23,6,62,35,151,522,2279.0
365,30,9,17,55,149,820,2249.0
366,17,27,40,82,131,1223,1975.0
367,7,11,56,51,151,754,2278.0
368,8,30,71,38,88,567,1328.0
369,21,26,60,62,188,920,2821.0
370,22,24,64,71,129,1060,1942.0
371,18,26,70,73,195,1089,2928.0
372,25,1,20,32,114,469,1713.0
373,20,23,70,67,147,996,2212.0
374,12,20,59,41,149,606,2239.0
375,10,26,35,24,123,359,1858.0
376,30,26,16,94,162,1409,2434.0
377,4,18,44,74,191,1101,2871.0
378,4,13,33,74,197,1099,2966.0
379,8,27,54,76,146,1130,2198.0
380,11,27,71,73,167,1084,2509.0
381,13,8,22,73,163,1085,2458.0
382,26,8,40,56,170,833,2564.0
383,17,13,74,59,161,885,2418.0
384,29,24,58,47,150,698,2264.0
385,17,26,48,67,153,991,2308.0
386,7,4,56,65,144,964,2160.0
387,5,9,71,80,165,1196,2486.0
388,15,30,16,48,178,706,2678.0
389,28,30,63,62,166,930,2490.0
390,1,14,31,59,112,883,1685.0
391,24,2,67,46,97,690,1461.0
392,17,8,71,45,150,665,2262.0
393,16,7,65,71,154,1053,2321.0
394,16,18,33,76,185,1140,2781.0
395,27,11,74,90,149,1339,2238.0
396,26,22,16,77,207,1141,3113.0
397,16,25,47,61,157,914,2357.0
398,28,12,65,73,153,1083,2306.0
399,10,24,18,88,125,1318,1875.0
horizon=267
