NODES,30
1,1,-,-
2,2,-,-
3,3,-,-
4,4,-,-
5,5,-,-
6,6,-,-
7,7,-,-
8,8,-,-
9,9,-,-
10,10,-,-
11,11,-,-
12,12,-,-
13,13,-,-
14,14,-,-
15,15,-,-
16,16,-,-
17,17,-,-
18,18,-,-
19,19,-,-
20,20,-,-
21,21,-,-
22,22,-,-
23,23,-,-
24,24,-,-
25,25,-,-
26,26,-,-
27,27,-,-
28,28,-,-
29,29,-,-
30,30,-,-
ARCS,685
0,1,18,5,418,214,51,760,760.0
1,1,16,5,485,623,59,882,882.0
2,1,28,1,515,431,63,937,937.0
3,1,12,5,351,555,43,639,639.0
4,1,7,7,358,578,44,651,651.0
5,1,29,4,209,450,26,380,380.0
6,1,30,8,478,299,58,870,870.0
7,1,21,2,150,244,19,273,273.0
8,1,20,3,299,417,37,544,544.0
9,1,5,1,344,160,42,626,626.0
10,1,24,1,299,539,37,544,544.0
11,1,9,9,179,297,22,326,326.0
12,1,4,6,157,163,20,286,286.0
13,1,6,7,552,532,67,1004,1004.0
14,1,23,2,440,584,54,800,800.0
15,1,2,7,150,701,19,273,273.0
16,1,8,7,344,720,42,626,626.0
17,1,27,1,440,691,54,800,800.0
18,1,26,2,105,318,13,191,191.0
19,2,19,4,120,528,15,219,219.0
20,2,1,2,120,521,15,219,219.0
21,2,27,9,97,155,12,177,177.0
22,2,7,3,739,705,90,1344,1344.0
23,2,28,2,224,277,28,408,408.0
24,2,11,9,254,646,31,462,462.0
25,2,9,8,537,483,66,977,977.0
26,2,20,6,165,652,20,300,300.0
27,2,21,8,381,483,47,693,693.0
28,2,8,6,344,261,42,626,626.0
29,2,16,4,455,361,56,828,828.0
30,2,4,4,97,661,12,177,177.0
31,2,14,8,314,194,39,571,571.0
32,2,22,2,426,532,52,775,775.0
33,2,15,6,142,692,18,259,259.0
34,2,5,5,739,684,90,1344,1344.0
35,2,25,4,112,452,14,204,204.0
36,2,17,3,187,682,23,340,340.0
37,2,24,7,433,489,53,788,788.0
38,2,26,2,724,637,88,1317,1317.0
39,2,6,2,314,528,39,571,571.0
40,3,16,7,619,519,76,1126,1126.0
41,3,10,6,224,635,28,408,408.0
42,3,9,4,388,538,48,706,706.0
43,3,29,6,448,287,55,815,815.0
44,3,12,2,388,469,48,706,706.0
45,3,11,7,165,280,20,300,300.0
46,3,18,7,440,404,54,800,800.0
47,3,4,3,679,191,83,1235,1235.0
48,3,27,3,560,659,68,1019,1019.0
49,3,21,5,545,573,67,991,991.0
50,3,14,2,597,578,73,1086,1086.0
51,3,25,1,411,705,50,748,748.0
52,3,8,9,351,162,43,639,639.0
53,3,24,2,224,668,28,408,408.0
54,3,19,8,634,537,77,1153,1153.0
55,3,17,4,351,496,43,639,639.0
56,3,1,3,321,665,39,584,584.0
57,3,7,6,716,182,87,1302,1302.0
58,3,28,2,127,284,16,231,231.0
59,3,6,9,75,539,10,137,137.0
60,3,15,2,90,645,11,164,164.0
61,3,5,4,187,297,23,340,340.0
62,3,2,6,709,237,86,1290,1290.0
63,3,26,3,448,287,55,815,815.0
64,3,13,2,105,315,13,191,191.0
65,3,23,7,463,678,57,842,842.0
66,3,30,2,619,472,76,1126,1126.0
67,3,22,5,455,365,56,828,828.0
68,4,29,2,187,600,23,340,340.0
69,4,13,2,314,463,39,571,571.0
70,4,27,2,358,421,44,651,651.0
71,4,2,2,612,280,75,1113,1113.0
72,4,14,1,552,467,67,1004,1004.0
73,4,15,1,276,279,34,502,502.0
74,4,1,8,642,614,78,1168,1168.0
75,4,12,8,262,182,32,477,477.0
76,4,16,2,590,715,72,1073,1073.0
77,4,19,3,724,343,88,1317,1317.0
78,4,24,1,262,509,32,477,477.0
79,4,28,2,396,179,48,720,720.0
80,4,20,7,232,479,29,422,422.0
81,4,25,1,426,591,52,775,775.0
82,4,11,6,523,208,64,951,951.0
83,4,3,6,105,338,13,191,191.0
84,4,7,6,150,447,19,273,273.0
85,4,8,8,597,645,73,1086,1086.0
86,4,5,8,314,704,39,571,571.0
87,4,26,4,157,313,20,286,286.0
88,4,18,7,612,457,75,1113,1113.0
89,4,23,3,590,640,72,1073,1073.0
90,4,30,8,75,509,10,137,137.0
91,4,22,4,344,717,42,626,626.0
92,4,9,8,150,576,19,273,273.0
93,4,17,4,590,534,72,1073,1073.0
94,5,21,5,329,601,40,599,599.0
95,5,8,4,664,349,81,1208,1208.0
96,5,24,1,358,596,44,651,651.0
97,5,14,5,75,332,10,137,137.0
98,5,15,1,179,359,22,326,326.0
99,5,3,6,649,332,79,1180,1180.0
100,5,1,6,344,576,42,626,626.0
101,5,25,2,455,300,56,828,828.0
102,5,20,9,127,459,16,231,231.0
103,5,30,3,373,550,46,679,679.0
104,5,16,4,619,320,76,1126,1126.0
105,5,7,4,165,407,20,300,300.0
106,5,22,2,657,577,80,1195,1195.0
107,5,6,4,649,678,79,1180,1180.0
108,5,18,9,262,355,32,477,477.0
109,5,2,4,500,240,61,910,910.0
110,5,10,8,75,524,10,137,137.0
111,5,9,6,612,332,75,1113,1113.0
112,5,13,3,83,478,11,151,151.0
113,5,17,2,388,560,48,706,706.0
114,5,23,4,403,351,49,733,733.0
115,5,26,4,627,208,76,1140,1140.0
116,6,12,9,83,418,11,151,151.0
117,6,9,2,731,341,89,1330,1330.0
118,6,3,6,403,601,49,733,733.0
119,6,18,8,657,315,80,1195,1195.0
120,6,1,3,291,578,36,530,530.0
121,6,21,2,217,447,27,395,395.0
122,6,8,1,440,459,54,800,800.0
123,6,15,8,381,610,47,693,693.0
124,6,28,8,597,290,73,1086,1086.0
125,6,27,9,426,372,52,775,775.0
126,6,4,5,75,632,10,137,137.0
127,6,19,7,336,184,41,611,611.0
128,6,13,2,440,283,54,800,800.0
129,6,16,2,83,708,11,151,151.0
130,6,10,8,388,263,48,706,706.0
131,6,30,2,731,717,89,1330,1330.0
132,6,11,2,694,149,85,1262,1262.0
133,6,5,9,694,348,85,1262,1262.0
134,6,29,7,440,610,54,800,800.0
135,6,22,9,120,508,15,219,219.0
136,6,2,9,276,571,34,502,502.0
137,6,17,8,739,443,90,1344,1344.0
138,6,25,5,269,312,33,490,490.0
139,6,14,7,284,163,35,517,517.0
140,6,7,1,314,286,39,571,571.0
141,6,26,5,120,698,15,219,219.0
142,7,16,7,672,539,82,1222,1222.0
143,7,22,6,381,251,47,693,693.0
144,7,14,6,716,478,87,1302,1302.0
145,7,11,2,634,312,77,1153,1153.0
146,7,30,2,373,394,46,679,679.0
147,7,24,5,157,306,20,286,286.0
148,7,17,2,291,495,36,530,530.0
149,7,1,7,634,331,77,1153,1153.0
150,7,21,3,426,274,52,775,775.0
151,7,4,8,634,378,77,1153,1153.0
152,7,29,3,142,620,18,259,259.0
153,7,15,5,552,175,67,1004,1004.0
154,7,2,8,470,345,57,855,855.0
155,7,25,8,344,490,42,626,626.0
156,7,9,5,291,542,36,530,530.0
157,7,8,8,209,616,26,380,380.0
158,7,23,7,194,274,24,353,353.0
159,7,19,8,373,309,46,679,679.0
160,7,28,3,657,653,80,1195,1195.0
161,7,6,2,426,580,52,775,775.0
162,7,12,1,165,705,20,300,300.0
163,7,13,8,381,147,47,693,693.0
164,8,22,3,634,460,77,1153,1153.0
165,8,1,3,135,441,17,246,246.0
166,8,28,6,344,503,42,626,626.0
167,8,21,7,485,368,59,882,882.0
168,8,12,6,142,362,18,259,259.0
169,8,4,1,560,184,68,1019,1019.0
170,8,15,1,321,407,39,584,584.0
171,8,10,1,388,184,48,706,706.0
172,8,5,6,590,421,72,1073,1073.0
173,8,2,6,239,394,29,435,435.0
174,8,16,6,179,147,22,326,326.0
175,8,19,6,731,315,89,1330,1330.0
176,8,7,6,262,310,32,477,477.0
177,8,3,4,679,153,83,1235,1235.0
178,8,14,6,314,362,39,571,571.0
179,8,13,5,590,639,72,1073,1073.0
180,8,6,1,97,692,12,177,177.0
181,8,26,1,329,423,40,599,599.0
182,8,11,2,209,284,26,380,380.0
183,8,23,2,716,267,87,1302,1302.0
184,8,30,7,165,293,20,300,300.0
185,8,29,4,731,431,89,1330,1330.0
186,9,2,9,470,594,57,855,855.0
187,9,4,5,157,351,20,286,286.0
188,9,25,3,545,581,67,991,991.0
189,9,23,6,508,707,62,924,924.0
190,9,15,8,344,454,42,626,626.0
191,9,12,7,545,256,67,991,991.0
192,9,8,4,530,263,65,964,964.0
193,9,16,1,590,454,72,1073,1073.0
194,9,24,3,276,501,34,502,502.0
195,9,22,1,358,380,44,651,651.0
196,9,14,7,634,146,77,1153,1153.0
197,9,29,8,440,225,54,800,800.0
198,9,17,9,605,221,74,1100,1100.0
199,9,27,1,97,147,12,177,177.0
200,9,19,8,478,655,58,870,870.0
201,9,21,7,239,479,29,435,435.0
202,9,1,2,224,493,28,408,408.0
203,9,13,8,239,480,29,435,435.0
204,9,10,3,537,460,66,977,977.0
205,9,28,3,105,441,13,191,191.0
206,9,20,5,560,299,68,1019,1019.0
207,9,11,7,560,341,68,1019,1019.0
208,9,3,2,232,274,29,422,422.0
209,10,22,1,358,207,44,651,651.0
210,10,30,3,187,359,23,340,340.0
211,10,28,8,142,316,18,259,259.0
212,10,19,5,403,377,49,733,733.0
213,10,18,9,276,502,34,502,502.0
214,10,12,4,552,309,67,1004,1004.0
215,10,4,6,262,681,32,477,477.0
216,10,13,6,179,248,22,326,326.0
217,10,17,3,358,296,44,651,651.0
218,10,15,8,537,678,66,977,977.0
219,10,5,9,112,645,14,204,204.0
220,10,9,3,627,459,76,1140,1140.0
221,10,8,2,649,675,79,1180,1180.0
222,10,26,5,440,247,54,800,800.0
223,10,16,2,455,385,56,828,828.0
224,10,1,7,448,424,55,815,815.0
225,10,27,1,537,705,66,977,977.0
226,10,14,9,373,712,46,679,679.0
227,11,28,6,426,173,52,775,775.0
228,11,24,4,739,368,90,1344,1344.0
229,11,29,7,597,429,73,1086,1086.0
230,11,25,6,224,459,28,408,408.0
231,11,21,8,75,476,10,137,137.0
232,11,18,2,508,539,62,924,924.0
233,11,14,1,739,195,90,1344,1344.0
234,11,8,7,75,349,10,137,137.0
235,11,22,2,351,492,43,639,639.0
236,11,3,9,619,172,76,1126,1126.0
237,11,10,8,388,668,48,706,706.0
238,11,4,2,157,607,20,286,286.0
239,11,9,6,105,666,13,191,191.0
240,11,13,5,716,368,87,1302,1302.0
241,11,20,5,403,194,49,733,733.0
242,11,12,7,537,576,66,977,977.0
243,11,5,6,523,626,64,951,951.0
244,11,15,7,358,538,44,651,651.0
245,11,23,4,262,518,32,477,477.0
246,11,7,9,470,421,57,855,855.0
247,11,17,5,642,695,78,1168,1168.0
248,11,26,6,224,325,28,408,408.0
249,11,1,3,455,459,56,828,828.0
250,11,6,2,120,583,15,219,219.0
251,11,2,9,165,616,20,300,300.0
252,11,16,9,373,218,46,679,679.0
253,11,30,6,381,443,47,693,693.0
254,12,8,5,426,531,52,775,775.0
255,12,15,2,194,185,24,353,353.0
256,12,28,5,530,622,65,964,964.0
257,12,29,2,358,323,44,651,651.0
258,12,21,2,657,678,80,1195,1195.0
259,12,17,7,179,485,22,326,326.0
260,12,23,5,276,620,34,502,502.0
261,12,3,4,135,593,17,246,246.0
262,12,9,3,254,155,31,462,462.0
263,12,4,9,403,666,49,733,733.0
264,12,2,2,433,626,53,788,788.0
265,12,26,5,165,612,20,300,300.0
266,12,18,8,537,612,66,977,977.0
267,12,1,9,448,247,55,815,815.0
268,12,16,7,291,188,36,530,530.0
269,12,14,7,411,290,50,748,748.0
270,12,24,2,194,225,24,353,353.0
271,12,5,7,224,712,28,408,408.0
272,12,7,5,165,545,20,300,300.0
273,12,27,2,314,418,39,571,571.0
274,12,30,6,679,237,83,1235,1235.0
275,12,6,2,358,273,44,651,651.0
276,12,11,7,209,400,26,380,380.0
277,12,25,5,194,635,24,353,353.0
278,12,22,2,351,565,43,639,639.0
279,12,10,2,433,354,53,788,788.0
280,12,19,8,105,310,13,191,191.0
281,12,20,2,381,649,47,693,693.0
282,12,13,2,590,257,72,1073,1073.0
283,13,12,1,284,398,35,517,517.0
284,13,24,1,209,567,26,380,380.0
285,13,16,8,448,478,55,815,815.0
286,13,18,6,500,463,61,910,910.0
287,13,14,8,485,496,59,882,882.0
288,13,23,3,702,211,86,1277,1277.0
289,13,6,2,142,185,18,259,259.0
290,13,22,6,179,424,22,326,326.0
291,13,28,6,694,450,85,1262,1262.0
292,13,20,5,90,625,11,164,164.0
293,13,4,9,75,440,10,137,137.0
294,13,8,8,500,578,61,910,910.0
295,13,10,7,567,293,69,1031,1031.0
296,13,2,7,433,485,53,788,788.0
297,13,27,1,269,410,33,490,490.0
298,13,15,6,388,146,48,706,706.0
299,13,11,7,575,221,70,1046,1046.0
300,13,1,2,493,495,60,897,897.0
301,13,3,7,463,552,57,842,842.0
302,13,25,8,135,217,17,246,246.0
303,13,29,6,262,356,32,477,477.0
304,13,9,2,440,211,54,800,800.0
305,13,26,7,478,699,58,870,870.0
306,13,7,2,724,391,88,1317,1317.0
307,13,19,7,702,348,86,1277,1277.0
308,13,5,5,575,374,70,1046,1046.0
309,13,30,7,411,456,50,748,748.0
310,13,17,4,657,182,80,1195,1195.0
311,14,29,7,336,675,41,611,611.0
312,14,30,7,485,273,59,882,882.0
313,14,11,2,291,626,36,530,530.0
314,14,6,8,284,452,35,517,517.0
315,14,9,8,284,234,35,517,517.0
316,14,16,3,150,457,19,273,273.0
317,14,3,5,284,512,35,517,517.0
318,14,19,7,105,160,13,191,191.0
319,14,25,3,284,290,35,517,517.0
320,14,22,6,716,488,87,1302,1302.0
321,14,20,5,440,512,54,800,800.0
322,14,15,7,299,300,37,544,544.0
323,14,8,6,642,535,78,1168,1168.0
324,14,26,5,724,355,88,1317,1317.0
325,14,2,2,426,254,52,775,775.0
326,14,27,8,485,617,59,882,882.0
327,14,7,9,664,426,81,1208,1208.0
328,14,28,9,329,545,40,599,599.0
329,14,17,2,537,182,66,977,977.0
330,14,5,5,366,490,45,666,666.0
331,14,18,5,202,270,25,368,368.0
332,14,10,9,448,335,55,815,815.0
333,14,4,6,75,258,10,137,137.0
334,14,1,7,642,186,78,1168,1168.0
335,14,23,3,187,488,23,340,340.0
336,14,21,2,75,594,10,137,137.0
337,14,24,9,426,264,52,775,775.0
338,15,25,4,269,283,33,490,490.0
339,15,27,9,217,303,27,395,395.0
340,15,13,1,672,405,82,1222,1222.0
341,15,11,1,716,629,87,1302,1302.0
342,15,26,8,634,377,77,1153,1153.0
343,15,3,9,90,505,11,164,164.0
344,15,24,2,388,267,48,706,706.0
345,15,29,9,112,561,14,204,204.0
346,15,19,1,694,447,85,1262,1262.0
347,15,12,9,634,411,77,1153,1153.0
348,15,18,6,299,398,37,544,544.0
349,15,8,6,209,212,26,380,380.0
350,15,14,4,329,460,40,599,599.0
351,15,21,5,142,333,18,259,259.0
352,15,7,7,433,332,53,788,788.0
353,15,2,1,560,196,68,1019,1019.0
354,15,16,4,247,329,30,450,450.0
355,15,4,3,254,708,31,462,462.0
356,15,22,5,314,457,39,571,571.0
357,15,17,5,142,714,18,259,259.0
358,15,20,6,672,476,82,1222,1222.0
359,15,9,2,232,653,29,422,422.0
360,15,28,2,388,571,48,706,706.0
361,15,6,7,396,669,48,720,720.0
362,15,23,4,709,443,86,1290,1290.0
363,15,5,7,537,441,66,977,977.0
364,15,1,5,351,574,43,639,639.0
365,16,24,8,687,548,84,1250,1250.0
366,16,25,5,605,248,74,1100,1100.0
367,16,27,7,411,273,50,748,748.0
368,16,23,5,418,580,51,760,760.0
369,16,1,1,590,686,72,1073,1073.0
370,16,30,6,344,479,42,626,626.0
371,16,2,6,455,472,56,828,828.0
372,16,28,8,105,201,13,191,191.0
373,16,9,9,634,591,77,1153,1153.0
374,16,21,7,463,224,57,842,842.0
375,16,3,9,358,326,44,651,651.0
376,16,14,1,545,338,67,991,991.0
377,16,10,6,515,162,63,937,937.0
378,16,7,6,239,168,29,435,435.0
379,16,18,9,687,457,84,1250,1250.0
380,16,12,2,344,541,42,626,626.0
381,16,8,7,172,361,21,313,313.0
382,16,22,9,433,384,53,788,788.0
383,16,29,5,344,614,42,626,626.0
384,16,20,7,709,609,86,1290,1290.0
385,16,6,8,366,312,45,666,666.0
386,17,19,3,314,636,39,571,571.0
387,17,30,5,455,614,56,828,828.0
388,17,13,8,381,155,47,693,693.0
389,17,11,9,351,228,43,639,639.0
390,17,22,5,97,486,12,177,177.0
391,17,1,2,448,410,55,815,815.0
392,17,23,2,224,476,28,408,408.0
393,17,4,9,75,372,10,137,137.0
394,17,27,4,627,443,76,1140,1140.0
395,17,9,8,545,522,67,991,991.0
396,17,5,1,276,646,34,502,502.0
397,17,26,6,440,508,54,800,800.0
398,17,10,8,470,503,57,855,855.0
399,17,29,6,418,568,51,760,760.0
400,17,20,6,291,331,36,530,530.0
401,17,14,3,418,199,51,760,760.0
402,17,7,9,217,341,27,395,395.0
403,17,25,2,664,152,81,1208,1208.0
404,17,16,2,597,392,73,1086,1086.0
405,17,21,6,426,544,52,775,775.0
406,17,15,4,508,188,62,924,924.0
407,18,24,9,351,604,43,639,639.0
408,18,21,3,329,248,40,599,599.0
409,18,11,2,291,194,36,530,530.0
410,18,12,6,530,184,65,964,964.0
411,18,22,4,411,616,50,748,748.0
412,18,30,8,545,401,67,991,991.0
413,18,17,2,291,479,36,530,530.0
414,18,16,1,426,251,52,775,775.0
415,18,1,1,552,191,67,1004,1004.0
416,18,9,8,716,688,87,1302,1302.0
417,18,14,5,120,528,15,219,219.0
418,18,5,4,702,299,86,1277,1277.0
419,18,7,6,306,149,38,557,557.0
420,18,8,6,463,658,57,842,842.0
421,18,29,2,530,514,65,964,964.0
422,18,28,2,373,260,46,679,679.0
423,18,15,3,590,329,72,1073,1073.0
424,18,10,6,523,235,64,951,951.0
425,18,13,4,463,622,57,842,842.0
426,18,25,7,157,472,20,286,286.0
427,18,23,8,202,333,25,368,368.0
428,18,20,6,321,375,39,584,584.0
429,18,2,1,90,258,11,164,164.0
430,18,27,1,463,646,57,842,842.0
431,18,3,5,478,411,58,870,870.0
432,19,18,3,202,165,25,368,368.0
433,19,29,2,247,609,30,450,450.0
434,19,23,4,284,395,35,517,517.0
435,19,4,7,336,479,41,611,611.0
436,19,5,6,239,436,29,435,435.0
437,19,21,6,269,485,33,490,490.0
438,19,9,6,657,365,80,1195,1195.0
439,19,25,8,440,532,54,800,800.0
440,19,11,3,269,215,33,490,490.0
441,19,24,4,448,369,55,815,815.0
442,19,17,3,440,622,54,800,800.0
443,19,20,4,455,276,56,828,828.0
444,19,7,3,672,718,82,1222,1222.0
445,19,8,9,179,434,22,326,326.0
446,19,27,8,649,509,79,1180,1180.0
447,20,30,4,97,509,12,177,177.0
448,20,22,8,373,260,46,679,679.0
449,20,2,4,582,276,71,1059,1059.0
450,20,16,4,224,369,28,408,408.0
451,20,13,7,433,202,53,788,788.0
452,20,15,1,597,552,73,1086,1086.0
453,20,29,1,209,718,26,380,380.0
454,20,10,6,232,385,29,422,422.0
455,20,21,6,657,508,80,1195,1195.0
456,20,14,4,634,674,77,1153,1153.0
457,20,17,1,649,675,79,1180,1180.0
458,20,24,1,276,614,34,502,502.0
459,20,11,6,672,240,82,1222,1222.0
460,20,8,1,515,257,63,937,937.0
461,20,12,7,396,563,48,720,720.0
462,20,1,1,321,430,39,584,584.0
463,20,28,8,217,509,27,395,395.0
464,20,25,8,679,475,83,1235,1235.0
465,20,19,1,314,362,39,571,571.0
466,20,5,9,426,184,52,775,775.0
467,20,23,2,291,254,36,530,530.0
468,20,9,2,194,646,24,353,353.0
469,20,26,4,299,328,37,544,544.0
470,20,6,2,687,221,84,1250,1250.0
471,20,18,3,381,702,47,693,693.0
472,20,3,2,739,447,90,1344,1344.0
473,21,6,7,545,632,67,991,991.0
474,21,24,7,411,359,50,748,748.0
475,21,25,9,575,519,70,1046,1046.0
476,21,1,7,515,666,63,937,937.0
477,21,3,2,493,583,60,897,897.0
478,21,5,1,329,705,40,599,599.0
479,21,7,5,179,388,22,326,326.0
480,21,28,1,575,320,70,1046,1046.0
481,21,20,1,515,561,63,937,937.0
482,21,4,1,694,702,85,1262,1262.0
483,21,27,7,478,563,58,870,870.0
484,21,18,1,657,414,80,1195,1195.0
485,21,8,2,403,431,49,733,733.0
486,21,19,2,515,430,63,937,937.0
487,21,2,5,463,283,57,842,842.0
488,21,12,3,508,196,62,924,924.0
489,21,16,8,612,198,75,1113,1113.0
490,21,11,1,403,535,49,733,733.0
491,21,10,6,344,466,42,626,626.0
492,21,17,3,716,315,87,1302,1302.0
493,21,15,7,679,483,83,1235,1235.0
494,21,9,7,254,580,31,462,462.0
495,21,13,3,500,172,61,910,910.0
496,21,22,6,209,338,26,380,380.0
497,22,2,9,403,613,49,733,733.0
498,22,3,4,269,336,33,490,490.0
499,22,24,3,239,290,29,435,435.0
500,22,21,3,269,674,33,490,490.0
501,22,6,7,194,555,24,353,353.0
502,22,5,2,619,247,76,1126,1126.0
503,22,10,5,269,247,33,490,490.0
504,22,11,4,433,225,53,788,788.0
505,22,13,5,239,505,29,435,435.0
506,22,29,6,702,287,86,1277,1277.0
507,22,1,3,90,475,11,164,164.0
508,22,18,3,478,408,58,870,870.0
509,22,7,7,679,672,83,1235,1235.0
510,22,27,2,358,555,44,651,651.0
511,22,28,7,269,313,33,490,490.0
512,22,26,4,478,630,58,870,870.0
513,22,23,5,142,323,18,259,259.0
514,22,4,8,187,339,23,340,340.0
515,22,9,7,306,258,38,557,557.0
516,23,30,8,224,384,28,408,408.0
517,23,5,1,664,418,81,1208,1208.0
518,23,9,5,657,173,80,1195,1195.0
519,23,19,6,440,707,54,800,800.0
520,23,15,7,321,147,39,584,584.0
521,23,6,9,649,534,79,1180,1180.0
522,23,2,2,500,629,61,910,910.0
523,23,27,2,142,470,18,259,259.0
524,23,24,3,157,194,20,286,286.0
525,23,25,9,702,228,86,1277,1277.0
526,23,8,4,284,643,35,517,517.0
527,23,20,9,560,296,68,1019,1019.0
528,23,18,8,657,328,80,1195,1195.0
529,23,10,1,314,388,39,571,571.0
530,23,28,1,478,707,58,870,870.0
531,23,11,6,314,524,39,571,571.0
532,23,12,9,403,335,49,733,733.0
533,23,14,6,381,322,47,693,693.0
534,23,16,7,530,626,65,964,964.0
535,23,21,3,105,715,13,191,191.0
536,24,9,8,523,489,64,951,951.0
537,24,13,5,329,593,40,599,599.0
538,24,6,9,560,492,68,1019,1019.0
539,24,11,7,575,668,70,1046,1046.0
540,24,21,2,575,178,70,1046,1046.0
541,24,1,7,172,439,21,313,313.0
542,24,10,2,90,663,11,164,164.0
543,24,12,2,411,235,50,748,748.0
544,24,8,8,605,387,74,1100,1100.0
545,24,29,5,232,637,29,422,422.0
546,24,20,5,239,173,29,435,435.0
547,24,14,8,135,552,17,246,246.0
548,24,16,7,254,516,31,462,462.0
549,24,15,7,284,437,35,517,517.0
550,24,5,1,187,460,23,340,340.0
551,24,18,8,351,499,43,639,639.0
552,24,27,4,649,568,79,1180,1180.0
553,24,17,2,679,493,83,1235,1235.0
554,24,26,4,239,712,29,435,435.0
555,25,23,2,262,672,32,477,477.0
556,25,20,6,433,604,53,788,788.0
557,25,2,8,440,345,54,800,800.0
558,25,28,8,344,671,42,626,626.0
559,25,6,8,739,534,90,1344,1344.0
560,25,8,3,418,640,51,760,760.0
561,25,29,7,105,699,13,191,191.0
562,25,3,1,478,166,58,870,870.0
563,25,22,2,232,429,29,422,422.0
564,25,26,1,314,158,39,571,571.0
565,25,24,6,388,470,48,706,706.0
566,25,18,6,545,205,67,991,991.0
567,25,1,6,381,531,47,693,693.0
568,25,5,3,702,371,86,1277,1277.0
569,25,14,4,515,351,63,937,937.0
570,25,11,7,396,544,48,720,720.0
571,25,19,9,470,358,57,855,855.0
572,25,7,9,433,233,53,788,788.0
573,25,27,6,649,260,79,1180,1180.0
574,25,9,9,284,449,35,517,517.0
575,25,30,6,194,296,24,353,353.0
576,25,4,5,314,508,39,571,571.0
577,25,13,8,239,447,29,435,435.0
578,25,21,4,202,233,25,368,368.0
579,25,17,8,664,171,81,1208,1208.0
580,25,10,4,157,689,20,286,286.0
581,26,11,3,329,150,40,599,599.0
582,26,27,4,597,707,73,1086,1086.0
583,26,6,2,575,509,70,1046,1046.0
584,26,23,1,709,430,86,1290,1290.0
585,26,22,5,373,521,46,679,679.0
586,26,9,8,515,263,63,937,937.0
587,26,2,7,209,303,26,380,380.0
588,26,29,3,381,263,47,693,693.0
589,26,15,4,314,238,39,571,571.0
590,26,17,8,224,558,28,408,408.0
591,26,10,3,545,577,67,991,991.0
592,26,21,2,687,597,84,1250,1250.0
593,26,13,9,239,699,29,435,435.0
594,26,24,1,150,527,19,273,273.0
595,26,5,7,724,228,88,1317,1317.0
596,26,12,7,470,720,57,855,855.0
597,26,28,9,373,323,46,679,679.0
598,26,8,4,179,147,22,326,326.0
599,26,16,8,731,577,89,1330,1330.0
600,26,14,2,552,593,67,1004,1004.0
601,26,18,1,381,506,47,693,693.0
602,26,20,8,254,604,31,462,462.0
603,26,3,9,172,411,21,313,313.0
604,26,1,1,276,515,34,502,502.0
605,27,16,2,239,636,29,435,435.0
606,27,23,4,411,424,50,748,748.0
607,27,21,4,455,704,56,828,828.0
608,27,18,5,403,661,49,733,733.0
609,27,19,2,702,527,86,1277,1277.0
610,27,25,3,306,506,38,557,557.0
611,27,28,1,97,630,12,177,177.0
612,27,10,6,537,672,66,977,977.0
613,27,29,6,90,463,11,164,164.0
614,27,5,1,329,162,40,599,599.0
615,27,3,5,731,652,89,1330,1330.0
616,27,4,8,642,440,78,1168,1168.0
617,27,11,6,97,176,12,177,177.0
618,27,26,6,299,414,37,544,544.0
619,27,20,2,418,417,51,760,760.0
620,27,9,3,165,325,20,300,300.0
621,27,14,7,411,567,50,748,748.0
622,27,7,9,724,648,88,1317,1317.0
623,27,17,9,366,452,45,666,666.0
624,27,15,8,336,576,41,611,611.0
625,28,14,4,165,315,20,300,300.0
626,28,23,9,731,695,89,1330,1330.0
627,28,30,3,687,516,84,1250,1250.0
628,28,13,8,470,385,57,855,855.0
629,28,27,4,664,333,81,1208,1208.0
630,28,6,1,179,195,22,326,326.0
631,28,24,1,575,454,70,1046,1046.0
632,28,16,5,254,539,31,462,462.0
633,28,4,3,433,411,53,788,788.0
634,28,7,6,485,322,59,882,882.0
635,28,9,8,426,228,52,775,775.0
636,28,2,6,508,688,62,924,924.0
637,28,10,6,396,563,48,720,720.0
638,28,18,7,344,319,42,626,626.0
639,28,5,8,202,392,25,368,368.0
640,28,1,1,716,387,87,1302,1302.0
641,28,22,5,366,717,45,666,666.0
642,28,8,4,194,665,24,353,353.0
643,28,21,2,388,486,48,706,706.0
644,28,20,7,426,560,52,775,775.0
645,28,17,1,90,152,11,164,164.0
646,28,3,3,582,534,71,1059,1059.0
647,28,11,3,209,323,26,380,380.0
648,28,12,6,597,307,73,1086,1086.0
649,28,19,5,83,356,11,151,151.0
650,29,30,4,455,251,56,828,828.0
651,29,18,5,575,465,70,1046,1046.0
652,29,26,5,493,152,60,897,897.0
653,29,12,8,329,394,40,599,599.0
654,29,23,3,403,349,49,733,733.0
655,29,11,1,523,204,64,951,951.0
656,29,1,9,254,172,31,462,462.0
657,29,28,2,262,292,32,477,477.0
658,29,22,3,619,175,76,1126,1126.0
659,29,27,3,478,472,58,870,870.0
660,29,21,4,336,444,41,611,611.0
661,29,20,2,165,405,20,300,300.0
662,29,9,1,276,486,34,502,502.0
663,29,6,6,455,329,56,828,828.0
664,29,4,1,530,646,65,964,964.0
665,29,5,6,530,441,65,964,964.0
666,29,15,8,217,488,27,395,395.0
667,30,11,6,75,512,10,137,137.0
668,30,12,6,344,224,42,626,626.0
669,30,5,4,135,672,17,246,246.0
670,30,14,8,463,479,57,842,842.0
671,30,8,3,418,274,51,760,760.0
672,30,7,9,545,581,67,991,991.0
673,30,9,6,411,649,50,748,748.0
674,30,21,1,366,176,45,666,666.0
675,30,28,3,463,365,57,842,842.0
676,30,17,5,642,473,78,1168,1168.0
677,30,26,9,672,339,82,1222,1222.0
678,30,16,3,83,294,11,151,151.0
679,30,10,7,276,365,34,502,502.0
680,30,15,7,500,147,61,910,910.0
681,30,29,5,306,649,38,557,557.0
682,30,27,2,329,714,40,599,599.0
683,30,6,4,105,503,13,191,191.0
684,30,19,1,366,712,45,666,666.0
COMMODITIES,400
0,22,23,48,35,60,523,900.0
1,9,15,28,44,89,646,1335.0
2,25,19,70,35,89,511,1341.0
3,1,16,51,33,78,491,1170.0
4,15,7,25,40,88,591,1321.0
5,26,3,52,36,65,537,976.0
6,6,3,74,45,76,675,1150.0
7,22,10,18,19,59,280,897.0
8,14,10,49,43,92,632,1380.0
9,29,20,35,41,69,609,1046.0
10,1,4,63,33,60,483,903.0
11,6,21,34,46,78,682,1176.0
12,15,22,20,24,58,349,879.0
13,15,8,54,17,50,254,759.0
14,15,12,38,40,74,589,1117.0
15,27,9,54,36,66,538,994.0
16,28,9,22,45,89,672,1343.0
17,28,14,74,38,63,556,956.0
18,12,15,22,35,68,522,1032.0
19,9,14,26,50,91,741,1366.0
20,20,13,24,32,77,469,1160.0
21,18,1,61,53,86,783,1294.0
22,24,21,17,45,79,671,1189.0
23,23,13,46,30,90,443,1363.0
24,3,1,39,27,69,394,1049.0
25,3,28,59,30,50,436,761.0
26,29,17,16,56,105,833,1581.0
27,22,21,62,22,57,317,855.0
28,12,25,44,30,60,441,901.0
29,20,8,25,52,92,773,1391.0
30,15,5,70,42,83,623,1251.0
31,5,19,52,34,60,502,904.0
32,1,28,15,44,85,656,1285.0
33,29,4,16,44,103,658,1555.0
34,24,18,44,33,81,487,1216.0
35,30,27,47,50,92,748,1383.0
36,15,17,43,59,87,874,1306.0
37,7,10,59,42,81,626,1228.0
38,3,14,67,36,74,532,1116.0
39,25,17,19,24,77,356,1163.0
40,30,23,27,35,84,516,1261.0
41,16,9,52,36,94,530,1413.0
42,22,18,61,43,111,642,1665.0
43,11,4,62,24,50,356,759.0
44,20,2,47,42,89,624,1340.0
45,30,29,41,29,71,423,1073.0
46,26,19,20,31,76,459,1147.0
47,7,13,59,35,89,511,1340.0
48,27,6,48,40,75,593,1132.0
49,27,3,30,39,91,576,1377.0
50,10,7,47,42,84,616,1263.0
51,23,17,64,21,69,311,1047.0
52,24,7,15,31,82,465,1236.0
53,10,15,48,54,97,797,1457.0
54,20,21,20,31,69,460,1041.0
55,22,5,19,36,90,529,1353.0
56,8,19,42,39,76,584,1152.0
57,15,28,30,17,49,242,748.0
58,5,1,33,42,93,630,1400.0
59,19,21,53,53,93,795,1404.0
60,17,19,68,33,78,491,1178.0
61,20,1,22,58,103,865,1555.0
62,15,29,22,37,58,544,879.0
63,2,9,45,34,71,496,1077.0
64,29,15,44,49,80,724,1212.0
65,26,23,47,32,93,477,1403.0
66,7,22,63,34,88,506,1329.0
67,25,11,29,36,76,529,1143.0
68,2,13,59,35,78,517,1178.0
69,21,26,17,15,72,225,1088.0
70,2,18,72,14,61,204,928.0
71,18,8,45,45,96,669,1440.0
72,18,9,18,33,82,492,1236.0
73,14,20,61,34,78,503,1174.0
74,12,4,51,25,63,368,955.0
75,1,8,41,34,73,502,1099.0
76,27,14,22,22,61,319,920.0
77,16,12,74,30,73,441,1100.0
78,9,7,41,23,68,342,1021.0
79,12,30,40,27,78,404,1171.0
80,7,15,63,38,90,565,1352.0
81,8,4,39,13,42,192,637.0
82,12,14,71,33,75,495,1134.0
83,29,21,29,36,83,536,1255.0
84,19,27,72,30,86,447,1300.0
85,17,28,15,50,95,736,1427.0
86,13,19,25,38,84,559,1263.0
87,21,8,45,41,95,613,1439.0
88,7,4,27,39,91,580,1368.0
89,3,10,52,38,73,559,1097.0
90,29,14,46,41,101,614,1519.0
91,12,17,45,43,72,635,1088.0
92,21,5,69,16,66,226,996.0
93,29,13,72,22,80,324,1200.0
94,17,24,21,35,84,520,1274.0
95,20,29,63,47,78,693,1180.0
96,16,26,40,41,96,603,1441.0
97,14,12,15,32,79,478,1193.0
98,16,19,24,28,58,411,874.0
99,2,5,19,33,77,486,1160.0
100,6,11,46,48,84,709,1269.0
101,10,19,27,16,50,229,751.0
102,16,30,39,35,83,512,1245.0
103,15,21,49,21,45,312,678.0
104,5,17,62,5,49,68,739.0
105,18,25,20,39,66,579,1001.0
106,22,6,63,6,39,82,596.0
107,5,22,53,32,69,471,1037.0
108,3,9,48,34,75,507,1126.0
109,24,25,16,42,97,624,1469.0
110,14,6,48,28,65,408,988.0
111,23,28,70,36,73,539,1095.0
112,26,15,50,27,67,394,1006.0
113,14,27,41,21,67,307,1014.0
114,8,3,35,29,69,431,1042.0
115,16,4,41,28,67,412,1013.0
116,12,6,66,29,61,430,924.0
117,3,6,27,24,41,350,621.0
118,21,29,51,43,91,640,1375.0
119,6,20,44,43,87,640,1309.0
120,25,28,20,40,85,587,1283.0
121,1,13,18,16,66,231,1004.0
122,9,20,48,24,72,350,1083.0
123,11,5,69,38,93,559,1399.0
124,26,10,39,35,71,525,1072.0
125,2,15,46,19,43,274,654.0
126,27,22,25,46,89,681,1345.0
127,6,4,65,40,57,586,864.0
128,8,27,18,35,82,519,1234.0
129,16,27,34,24,84,359,1271.0
130,22,24,20,45,81,669,1228.0
131,8,22,32,28,61,420,927.0
132,7,5,45,52,101,772,1524.0
133,11,26,65,61,95,912,1433.0
134,7,12,56,18,46,267,691.0
135,6,1,29,39,73,572,1097.0
136,17,2,49,53,100,788,1505.0
137,22,11,66,42,89,617,1342.0
138,12,5,45,21,55,309,834.0
139,14,28,57,39,77,573,1160.0
140,21,18,48,25,105,372,1580.0
141,28,15,60,36,87,537,1315.0
142,15,24,33,44,91,658,1377.0
143,7,17,57,44,86,648,1297.0
144,14,19,34,32,51,468,777.0
145,8,16,74,45,76,669,1151.0
146,21,14,65,30,89,443,1335.0
147,27,2,57,39,82,574,1233.0
148,7,16,32,30,87,439,1306.0
149,20,6,50,36,69,528,1038.0
150,4,1,28,20,68,289,1034.0
151,3,25,29,34,73,498,1100.0
152,22,2,38,28,67,414,1005.0
153,7,29,25,40,65,588,976.0
154,15,20,59,37,80,553,1212.0
155,4,9,25,36,62,532,944.0
156,20,28,57,47,80,696,1206.0
157,6,29,29,27,67,401,1007.0
158,15,23,27,25,80,364,1209.0
159,28,18,18,38,80,563,1206.0
160,23,22,37,37,78,541,1177.0
161,7,30,40,22,76,328,1140.0
162,26,25,40,35,80,521,1214.0
163,29,27,70,37,90,545,1360.0
164,14,3,52,25,56,375,851.0
165,17,9,52,38,74,564,1115.0
166,15,2,23,55,110,825,1660.0
167,29,30,45,42,81,621,1229.0
168,4,24,55,16,54,228,817.0
169,25,3,73,43,99,640,1489.0
170,27,5,48,40,85,594,1287.0
171,11,8,69,40,56,596,845.0
172,14,11,42,45,80,669,1212.0
173,20,26,19,28,72,410,1085.0
174,30,4,32,30,60,450,906.0
175,13,5,22,40,83,586,1247.0
176,17,6,71,28,66,416,1002.0
177,2,19,74,27,51,403,775.0
178,1,11,55,36,81,529,1229.0
179,16,5,74,38,82,564,1231.0
180,1,30,47,23,60,344,912.0
181,21,3,53,22,88,323,1325.0
182,11,30,36,37,71,550,1073.0
183,7,20,66,41,86,608,1304.0
184,3,8,65,32,68,474,1020.0
185,8,21,67,39,81,585,1217.0
186,9,26,52,21,65,301,977.0
187,18,5,60,28,84,407,1274.0
188,16,21,25,43,94,645,1424.0
189,19,7,66,51,106,763,1596.0
190,29,23,56,40,97,589,1457.0
191,5,8,57,28,78,417,1170.0
192,27,18,54,51,102,757,1540.0
193,26,30,31,17,66,247,1002.0
194,14,29,23,42,80,616,1210.0
195,25,2,49,31,92,462,1387.0
196,19,13,61,37,83,544,1251.0
197,10,23,53,28,80,418,1212.0
198,9,17,44,26,59,385,894.0
199,6,2,45,30,70,440,1063.0
200,27,19,25,45,73,674,1104.0
201,28,20,54,34,82,509,1235.0
202,11,7,17,45,83,668,1245.0
203,10,6,36,27,70,400,1056.0
204,11,28,62,36,72,536,1081.0
205,6,17,22,26,66,387,1004.0
206,8,11,55,20,52,286,785.0
207,27,12,70,13,57,192,856.0
208,13,4,60,13,28,186,432.0
209,22,8,62,33,86,482,1304.0
210,1,3,47,38,80,567,1202.0
211,6,22,17,26,45,382,679.0
212,11,16,23,35,65,516,989.0
213,30,28,60,26,58,385,882.0
214,7,9,16,29,71,422,1065.0
215,15,30,28,33,76,492,1141.0
216,14,15,19,28,68,420,1033.0
217,6,27,73,43,89,644,1348.0
218,15,3,17,15,33,223,508.0
219,9,2,15,31,82,465,1244.0
220,14,24,19,22,71,320,1075.0
221,6,5,50,18,60,260,904.0
222,3,21,53,33,69,493,1044.0
223,23,10,16,39,77,580,1158.0
224,17,3,72,29,57,423,869.0
225,12,26,66,25,50,363,763.0
226,12,11,68,28,59,406,890.0
227,15,16,32,13,48,187,731.0
228,6,14,44,36,76,536,1150.0
229,27,25,37,4,49,48,742.0
230,10,9,65,36,89,530,1339.0
231,2,24,18,45,96,661,1449.0
232,23,3,62,35,92,521,1392.0
233,2,28,49,31,62,454,932.0
234,26,24,63,35,59,519,889.0
235,29,1,31,24,59,348,892.0
236,18,12,59,17,79,252,1186.0
237,5,21,56,41,65,603,987.0
238,28,7,38,27,73,392,1098.0
239,6,12,34,35,55,522,830.0
240,5,13,59,8,26,108,396.0
241,5,11,43,26,71,386,1070.0
242,27,23,42,53,103,789,1546.0
243,17,4,37,24,42,350,636.0
244,20,27,29,30,71,436,1070.0
245,4,11,23,45,72,662,1085.0
246,11,13,43,50,98,746,1476.0
247,13,26,47,34,67,496,1013.0
248,24,28,20,37,76,551,1147.0
249,9,3,49,19,54,274,816.0
250,8,15,18,24,68,348,1034.0
251,20,5,71,25,61,364,922.0
252,5,14,60,27,45,399,678.0
253,5,10,52,33,48,484,721.0
254,22,25,37,25,76,370,1150.0
255,7,27,50,15,63,214,953.0
256,27,11,72,40,61,594,925.0
257,9,6,57,29,73,434,1107.0
258,7,3,17,38,81,560,1218.0
259,17,10,29,52,102,766,1534.0
260,14,1,38,23,74,331,1111.0
261,15,6,20,18,47,266,717.0
262,18,26,63,32,78,477,1181.0
263,4,13,36,24,57,349,859.0
264,23,6,67,35,84,519,1268.0
265,10,21,39,41,82,614,1234.0
266,8,5,71,46,90,677,1364.0
267,21,13,64,30,88,438,1321.0
268,7,1,62,18,64,257,973.0
269,19,12,30,56,101,826,1515.0
270,1,21,57,27,52,402,780.0
271,16,11,54,55,100,811,1507.0
272,25,30,38,15,46,219,695.0
273,7,23,24,17,49,247,738.0
274,20,30,62,39,60,571,903.0
275,9,13,71,41,76,608,1152.0
276,13,23,53,37,83,549,1250.0
277,10,3,56,32,83,466,1246.0
278,23,19,34,36,83,533,1245.0
279,9,10,50,29,81,428,1229.0
280,13,3,19,17,47,253,708.0
281,25,23,46,10,48,144,734.0
282,11,22,68,42,79,624,1189.0
283,17,14,30,28,79,413,1189.0
284,3,30,31,34,69,498,1040.0
285,13,9,67,31,65,457,983.0
286,12,2,31,36,91,533,1369.0
287,22,29,44,34,78,509,1174.0
288,22,30,19,33,71,492,1070.0
289,12,21,38,39,80,575,1205.0
290,15,25,46,32,74,479,1110.0
291,16,17,15,33,66,491,999.0
292,2,6,49,19,62,277,939.0
293,29,28,42,48,87,715,1310.0
294,28,24,50,32,91,479,1374.0
295,11,19,52,28,70,406,1052.0
296,5,3,44,41,80,612,1201.0
297,2,26,21,37,73,544,1098.0
298,30,9,58,37,66,541,999.0
299,5,20,17,41,65,612,985.0
300,26,21,35,31,85,458,1278.0
301,13,12,29,44,78,655,1178.0
302,9,5,55,20,65,293,977.0
303,24,14,25,38,63,566,950.0
304,22,9,29,11,51,157,766.0
305,16,22,71,35,77,520,1163.0
306,2,7,56,34,69,502,1045.0
307,11,1,23,42,75,616,1134.0
308,14,9,28,43,80,643,1212.0
309,26,12,36,29,75,427,1126.0
310,29,6,32,37,88,542,1328.0
311,10,25,29,41,88,609,1320.0
312,4,14,47,38,82,561,1237.0
313,5,15,60,43,71,636,1074.0
314,4,6,48,43,71,637,1075.0
315,13,25,47,18,42,267,641.0
316,5,26,37,42,87,625,1309.0
317,18,15,22,14,50,196,764.0
318,22,3,28,30,71,437,1077.0
319,26,17,24,35,69,512,1045.0
320,28,10,56,19,61,279,926.0
321,10,22,64,37,81,555,1219.0
322,6,23,37,37,76,551,1150.0
323,14,13,72,33,74,489,1122.0
324,15,13,39,32,62,470,935.0
325,26,18,17,30,85,446,1284.0
326,21,20,37,33,97,489,1459.0
327,30,5,69,46,69,687,1037.0
328,21,30,30,40,104,599,1560.0
329,28,5,68,11,42,154,635.0
330,26,16,65,50,97,746,1457.0
331,10,30,25,43,73,637,1095.0
332,8,23,66,52,105,771,1584.0
333,4,18,49,37,102,548,1534.0
334,20,16,56,37,65,550,977.0
335,16,2,17,45,101,673,1517.0
336,13,16,36,30,62,438,939.0
337,27,20,24,32,70,472,1052.0
338,23,8,39,23,65,332,982.0
339,4,19,62,43,88,643,1332.0
340,18,20,26,19,58,272,872.0
341,25,26,72,44,90,648,1360.0
342,9,27,65,43,65,643,986.0
343,12,8,52,52,94,769,1418.0
344,8,28,52,22,66,324,994.0
345,17,7,36,37,70,554,1056.0
346,24,22,27,40,99,599,1494.0
347,16,25,48,53,123,793,1853.0
348,8,14,63,40,86,600,1297.0
349,28,19,18,29,46,431,703.0
350,22,27,26,22,66,325,992.0
351,7,18,31,38,103,564,1558.0
352,24,5,73,33,62,491,940.0
353,4,26,16,31,59,451,891.0
354,30,7,68,32,75,475,1133.0
355,3,19,44,5,37,70,567.0
356,23,29,34,33,69,481,1040.0
357,11,18,43,41,106,609,1604.0
358,25,7,32,28,83,420,1257.0
359,16,13,23,38,94,563,1415.0
360,27,1,28,32,77,468,1159.0
361,28,1,42,27,67,405,1011.0
362,20,17,18,18,64,258,965.0
363,20,4,41,51,93,758,1395.0
364,5,27,20,28,80,407,1202.0
365,16,6,43,30,69,436,1041.0
366,5,28,20,42,77,623,1157.0
367,18,28,59,28,68,411,1027.0
368,29,3,26,50,94,737,1414.0
369,14,17,42,40,87,586,1318.0
370,10,17,57,20,57,286,861.0
371,19,20,39,26,79,387,1196.0
372,18,30,45,34,74,506,1111.0
373,15,19,69,57,99,854,1495.0
374,16,7,27,23,61,337,928.0
375,11,27,55,39,72,577,1084.0
376,15,11,60,52,92,778,1383.0
377,7,2,23,52,112,767,1689.0
378,24,11,35,36,87,526,1311.0
379,11,25,18,31,67,452,1009.0
380,27,8,72,31,57,454,864.0
381,17,21,65,26,70,389,1057.0
382,19,1,15,20,68,298,1024.0
383,26,27,41,45,89,661,1339.0
384,9,23,28,35,95,517,1439.0
385,5,24,74,40,85,595,1281.0
386,22,20,47,38,87,565,1309.0
387,11,20,53,48,97,718,1465.0
388,7,21,15,45,91,667,1376.0
389,27,29,73,37,58,549,880.0
390,18,27,36,43,75,634,1127.0
391,3,7,24,26,69,379,1041.0
392,29,8,19,34,91,499,1371.0
393,27,16,71,27,62,395,935.0
394,5,23,43,36,78,535,1171.0
395,13,29,35,23,60,332,910.0
396,10,16,47,37,76,548,1154.0
397,9,28,31,30,48,443,732.0
398,2,20,60,46,74,689,1118.0
399,20,10,59,41,79,615,1187.0
horizon=123
