NODES,30
1,1,-,-
2,2,-,-
3,3,-,-
4,4,-,-
5,5,-,-
6,6,-,-
7,7,-,-
8,8,-,-
9,9,-,-
10,10,-,-
11,11,-,-
12,12,-,-
13,13,-,-
14,14,-,-
15,15,-,-
16,16,-,-
17,17,-,-
18,18,-,-
19,19,-,-
20,20,-,-
21,21,-,-
22,22,-,-
23,23,-,-
24,24,-,-
25,25,-,-
26,26,-,-
27,27,-,-
28,28,-,-
29,29,-,-
30,30,-,-
ARCS,685
0,1,18,5,418,214,51,760,760.0
1,1,16,5,485,623,59,882,882.0
2,1,28,1,515,431,63,937,937.0
3,1,12,5,351,555,43,639,639.0
4,1,7,7,358,578,44,651,651.0
5,1,29,4,209,450,26,380,380.0
6,1,30,8,478,299,58,870,870.0
7,1,21,2,150,244,19,273,273.0
8,1,20,3,299,417,37,544,544.0
9,1,5,1,344,160,42,626,626.0
10,1,24,1,299,539,37,544,544.0
11,1,9,9,179,297,22,326,326.0
12,1,4,6,157,163,20,286,286.0
13,1,6,7,552,532,67,1004,1004.0
14,1,23,2,440,584,54,800,800.0
15,1,2,7,150,701,19,273,273.0
16,1,8,7,344,720,42,626,626.0
17,1,27,1,440,691,54,800,800.0
18,1,26,2,105,318,13,191,191.0
19,2,19,4,120,528,15,219,219.0
20,2,1,2,120,521,15,219,219.0
21,2,27,9,97,155,12,177,177.0
22,2,7,3,739,705,90,1344,1344.0
23,2,28,2,224,277,28,408,408.0
24,2,11,9,254,646,31,462,462.0
25,2,9,8,537,483,66,977,977.0
26,2,20,6,165,652,20,300,300.0
27,2,21,8,381,483,47,693,693.0
28,2,8,6,344,261,42,626,626.0
29,2,16,4,455,361,56,828,828.0
30,2,4,4,97,661,12,177,177.0
31,2,14,8,314,194,39,571,571.0
32,2,22,2,426,532,52,775,775.0
33,2,15,6,142,692,18,259,259.0
34,2,5,5,739,684,90,1344,1344.0
35,2,25,4,112,452,14,204,204.0
36,2,17,3,187,682,23,340,340.0
37,2,24,7,433,489,53,788,788.0
38,2,26,2,724,637,88,1317,1317.0
39,2,6,2,314,528,39,571,571.0
40,3,16,7,619,519,76,1126,1126.0
41,3,10,6,224,635,28,408,408.0
42,3,9,4,388,538,48,706,706.0
43,3,29,6,448,287,55,815,815.0
44,3,12,2,388,469,48,706,706.0
45,3,11,7,165,280,20,300,300.0
46,3,18,7,440,404,54,800,800.0
47,3,4,3,679,191,83,1235,1235.0
48,3,27,3,560,659,68,1019,1019.0
49,3,21,5,545,573,67,991,991.0
50,3,14,2,597,578,73,1086,1086.0
51,3,25,1,411,705,50,748,748.0
52,3,8,9,351,162,43,639,639.0
53,3,24,2,224,668,28,408,408.0
54,3,19,8,634,537,77,1153,1153.0
55,3,17,4,351,496,43,639,639.0
56,3,1,3,321,665,39,584,584.0
57,3,7,6,716,182,87,1302,1302.0
58,3,28,2,127,284,16,231,231.0
59,3,6,9,75,539,10,137,137.0
60,3,15,2,90,645,11,164,164.0
61,3,5,4,187,297,23,340,340.0
62,3,2,6,709,237,86,1290,1290.0
63,3,26,3,448,287,55,815,815.0
64,3,13,2,105,315,13,191,191.0
65,3,23,7,463,678,57,842,842.0
66,3,30,2,619,472,76,1126,1126.0
67,3,22,5,455,365,56,828,828.0
68,4,29,2,187,600,23,340,340.0
69,4,13,2,314,463,39,571,571.0
70,4,27,2,358,421,44,651,651.0
71,4,2,2,612,280,75,1113,1113.0
72,4,14,1,552,467,67,1004,1004.0
73,4,15,1,276,279,34,502,502.0
74,4,1,8,642,614,78,1168,1168.0
75,4,12,8,262,182,32,477,477.0
76,4,16,2,590,715,72,1073,1073.0
77,4,19,3,724,343,88,1317,1317.0
78,4,24,1,262,509,32,477,477.0
79,4,28,2,396,179,48,720,720.0
80,4,20,7,232,479,29,422,422.0
81,4,25,1,426,591,52,775,775.0
82,4,11,6,523,208,64,951,951.0
83,4,3,6,105,338,13,191,191.0
84,4,7,6,150,447,19,273,273.0
85,4,8,8,597,645,73,1086,1086.0
86,4,5,8,314,704,39,571,571.0
87,4,26,4,157,313,20,286,286.0
88,4,18,7,612,457,75,1113,1113.0
89,4,23,3,590,640,72,1073,1073.0
90,4,30,8,75,509,10,137,137.0
91,4,22,4,344,717,42,626,626.0
92,4,9,8,150,576,19,273,273.0
93,4,17,4,590,534,72,1073,1073.0
94,5,21,5,329,601,40,599,599.0
95,5,8,4,664,349,81,1208,1208.0
96,5,24,1,358,596,44,651,651.0
97,5,14,5,75,332,10,137,137.0
98,5,15,1,179,359,22,326,326.0
99,5,3,6,649,332,79,1180,1180.0
100,5,1,6,344,576,42,626,626.0
101,5,25,2,455,300,56,828,828.0
102,5,20,9,127,459,16,231,231.0
103,5,30,3,373,550,46,679,679.0
104,5,16,4,619,320,76,1126,1126.0
105,5,7,4,165,407,20,300,300.0
106,5,22,2,657,577,80,1195,1195.0
107,5,6,4,649,678,79,1180,1180.0
108,5,18,9,262,355,32,477,477.0
109,5,2,4,500,240,61,910,910.0
110,5,10,8,75,524,10,137,137.0
111,5,9,6,612,332,75,1113,1113.0
112,5,13,3,83,478,11,151,151.0
113,5,17,2,388,560,48,706,706.0
114,5,23,4,403,351,49,733,733.0
115,5,26,4,627,208,76,1140,1140.0
116,6,12,9,83,418,11,151,151.0
117,6,9,2,731,341,89,1330,1330.0
118,6,3,6,403,601,49,733,733.0
119,6,18,8,657,315,80,1195,1195.0
120,6,1,3,291,578,36,530,530.0
121,6,21,2,217,447,27,395,395.0
122,6,8,1,440,459,54,800,800.0
123,6,15,8,381,610,47,693,693.0
124,6,28,8,597,290,73,1086,1086.0
125,6,27,9,426,372,52,775,775.0
126,6,4,5,75,632,10,137,137.0
127,6,19,7,336,184,41,611,611.0
128,6,13,2,440,283,54,800,800.0
129,6,16,2,83,708,11,151,151.0
130,6,10,8,388,263,48,706,706.0
131,6,30,2,731,717,89,1330,1330.0
132,6,11,2,694,149,85,1262,1262.0
133,6,5,9,694,348,85,1262,1262.0
134,6,29,7,440,610,54,800,800.0
135,6,22,9,120,508,15,219,219.0
136,6,2,9,276,571,34,502,502.0
137,6,17,8,739,443,90,1344,1344.0
138,6,25,5,269,312,33,490,490.0
139,6,14,7,284,163,35,517,517.0
140,6,7,1,314,286,39,571,571.0
141,6,26,5,120,698,15,219,219.0
142,7,16,7,672,539,82,1222,1222.0
143,7,22,6,381,251,47,693,693.0
144,7,14,6,716,478,87,1302,1302.0
145,7,11,2,634,312,77,1153,1153.0
146,7,30,2,373,394,46,679,679.0
147,7,24,5,157,306,20,286,286.0
148,7,17,2,291,495,36,530,530.0
149,7,1,7,634,331,77,1153,1153.0
150,7,21,3,426,274,52,775,775.0
151,7,4,8,634,378,77,1153,1153.0
152,7,29,3,142,620,18,259,259.0
153,7,15,5,552,175,67,1004,1004.0
154,7,2,8,470,345,57,855,855.0
155,7,25,8,344,490,42,626,626.0
156,7,9,5,291,542,36,530,530.0
157,7,8,8,209,616,26,380,380.0
158,7,23,7,194,274,24,353,353.0
159,7,19,8,373,309,46,679,679.0
160,7,28,3,657,653,80,1195,1195.0
161,7,6,2,426,580,52,775,775.0
162,7,12,1,165,705,20,300,300.0
163,7,13,8,381,147,47,693,693.0
164,8,22,3,634,460,77,1153,1153.0
165,8,1,3,135,441,17,246,246.0
166,8,28,6,344,503,42,626,626.0
167,8,21,7,485,368,59,882,882.0
168,8,12,6,142,362,18,259,259.0
169,8,4,1,560,184,68,1019,1019.0
170,8,15,1,321,407,39,584,584.0
171,8,10,1,388,184,48,706,706.0
172,8,5,6,590,421,72,1073,1073.0
173,8,2,6,239,394,29,435,435.0
174,8,16,6,179,147,22,326,326.0
175,8,19,6,731,315,89,1330,1330.0
176,8,7,6,262,310,32,477,477.0
177,8,3,4,679,153,83,1235,1235.0
178,8,14,6,314,362,39,571,571.0
179,8,13,5,590,639,72,1073,1073.0
180,8,6,1,97,692,12,177,177.0
181,8,26,1,329,423,40,599,599.0
182,8,11,2,209,284,26,380,380.0
183,8,23,2,716,267,87,1302,1302.0
184,8,30,7,165,293,20,300,300.0
185,8,29,4,731,431,89,1330,1330.0
186,9,2,9,470,594,57,855,855.0
187,9,4,5,157,351,20,286,286.0
188,9,25,3,545,581,67,991,991.0
189,9,23,6,508,707,62,924,924.0
190,9,15,8,344,454,42,626,626.0
191,9,12,7,545,256,67,991,991.0
192,9,8,4,530,263,65,964,964.0
193,9,16,1,590,454,72,1073,1073.0
194,9,24,3,276,501,34,502,502.0
195,9,22,1,358,380,44,651,651.0
196,9,14,7,634,146,77,1153,1153.0
197,9,29,8,440,225,54,800,800.0
198,9,17,9,605,221,74,1100,1100.0
199,9,27,1,97,147,12,177,177.0
200,9,19,8,478,655,58,870,870.0
201,9,21,7,239,479,29,435,435.0
202,9,1,2,224,493,28,408,408.0
203,9,13,8,239,480,29,435,435.0
204,9,10,3,537,460,66,977,977.0
205,9,28,3,105,441,13,191,191.0
206,9,20,5,560,299,68,1019,1019.0
207,9,11,7,560,341,68,1019,1019.0
208,9,3,2,232,274,29,422,422.0
209,10,22,1,358,207,44,651,651.0
210,10,30,3,187,359,23,340,340.0
211,10,28,8,142,316,18,259,259.0
212,10,19,5,403,377,49,733,733.0
213,10,18,9,276,502,34,502,502.0
214,10,12,4,552,309,67,1004,1004.0
215,10,4,6,262,681,32,477,477.0
216,10,13,6,179,248,22,326,326.0
217,10,17,3,358,296,44,651,651.0
218,10,15,8,537,678,66,977,977.0
219,10,5,9,112,645,14,204,204.0
220,10,9,3,627,459,76,1140,1140.0
221,10,8,2,649,675,79,1180,1180.0
222,10,26,5,440,247,54,800,800.0
223,10,16,2,455,385,56,828,828.0
224,10,1,7,448,424,55,815,815.0
225,10,27,1,537,705,66,977,977.0
226,10,14,9,373,712,46,679,679.0
227,11,28,6,426,173,52,775,775.0
228,11,24,4,739,368,90,1344,1344.0
229,11,29,7,597,429,73,1086,1086.0
230,11,25,6,224,459,28,408,408.0
231,11,21,8,75,476,10,137,137.0
232,11,18,2,508,539,62,924,924.0
233,11,14,1,739,195,90,1344,1344.0
234,11,8,7,75,349,10,137,137.0
235,11,22,2,351,492,43,639,639.0
236,11,3,9,619,172,76,1126,1126.0
237,11,10,8,388,668,48,706,706.0
238,11,4,2,157,607,20,286,286.0
239,11,9,6,105,666,13,191,191.0
240,11,13,5,716,368,87,1302,1302.0
241,11,20,5,403,194,49,733,733.0
242,11,12,7,537,576,66,977,977.0
243,11,5,6,523,626,64,951,951.0
244,11,15,7,358,538,44,651,651.0
245,11,23,4,262,518,32,477,477.0
246,11,7,9,470,421,57,855,855.0
247,11,17,5,642,695,78,1168,1168.0
248,11,26,6,224,325,28,408,408.0
249,11,1,3,455,459,56,828,828.0
250,11,6,2,120,583,15,219,219.0
251,11,2,9,165,616,20,300,300.0
252,11,16,9,373,218,46,679,679.0
253,11,30,6,381,443,47,693,693.0
254,12,8,5,426,531,52,775,775.0
255,12,15,2,194,185,24,353,353.0
256,12,28,5,530,622,65,964,964.0
257,12,29,2,358,323,44,651,651.0
258,12,21,2,657,678,80,1195,1195.0
259,12,17,7,179,485,22,326,326.0
260,12,23,5,276,620,34,502,502.0
261,12,3,4,135,593,17,246,246.0
262,12,9,3,254,155,31,462,462.0
263,12,4,9,403,666,49,733,733.0
264,12,2,2,433,626,53,788,788.0
265,12,26,5,165,612,20,300,300.0
266,12,18,8,537,612,66,977,977.0
267,12,1,9,448,247,55,815,815.0
268,12,16,7,291,188,36,530,530.0
269,12,14,7,411,290,50,748,748.0
270,12,24,2,194,225,24,353,353.0
271,12,5,7,224,712,28,408,408.0
272,12,7,5,165,545,20,300,300.0
273,12,27,2,314,418,39,571,571.0
274,12,30,6,679,237,83,1235,1235.0
275,12,6,2,358,273,44,651,651.0
276,12,11,7,209,400,26,380,380.0
277,12,25,5,194,635,24,353,353.0
278,12,22,2,351,565,43,639,639.0
279,12,10,2,433,354,53,788,788.0
280,12,19,8,105,310,13,191,191.0
281,12,20,2,381,649,47,693,693.0
282,12,13,2,590,257,72,1073,1073.0
283,13,12,1,284,398,35,517,517.0
284,13,24,1,209,567,26,380,380.0
285,13,16,8,448,478,55,815,815.0
286,13,18,6,500,463,61,910,910.0
287,13,14,8,485,496,59,882,882.0
288,13,23,3,702,211,86,1277,1277.0
289,13,6,2,142,185,18,259,259.0
290,13,22,6,179,424,22,326,326.0
291,13,28,6,694,450,85,1262,1262.0
292,13,20,5,90,625,11,164,164.0
293,13,4,9,75,440,10,137,137.0
294,13,8,8,500,578,61,910,910.0
295,13,10,7,567,293,69,1031,1031.0
296,13,2,7,433,485,53,788,788.0
297,13,27,1,269,410,33,490,490.0
298,13,15,6,388,146,48,706,706.0
299,13,11,7,575,221,70,1046,1046.0
300,13,1,2,493,495,60,897,897.0
301,13,3,7,463,552,57,842,842.0
302,13,25,8,135,217,17,246,246.0
303,13,29,6,262,356,32,477,477.0
304,13,9,2,440,211,54,800,800.0
305,13,26,7,478,699,58,870,870.0
306,13,7,2,724,391,88,1317,1317.0
307,13,19,7,702,348,86,1277,1277.0
308,13,5,5,575,374,70,1046,1046.0
309,13,30,7,411,456,50,748,748.0
310,13,17,4,657,182,80,1195,1195.0
311,14,29,7,336,675,41,611,611.0
312,14,30,7,485,273,59,882,882.0
313,14,11,2,291,626,36,530,530.0
314,14,6,8,284,452,35,517,517.0
315,14,9,8,284,234,35,517,517.0
316,14,16,3,150,457,19,273,273.0
317,14,3,5,284,512,35,517,517.0
318,14,19,7,105,160,13,191,191.0
319,14,25,3,284,290,35,517,517.0
320,14,22,6,716,488,87,1302,1302.0
321,14,20,5,440,512,54,800,800.0
322,14,15,7,299,300,37,544,544.0
323,14,8,6,642,535,78,1168,1168.0
324,14,26,5,724,355,88,1317,1317.0
325,14,2,2,426,254,52,775,775.0
326,14,27,8,485,617,59,882,882.0
327,14,7,9,664,426,81,1208,1208.0
328,14,28,9,329,545,40,599,599.0
329,14,17,2,537,182,66,977,977.0
330,14,5,5,366,490,45,666,666.0
331,14,18,5,202,270,25,368,368.0
332,14,10,9,448,335,55,815,815.0
333,14,4,6,75,258,10,137,137.0
334,14,1,7,642,186,78,1168,1168.0
335,14,23,3,187,488,23,340,340.0
336,14,21,2,75,594,10,137,137.0
337,14,24,9,426,264,52,775,775.0
338,15,25,4,269,283,33,490,490.0
339,15,27,9,217,303,27,395,395.0
340,15,13,1,672,405,82,1222,1222.0
341,15,11,1,716,629,87,1302,1302.0
342,15,26,8,634,377,77,1153,1153.0
343,15,3,9,90,505,11,164,164.0
344,15,24,2,388,267,48,706,706.0
345,15,29,9,112,561,14,204,204.0
346,15,19,1,694,447,85,1262,1262.0
347,15,12,9,634,411,77,1153,1153.0
348,15,18,6,299,398,37,544,544.0
349,15,8,6,209,212,26,380,380.0
350,15,14,4,329,460,40,599,599.0
351,15,21,5,142,333,18,259,259.0
352,15,7,7,433,332,53,788,788.0
353,15,2,1,560,196,68,1019,1019.0
354,15,16,4,247,329,30,450,450.0
355,15,4,3,254,708,31,462,462.0
356,15,22,5,314,457,39,571,571.0
357,15,17,5,142,714,18,259,259.0
358,15,20,6,672,476,82,1222,1222.0
359,15,9,2,232,653,29,422,422.0
360,15,28,2,388,571,48,706,706.0
361,15,6,7,396,669,48,720,720.0
362,15,23,4,709,443,86,1290,1290.0
363,15,5,7,537,441,66,977,977.0
364,15,1,5,351,574,43,639,639.0
365,16,24,8,687,548,84,1250,1250.0
366,16,25,5,605,248,74,1100,1100.0
367,16,27,7,411,273,50,748,748.0
368,16,23,5,418,580,51,760,760.0
369,16,1,1,590,686,72,1073,1073.0
370,16,30,6,344,479,42,626,626.0
371,16,2,6,455,472,56,828,828.0
372,16,28,8,105,201,13,191,191.0
373,16,9,9,634,591,77,1153,1153.0
374,16,21,7,463,224,57,842,842.0
375,16,3,9,358,326,44,651,651.0
376,16,14,1,545,338,67,991,991.0
377,16,10,6,515,162,63,937,937.0
378,16,7,6,239,168,29,435,435.0
379,16,18,9,687,457,84,1250,1250.0
380,16,12,2,344,541,42,626,626.0
381,16,8,7,172,361,21,313,313.0
382,16,22,9,433,384,53,788,788.0
383,16,29,5,344,614,42,626,626.0
384,16,20,7,709,609,86,1290,1290.0
385,16,6,8,366,312,45,666,666.0
386,17,19,3,314,636,39,571,571.0
387,17,30,5,455,614,56,828,828.0
388,17,13,8,381,155,47,693,693.0
389,17,11,9,351,228,43,639,639.0
390,17,22,5,97,486,12,177,177.0
391,17,1,2,448,410,55,815,815.0
392,17,23,2,224,476,28,408,408.0
393,17,4,9,75,372,10,137,137.0
394,17,27,4,627,443,76,1140,1140.0
395,17,9,8,545,522,67,991,991.0
396,17,5,1,276,646,34,502,502.0
397,17,26,6,440,508,54,800,800.0
398,17,10,8,470,503,57,855,855.0
399,17,29,6,418,568,51,760,760.0
400,17,20,6,291,331,36,530,530.0
401,17,14,3,418,199,51,760,760.0
402,17,7,9,217,341,27,395,395.0
403,17,25,2,664,152,81,1208,1208.0
404,17,16,2,597,392,73,1086,1086.0
405,17,21,6,426,544,52,775,775.0
406,17,15,4,508,188,62,924,924.0
407,18,24,9,351,604,43,639,639.0
408,18,21,3,329,248,40,599,599.0
409,18,11,2,291,194,36,530,530.0
410,18,12,6,530,184,65,964,964.0
411,18,22,4,411,616,50,748,748.0
412,18,30,8,545,401,67,991,991.0
413,18,17,2,291,479,36,530,530.0
414,18,16,1,426,251,52,775,775.0
415,18,1,1,552,191,67,1004,1004.0
416,18,9,8,716,688,87,1302,1302.0
417,18,14,5,120,528,15,219,219.0
418,18,5,4,702,299,86,1277,1277.0
419,18,7,6,306,149,38,557,557.0
420,18,8,6,463,658,57,842,842.0
421,18,29,2,530,514,65,964,964.0
422,18,28,2,373,260,46,679,679.0
423,18,15,3,590,329,72,1073,1073.0
424,18,10,6,523,235,64,951,951.0
425,18,13,4,463,622,57,842,842.0
426,18,25,7,157,472,20,286,286.0
427,18,23,8,202,333,25,368,368.0
428,18,20,6,321,375,39,584,584.0
429,18,2,1,90,258,11,164,164.0
430,18,27,1,463,646,57,842,842.0
431,18,3,5,478,411,58,870,870.0
432,19,18,3,202,165,25,368,368.0
433,19,29,2,247,609,30,450,450.0
434,19,23,4,284,395,35,517,517.0
435,19,4,7,336,479,41,611,611.0
436,19,5,6,239,436,29,435,435.0
437,19,21,6,269,485,33,490,490.0
438,19,9,6,657,365,80,1195,1195.0
439,19,25,8,440,532,54,800,800.0
440,19,11,3,269,215,33,490,490.0
441,19,24,4,448,369,55,815,815.0
442,19,17,3,440,622,54,800,800.0
443,19,20,4,455,276,56,828,828.0
444,19,7,3,672,718,82,1222,1222.0
445,19,8,9,179,434,22,326,326.0
446,19,27,8,649,509,79,1180,1180.0
447,20,30,4,97,509,12,177,177.0
448,20,22,8,373,260,46,679,679.0
449,20,2,4,582,276,71,1059,1059.0
450,20,16,4,224,369,28,408,408.0
451,20,13,7,433,202,53,788,788.0
452,20,15,1,597,552,73,1086,1086.0
453,20,29,1,209,718,26,380,380.0
454,20,10,6,232,385,29,422,422.0
455,20,21,6,657,508,80,1195,1195.0
456,20,14,4,634,674,77,1153,1153.0
457,20,17,1,649,675,79,1180,1180.0
458,20,24,1,276,614,34,502,502.0
459,20,11,6,672,240,82,1222,1222.0
460,20,8,1,515,257,63,937,937.0
461,20,12,7,396,563,48,720,720.0
462,20,1,1,321,430,39,584,584.0
463,20,28,8,217,509,27,395,395.0
464,20,25,8,679,475,83,1235,1235.0
465,20,19,1,314,362,39,571,571.0
466,20,5,9,426,184,52,775,775.0
467,20,23,2,291,254,36,530,530.0
468,20,9,2,194,646,24,353,353.0
469,20,26,4,299,328,37,544,544.0
470,20,6,2,687,221,84,1250,1250.0
471,20,18,3,381,702,47,693,693.0
472,20,3,2,739,447,90,1344,1344.0
473,21,6,7,545,632,67,991,991.0
474,21,24,7,411,359,50,748,748.0
475,21,25,9,575,519,70,1046,1046.0
476,21,1,7,515,666,63,937,937.0
477,21,3,2,493,583,60,897,897.0
478,21,5,1,329,705,40,599,599.0
479,21,7,5,179,388,22,326,326.0
480,21,28,1,575,320,70,1046,1046.0
481,21,20,1,515,561,63,937,937.0
482,21,4,1,694,702,85,1262,1262.0
483,21,27,7,478,563,58,870,870.0
484,21,18,1,657,414,80,1195,1195.0
485,21,8,2,403,431,49,733,733.0
486,21,19,2,515,430,63,937,937.0
487,21,2,5,463,283,57,842,842.0
488,21,12,3,508,196,62,924,924.0
489,21,16,8,612,198,75,1113,1113.0
490,21,11,1,403,535,49,733,733.0
491,21,10,6,344,466,42,626,626.0
492,21,17,3,716,315,87,1302,1302.0
493,21,15,7,679,483,83,1235,1235.0
494,21,9,7,254,580,31,462,462.0
495,21,13,3,500,172,61,910,910.0
496,21,22,6,209,338,26,380,380.0
497,22,2,9,403,613,49,733,733.0
498,22,3,4,269,336,33,490,490.0
499,22,24,3,239,290,29,435,435.0
500,22,21,3,269,674,33,490,490.0
501,22,6,7,194,555,24,353,353.0
502,22,5,2,619,247,76,1126,1126.0
503,22,10,5,269,247,33,490,490.0
504,22,11,4,433,225,53,788,788.0
505,22,13,5,239,505,29,435,435.0
506,22,29,6,702,287,86,1277,1277.0
507,22,1,3,90,475,11,164,164.0
508,22,18,3,478,408,58,870,870.0
509,22,7,7,679,672,83,1235,1235.0
510,22,27,2,358,555,44,651,651.0
511,22,28,7,269,313,33,490,490.0
512,22,26,4,478,630,58,870,870.0
513,22,23,5,142,323,18,259,259.0
514,22,4,8,187,339,23,340,340.0
515,22,9,7,306,258,38,557,557.0
516,23,30,8,224,384,28,408,408.0
517,23,5,1,664,418,81,1208,1208.0
518,23,9,5,657,173,80,1195,1195.0
519,23,19,6,440,707,54,800,800.0
520,23,15,7,321,147,39,584,584.0
521,23,6,9,649,534,79,1180,1180.0
522,23,2,2,500,629,61,910,910.0
523,23,27,2,142,470,18,259,259.0
524,23,24,3,157,194,20,286,286.0
525,23,25,9,702,228,86,1277,1277.0
526,23,8,4,284,643,35,517,517.0
527,23,20,9,560,296,68,1019,1019.0
528,23,18,8,657,328,80,1195,1195.0
529,23,10,1,314,388,39,571,571.0
530,23,28,1,478,707,58,870,870.0
531,23,11,6,314,524,39,571,571.0
532,23,12,9,403,335,49,733,733.0
533,23,14,6,381,322,47,693,693.0
534,23,16,7,530,626,65,964,964.0
535,23,21,3,105,715,13,191,191.0
536,24,9,8,523,489,64,951,951.0
537,24,13,5,329,593,40,599,599.0
538,24,6,9,560,492,68,1019,1019.0
539,24,11,7,575,668,70,1046,1046.0
540,24,21,2,575,178,70,1046,1046.0
541,24,1,7,172,439,21,313,313.0
542,24,10,2,90,663,11,164,164.0
543,24,12,2,411,235,50,748,748.0
544,24,8,8,605,387,74,1100,1100.0
545,24,29,5,232,637,29,422,422.0
546,24,20,5,239,173,29,435,435.0
547,24,14,8,135,552,17,246,246.0
548,24,16,7,254,516,31,462,462.0
549,24,15,7,284,437,35,517,517.0
550,24,5,1,187,460,23,340,340.0
551,24,18,8,351,499,43,639,639.0
552,24,27,4,649,568,79,1180,1180.0
553,24,17,2,679,493,83,1235,1235.0
554,24,26,4,239,712,29,435,435.0
555,25,23,2,262,672,32,477,477.0
556,25,20,6,433,604,53,788,788.0
557,25,2,8,440,345,54,800,800.0
558,25,28,8,344,671,42,626,626.0
559,25,6,8,739,534,90,1344,1344.0
560,25,8,3,418,640,51,760,760.0
561,25,29,7,105,699,13,191,191.0
562,25,3,1,478,166,58,870,870.0
563,25,22,2,232,429,29,422,422.0
564,25,26,1,314,158,39,571,571.0
565,25,24,6,388,470,48,706,706.0
566,25,18,6,545,205,67,991,991.0
567,25,1,6,381,531,47,693,693.0
568,25,5,3,702,371,86,1277,1277.0
569,25,14,4,515,351,63,937,937.0
570,25,11,7,396,544,48,720,720.0
571,25,19,9,470,358,57,855,855.0
572,25,7,9,433,233,53,788,788.0
573,25,27,6,649,260,79,1180,1180.0
574,25,9,9,284,449,35,517,517.0
575,25,30,6,194,296,24,353,353.0
576,25,4,5,314,508,39,571,571.0
577,25,13,8,239,447,29,435,435.0
578,25,21,4,202,233,25,368,368.0
579,25,17,8,664,171,81,1208,1208.0
580,25,10,4,157,689,20,286,286.0
581,26,11,3,329,150,40,599,599.0
582,26,27,4,597,707,73,1086,1086.0
583,26,6,2,575,509,70,1046,1046.0
584,26,23,1,709,430,86,1290,1290.0
585,26,22,5,373,521,46,679,679.0
586,26,9,8,515,263,63,937,937.0
587,26,2,7,209,303,26,380,380.0
588,26,29,3,381,263,47,693,693.0
589,26,15,4,314,238,39,571,571.0
590,26,17,8,224,558,28,408,408.0
591,26,10,3,545,577,67,991,991.0
592,26,21,2,687,597,84,1250,1250.0
593,26,13,9,239,699,29,435,435.0
594,26,24,1,150,527,19,273,273.0
595,26,5,7,724,228,88,1317,1317.0
596,26,12,7,470,720,57,855,855.0
597,26,28,9,373,323,46,679,679.0
598,26,8,4,179,147,22,326,326.0
599,26,16,8,731,577,89,1330,1330.0
600,26,14,2,552,593,67,1004,1004.0
601,26,18,1,381,506,47,693,693.0
602,26,20,8,254,604,31,462,462.0
603,26,3,9,172,411,21,313,313.0
604,26,1,1,276,515,34,502,502.0
605,27,16,2,239,636,29,435,435.0
606,27,23,4,411,424,50,748,748.0
607,27,21,4,455,704,56,828,828.0
608,27,18,5,403,661,49,733,733.0
609,27,19,2,702,527,86,1277,1277.0
610,27,25,3,306,506,38,557,557.0
611,27,28,1,97,630,12,177,177.0
612,27,10,6,537,672,66,977,977.0
613,27,29,6,90,463,11,164,164.0
614,27,5,1,329,162,40,599,599.0
615,27,3,5,731,652,89,1330,1330.0
616,27,4,8,642,440,78,1168,1168.0
617,27,11,6,97,176,12,177,177.0
618,27,26,6,299,414,37,544,544.0
619,27,20,2,418,417,51,760,760.0
620,27,9,3,165,325,20,300,300.0
621,27,14,7,411,567,50,748,748.0
622,27,7,9,724,648,88,1317,1317.0
623,27,17,9,366,452,45,666,666.0
624,27,15,8,336,576,41,611,611.0
625,28,14,4,165,315,20,300,300.0
626,28,23,9,731,695,89,1330,1330.0
627,28,30,3,687,516,84,1250,1250.0
628,28,13,8,470,385,57,855,855.0
629,28,27,4,664,333,81,1208,1208.0
630,28,6,1,179,195,22,326,326.0
631,28,24,1,575,454,70,1046,1046.0
632,28,16,5,254,539,31,462,462.0
633,28,4,3,433,411,53,788,788.0
634,28,7,6,485,322,59,882,882.0
635,28,9,8,426,228,52,775,775.0
636,28,2,6,508,688,62,924,924.0
637,28,10,6,396,563,48,720,720.0
638,28,18,7,344,319,42,626,626.0
639,28,5,8,202,392,25,368,368.0
640,28,1,1,716,387,87,1302,1302.0
641,28,22,5,366,717,45,666,666.0
642,28,8,4,194,665,24,353,353.0
643,28,21,2,388,486,48,706,706.0
644,28,20,7,426,560,52,775,775.0
645,28,17,1,90,152,11,164,164.0
646,28,3,3,582,534,71,1059,1059.0
647,28,11,3,209,323,26,380,380.0
648,28,12,6,597,307,73,1086,1086.0
649,28,19,5,83,356,11,151,151.0
650,29,30,4,455,251,56,828,828.0
651,29,18,5,575,465,70,1046,1046.0
652,29,26,5,493,152,60,897,897.0
653,29,12,8,329,394,40,599,599.0
654,29,23,3,403,349,49,733,733.0
655,29,11,1,523,204,64,951,951.0
656,29,1,9,254,172,31,462,462.0
657,29,28,2,262,292,32,477,477.0
658,29,22,3,619,175,76,1126,1126.0
659,29,27,3,478,472,58,870,870.0
660,29,21,4,336,444,41,611,611.0
661,29,20,2,165,405,20,300,300.0
662,29,9,1,276,486,34,502,502.0
663,29,6,6,455,329,56,828,828.0
664,29,4,1,530,646,65,964,964.0
665,29,5,6,530,441,65,964,964.0
666,29,15,8,217,488,27,395,395.0
667,30,11,6,75,512,10,137,137.0
668,30,12,6,344,224,42,626,626.0
669,30,5,4,135,672,17,246,246.0
670,30,14,8,463,479,57,842,842.0
671,30,8,3,418,274,51,760,760.0
672,30,7,9,545,581,67,991,991.0
673,30,9,6,411,649,50,748,748.0
674,30,21,1,366,176,45,666,666.0
675,30,28,3,463,365,57,842,842.0
676,30,17,5,642,473,78,1168,1168.0
677,30,26,9,672,339,82,1222,1222.0
678,30,16,3,83,294,11,151,151.0
679,30,10,7,276,365,34,502,502.0
680,30,15,7,500,147,61,910,910.0
681,30,29,5,306,649,38,557,557.0
682,30,27,2,329,714,40,599,599.0
683,30,6,4,105,503,13,191,191.0
684,30,19,1,366,712,45,666,666.0
COMMODITIES,400
0,22,23,48,34,57,499,855.0
1,9,15,28,32,78,474,1173.0
2,25,19,70,33,85,490,1289.0
3,1,16,51,28,74,411,1123.0
4,15,7,25,36,82,527,1241.0
5,26,3,52,40,68,589,1028.0
6,6,3,74,33,63,481,956.0
7,22,10,18,34,73,506,1101.0
8,14,10,49,33,86,494,1302.0
9,29,20,35,31,56,460,847.0
10,1,4,63,37,63,555,946.0
11,6,21,34,28,61,407,920.0
12,15,22,20,31,70,457,1050.0
13,15,8,54,35,68,520,1033.0
14,15,12,38,40,78,600,1179.0
15,27,9,54,35,65,511,975.0
16,28,9,22,41,86,607,1292.0
17,28,14,74,36,66,537,995.0
18,12,15,22,42,72,622,1094.0
19,9,14,26,32,73,479,1109.0
20,20,13,24,37,82,552,1235.0
21,18,1,61,28,58,413,878.0
22,24,21,17,33,67,481,1015.0
23,23,13,46,32,92,471,1391.0
24,3,1,39,44,86,650,1301.0
25,3,28,59,38,59,569,894.0
26,29,17,16,31,83,465,1252.0
27,22,21,62,35,70,515,1054.0
28,12,25,44,40,71,599,1070.0
29,20,8,25,37,75,549,1135.0
30,15,5,70,40,81,589,1220.0
31,5,19,52,40,70,596,1056.0
32,1,28,15,44,85,655,1287.0
33,29,4,16,34,91,497,1370.0
34,24,18,44,38,89,562,1337.0
35,30,27,47,30,70,445,1061.0
36,15,17,43,36,62,536,938.0
37,7,10,59,35,72,523,1085.0
38,3,14,67,40,79,600,1199.0
39,25,17,19,40,94,586,1421.0
40,30,23,27,43,90,643,1350.0
41,16,9,52,32,89,474,1349.0
42,22,18,61,43,105,633,1583.0
43,11,4,62,42,66,625,1003.0
44,20,2,47,40,90,594,1358.0
45,30,29,41,33,78,492,1174.0
46,26,19,20,41,89,614,1346.0
47,7,13,59,30,84,440,1265.0
48,27,6,48,30,64,449,962.0
49,27,3,30,31,84,457,1261.0
50,10,7,47,37,74,541,1123.0
51,23,17,64,32,80,469,1206.0
52,24,7,15,42,93,619,1401.0
53,10,15,48,36,82,531,1242.0
54,20,21,20,29,67,430,1005.0
55,22,5,19,28,82,414,1236.0
56,8,19,42,29,65,427,985.0
57,15,28,30,32,65,467,988.0
58,5,1,33,30,79,442,1198.0
59,19,21,53,40,78,592,1173.0
60,17,19,68,28,72,420,1094.0
61,20,1,22,32,79,479,1191.0
62,15,29,22,38,59,560,894.0
63,2,9,45,38,77,562,1158.0
64,29,15,44,41,75,608,1126.0
65,26,23,47,39,102,577,1531.0
66,7,22,63,27,79,400,1185.0
67,25,11,29,25,66,364,992.0
68,2,13,59,29,72,421,1094.0
69,21,26,17,28,86,413,1297.0
70,2,18,72,32,81,467,1215.0
71,18,8,45,22,76,317,1141.0
72,18,9,18,35,86,522,1295.0
73,14,20,61,31,78,462,1180.0
74,12,4,51,36,75,540,1132.0
75,1,8,41,22,63,325,957.0
76,27,14,22,23,62,340,935.0
77,16,12,74,29,75,435,1126.0
78,9,7,41,33,78,493,1178.0
79,12,30,40,32,78,476,1173.0
80,7,15,63,44,98,656,1472.0
81,8,4,39,39,68,576,1028.0
82,12,14,71,48,91,712,1367.0
83,29,21,29,34,79,506,1185.0
84,19,27,72,40,95,587,1425.0
85,17,28,15,26,70,388,1056.0
86,13,19,25,36,84,538,1263.0
87,21,8,45,30,83,437,1257.0
88,7,4,27,36,86,528,1295.0
89,3,10,52,37,71,542,1065.0
90,29,14,46,39,98,571,1478.0
91,12,17,45,41,69,604,1045.0
92,21,5,69,31,78,451,1173.0
93,29,13,72,36,93,530,1397.0
94,17,24,21,34,82,508,1234.0
95,20,29,63,44,78,660,1172.0
96,16,26,40,27,82,400,1244.0
97,14,12,15,38,88,570,1320.0
98,16,19,24,31,63,458,946.0
99,2,5,19,27,74,405,1123.0
100,6,11,46,36,74,538,1114.0
101,10,19,27,37,73,547,1105.0
102,16,30,39,34,82,503,1237.0
103,15,21,49,40,65,589,977.0
104,5,17,62,29,75,431,1136.0
105,18,25,20,47,74,697,1111.0
106,22,6,63,27,60,405,914.0
107,5,22,53,30,67,447,1011.0
108,3,9,48,38,78,556,1179.0
109,24,25,16,23,80,336,1212.0
110,14,6,48,47,84,702,1273.0
111,23,28,70,39,76,574,1144.0
112,26,15,50,35,76,523,1140.0
113,14,27,41,37,83,552,1250.0
114,8,3,35,33,74,482,1113.0
115,16,4,41,32,72,477,1094.0
116,12,6,66,35,66,515,991.0
117,3,6,27,38,54,570,822.0
118,21,29,51,35,82,516,1242.0
119,6,20,44,45,89,661,1347.0
120,25,28,20,33,76,481,1152.0
121,1,13,18,38,89,566,1346.0
122,9,20,48,38,87,562,1310.0
123,11,5,69,38,90,569,1358.0
124,26,10,39,29,64,423,965.0
125,2,15,46,38,61,556,926.0
126,27,22,25,46,85,676,1289.0
127,6,4,65,34,50,500,759.0
128,8,27,18,42,90,624,1360.0
129,16,27,34,25,82,365,1233.0
130,22,24,20,40,77,592,1162.0
131,8,22,32,37,73,552,1100.0
132,7,5,45,35,85,521,1277.0
133,11,26,65,35,71,523,1067.0
134,7,12,56,30,62,441,930.0
135,6,1,29,40,72,595,1090.0
136,17,2,49,33,80,485,1200.0
137,22,11,66,34,83,500,1248.0
138,12,5,45,35,71,523,1065.0
139,14,28,57,36,76,529,1143.0
140,21,18,48,29,106,422,1604.0
141,28,15,60,41,91,613,1373.0
142,15,24,33,30,76,446,1141.0
143,7,17,57,45,88,668,1323.0
144,14,19,34,33,55,486,828.0
145,8,16,74,31,59,453,887.0
146,21,14,65,41,96,603,1454.0
147,27,2,57,28,68,410,1021.0
148,7,16,32,20,75,300,1137.0
149,20,6,50,23,55,335,826.0
150,4,1,28,37,88,542,1327.0
151,3,25,29,39,74,571,1123.0
152,22,2,38,23,61,336,922.0
153,7,29,25,35,60,518,911.0
154,15,20,59,36,75,533,1134.0
155,4,9,25,30,57,446,867.0
156,20,28,57,28,65,413,976.0
157,6,29,29,25,62,368,939.0
158,15,23,27,33,85,492,1287.0
159,28,18,18,32,73,468,1098.0
160,23,22,37,34,79,507,1188.0
161,7,30,40,36,88,534,1328.0
162,26,25,40,37,84,545,1260.0
163,29,27,70,37,89,547,1349.0
164,14,3,52,32,60,476,914.0
165,17,9,52,34,68,509,1034.0
166,15,2,23,38,93,565,1409.0
167,29,30,45,36,76,537,1144.0
168,4,24,55,33,71,487,1070.0
169,25,3,73,29,87,423,1315.0
170,27,5,48,25,68,370,1030.0
171,11,8,69,34,51,505,769.0
172,14,11,42,40,76,587,1144.0
173,20,26,19,39,83,581,1255.0
174,30,4,32,36,65,538,984.0
175,13,5,22,40,82,588,1241.0
176,17,6,71,39,77,575,1158.0
177,2,19,74,38,63,568,954.0
178,1,11,55,36,79,537,1195.0
179,16,5,74,32,76,477,1150.0
180,1,30,47,36,72,528,1093.0
181,21,3,53,33,97,490,1462.0
182,11,30,36,27,65,403,977.0
183,7,20,66,32,76,480,1143.0
184,3,8,65,32,69,468,1048.0
185,8,21,67,36,77,533,1155.0
186,9,26,52,31,75,460,1134.0
187,18,5,60,38,92,558,1392.0
188,16,21,25,34,84,503,1266.0
189,19,7,66,29,84,429,1261.0
190,29,23,56,32,92,478,1380.0
191,5,8,57,32,82,474,1238.0
192,27,18,54,23,76,331,1152.0
193,26,30,31,31,79,455,1196.0
194,14,29,23,33,71,493,1069.0
195,25,2,49,30,91,448,1373.0
196,19,13,61,33,79,487,1190.0
197,10,23,53,33,86,481,1295.0
198,9,17,44,46,76,683,1148.0
199,6,2,45,31,72,463,1089.0
200,27,19,25,27,57,398,865.0
201,28,20,54,26,73,376,1095.0
202,11,7,17,26,65,381,976.0
203,10,6,36,38,82,557,1233.0
204,11,28,62,33,65,487,988.0
205,6,17,22,32,70,473,1060.0
206,8,11,55,28,61,409,924.0
207,27,12,70,34,77,496,1167.0
208,13,4,60,31,50,465,760.0
209,22,8,62,38,90,564,1352.0
210,1,3,47,19,58,281,873.0
211,6,22,17,39,60,574,905.0
212,11,16,23,23,58,340,882.0
213,30,28,60,44,75,650,1127.0
214,7,9,16,36,77,538,1158.0
215,15,30,28,34,78,502,1173.0
216,14,15,19,43,82,638,1232.0
217,6,27,73,33,81,493,1215.0
218,15,3,17,30,48,438,720.0
219,9,2,15,31,83,465,1245.0
220,14,24,19,40,87,594,1315.0
221,6,5,50,27,66,392,997.0
222,3,21,53,39,74,578,1112.0
223,23,10,16,41,80,614,1213.0
224,17,3,72,38,66,564,992.0
225,12,26,66,35,62,519,939.0
226,12,11,68,33,66,486,991.0
227,15,16,32,31,68,462,1034.0
228,6,14,44,30,73,438,1100.0
229,27,25,37,29,73,423,1098.0
230,10,9,65,40,92,596,1391.0
231,2,24,18,44,96,648,1447.0
232,23,3,62,24,82,352,1241.0
233,2,28,49,34,65,504,979.0
234,26,24,63,33,57,487,859.0
235,29,1,31,30,70,449,1059.0
236,18,12,59,29,93,428,1405.0
237,5,21,56,30,56,437,850.0
238,28,7,38,40,85,599,1280.0
239,6,12,34,42,60,624,905.0
240,5,13,59,37,55,550,831.0
241,5,11,43,33,77,491,1158.0
242,27,23,42,41,91,613,1376.0
243,17,4,37,31,48,462,728.0
244,20,27,29,22,66,322,990.0
245,4,11,23,41,66,602,1003.0
246,11,13,43,38,88,566,1323.0
247,13,26,47,38,73,562,1096.0
248,24,28,20,33,67,486,1014.0
249,9,3,49,36,71,532,1067.0
250,8,15,18,31,76,451,1149.0
251,20,5,71,37,73,546,1098.0
252,5,14,60,42,56,620,844.0
253,5,10,52,28,43,415,657.0
254,22,25,37,30,80,445,1205.0
255,7,27,50,41,89,607,1335.0
256,27,11,72,36,53,535,799.0
257,9,6,57,37,78,545,1170.0
258,7,3,17,35,82,519,1238.0
259,17,10,29,40,89,593,1348.0
260,14,1,38,34,87,501,1314.0
261,15,6,20,23,53,344,797.0
262,18,26,63,31,76,462,1154.0
263,4,13,36,30,62,446,942.0
264,23,6,67,29,80,423,1201.0
265,10,21,39,26,66,389,998.0
266,8,5,71,32,77,466,1169.0
267,21,13,64,46,105,686,1576.0
268,7,1,62,35,82,520,1240.0
269,19,12,30,32,80,469,1209.0
270,1,21,57,43,67,633,1017.0
271,16,11,54,40,84,600,1261.0
272,25,30,38,30,60,445,905.0
273,7,23,24,37,68,547,1022.0
274,20,30,62,32,53,472,804.0
275,9,13,71,37,75,548,1131.0
276,13,23,53,27,74,404,1110.0
277,10,3,56,37,90,549,1362.0
278,23,19,34,28,78,416,1173.0
279,9,10,50,46,98,682,1479.0
280,13,3,19,35,61,521,929.0
281,25,23,46,35,73,522,1096.0
282,11,22,68,34,70,506,1062.0
283,17,14,30,28,78,417,1177.0
284,3,30,31,43,78,644,1170.0
285,13,9,67,34,66,498,997.0
286,12,2,31,36,87,531,1313.0
287,22,29,44,34,78,501,1175.0
288,22,30,19,37,79,555,1190.0
289,12,21,38,20,62,298,940.0
290,15,25,46,35,74,515,1123.0
291,16,17,15,33,64,483,973.0
292,2,6,49,26,68,381,1021.0
293,29,28,42,27,67,396,1010.0
294,28,24,50,33,93,495,1409.0
295,11,19,52,43,86,636,1296.0
296,5,3,44,48,86,712,1292.0
297,2,26,21,39,74,580,1123.0
298,30,9,58,34,64,502,963.0
299,5,20,17,25,48,372,721.0
300,26,21,35,47,98,701,1479.0
301,13,12,29,34,68,501,1020.0
302,9,5,55,35,80,525,1202.0
303,24,14,25,39,64,578,961.0
304,22,9,29,25,65,361,975.0
305,16,22,71,30,73,441,1100.0
306,2,7,56,34,74,508,1115.0
307,11,1,23,37,70,544,1062.0
308,14,9,28,44,78,651,1175.0
309,26,12,36,33,81,493,1225.0
310,29,6,32,39,94,584,1414.0
311,10,25,29,32,80,473,1204.0
312,4,14,47,44,85,655,1276.0
313,5,15,60,34,64,506,969.0
314,4,6,48,31,60,457,909.0
315,13,25,47,33,57,481,861.0
316,5,26,37,33,79,492,1190.0
317,18,15,22,34,70,497,1062.0
318,22,3,28,32,73,468,1106.0
319,26,17,24,36,72,538,1086.0
320,28,10,56,31,74,462,1110.0
321,10,22,64,34,81,509,1225.0
322,6,23,37,32,73,468,1100.0
323,14,13,72,34,77,503,1162.0
324,15,13,39,27,60,398,904.0
325,26,18,17,31,86,464,1299.0
326,21,20,37,28,91,407,1373.0
327,30,5,69,42,66,626,995.0
328,21,30,30,30,95,444,1433.0
329,28,5,68,29,62,435,936.0
330,26,16,65,36,83,535,1247.0
331,10,30,25,41,75,614,1128.0
332,8,23,66,37,89,545,1343.0
333,4,18,49,36,99,534,1499.0
334,20,16,56,32,63,475,959.0
335,16,2,17,40,98,587,1471.0
336,13,16,36,35,71,522,1066.0
337,27,20,24,35,71,517,1075.0
338,23,8,39,44,87,658,1309.0
339,4,19,62,30,77,444,1164.0
340,18,20,26,35,75,511,1128.0
341,25,26,72,36,82,531,1242.0
342,9,27,65,39,61,585,918.0
343,12,8,52,32,75,479,1137.0
344,8,28,52,24,65,346,978.0
345,17,7,36,34,71,496,1072.0
346,24,22,27,33,91,483,1371.0
347,16,25,48,45,114,663,1720.0
348,8,14,63,33,82,483,1234.0
349,28,19,18,42,60,617,901.0
350,22,27,26,30,72,446,1082.0
351,7,18,31,30,94,449,1414.0
352,24,5,73,31,61,457,916.0
353,4,26,16,33,60,487,911.0
354,30,7,68,42,86,624,1290.0
355,3,19,44,31,64,461,974.0
356,23,29,34,33,69,495,1043.0
357,11,18,43,39,105,577,1583.0
358,25,7,32,34,88,501,1328.0
359,16,13,23,35,89,524,1337.0
360,27,1,28,35,83,521,1257.0
361,28,1,42,34,77,509,1160.0
362,20,17,18,29,75,435,1129.0
363,20,4,41,33,77,482,1168.0
364,5,27,20,30,77,439,1160.0
365,16,6,43,31,71,462,1077.0
366,5,28,20,27,61,402,929.0
367,18,28,59,32,77,478,1155.0
368,29,3,26,36,79,534,1199.0
369,14,17,42,38,88,557,1325.0
370,10,17,57,32,66,474,1004.0
371,19,20,39,30,83,441,1248.0
372,18,30,45,36,74,534,1115.0
373,15,19,69,38,82,570,1230.0
374,16,7,27,26,61,381,929.0
375,11,27,55,33,66,490,994.0
376,15,11,60,35,75,521,1131.0
377,7,2,23,37,98,543,1473.0
378,24,11,35,33,85,495,1280.0
379,11,25,18,38,72,561,1085.0
380,27,8,72,23,52,343,791.0
381,17,21,65,34,79,503,1186.0
382,19,1,15,33,78,481,1174.0
383,26,27,41,37,82,542,1236.0
384,9,23,28,33,89,481,1349.0
385,5,24,74,33,79,493,1185.0
386,22,20,47,35,81,521,1222.0
387,11,20,53,40,88,598,1333.0
388,7,21,15,17,59,253,899.0
389,27,29,73,28,46,418,704.0
390,18,27,36,36,69,536,1038.0
391,3,7,24,38,84,562,1260.0
392,29,8,19,24,80,356,1204.0
393,27,16,71,40,77,595,1169.0
394,5,23,43,50,89,744,1335.0
395,13,29,35,32,68,471,1030.0
396,10,16,47,34,74,506,1117.0
397,9,28,31,47,69,693,1043.0
398,2,20,60,40,68,591,1029.0
399,20,10,59,43,80,639,1203.0
horizon=114
