NODES,30
1,1,-,-
2,2,-,-
3,3,-,-
4,4,-,-
5,5,-,-
6,6,-,-
7,7,-,-
8,8,-,-
9,9,-,-
10,10,-,-
11,11,-,-
12,12,-,-
13,13,-,-
14,14,-,-
15,15,-,-
16,16,-,-
17,17,-,-
18,18,-,-
19,19,-,-
20,20,-,-
21,21,-,-
22,22,-,-
23,23,-,-
24,24,-,-
25,25,-,-
26,26,-,-
27,27,-,-
28,28,-,-
29,29,-,-
30,30,-,-
ARCS,685
0,1,18,5,418,214,51,760,760.0
1,1,16,5,485,623,59,882,882.0
2,1,28,1,515,431,63,937,937.0
3,1,12,5,351,555,43,639,639.0
4,1,7,7,358,578,44,651,651.0
5,1,29,4,209,450,26,380,380.0
6,1,30,8,478,299,58,870,870.0
7,1,21,2,150,244,19,273,273.0
8,1,20,3,299,417,37,544,544.0
9,1,5,1,344,160,42,626,626.0
10,1,24,1,299,539,37,544,544.0
11,1,9,9,179,297,22,326,326.0
12,1,4,6,157,163,20,286,286.0
13,1,6,7,552,532,67,1004,1004.0
14,1,23,2,440,584,54,800,800.0
15,1,2,7,150,701,19,273,273.0
16,1,8,7,344,720,42,626,626.0
17,1,27,1,440,691,54,800,800.0
18,1,26,2,105,318,13,191,191.0
19,2,19,4,120,528,15,219,219.0
20,2,1,2,120,521,15,219,219.0
21,2,27,9,97,155,12,177,177.0
22,2,7,3,739,705,90,1344,1344.0
23,2,28,2,224,277,28,408,408.0
24,2,11,9,254,646,31,462,462.0
25,2,9,8,537,483,66,977,977.0
26,2,20,6,165,652,20,300,300.0
27,2,21,8,381,483,47,693,693.0
28,2,8,6,344,261,42,626,626.0
29,2,16,4,455,361,56,828,828.0
30,2,4,4,97,661,12,177,177.0
31,2,14,8,314,194,39,571,571.0
32,2,22,2,426,532,52,775,775.0
33,2,15,6,142,692,18,259,259.0
34,2,5,5,739,684,90,1344,1344.0
35,2,25,4,112,452,14,204,204.0
36,2,17,3,187,682,23,340,340.0
37,2,24,7,433,489,53,788,788.0
38,2,26,2,724,637,88,1317,1317.0
39,2,6,2,314,528,39,571,571.0
40,3,16,7,619,519,76,1126,1126.0
41,3,10,6,224,635,28,408,408.0
42,3,9,4,388,538,48,706,706.0
43,3,29,6,448,287,55,815,815.0
44,3,12,2,388,469,48,706,706.0
45,3,11,7,165,280,20,300,300.0
46,3,18,7,440,404,54,800,800.0
47,3,4,3,679,191,83,1235,1235.0
48,3,27,3,560,659,68,1019,1019.0
49,3,21,5,545,573,67,991,991.0
50,3,14,2,597,578,73,1086,1086.0
51,3,25,1,411,705,50,748,748.0
52,3,8,9,351,162,43,639,639.0
53,3,24,2,224,668,28,408,408.0
54,3,19,8,634,537,77,1153,1153.0
55,3,17,4,351,496,43,639,639.0
56,3,1,3,321,665,39,584,584.0
57,3,7,6,716,182,87,1302,1302.0
58,3,28,2,127,284,16,231,231.0
59,3,6,9,75,539,10,137,137.0
60,3,15,2,90,645,11,164,164.0
61,3,5,4,187,297,23,340,340.0
62,3,2,6,709,237,86,1290,1290.0
63,3,26,3,448,287,55,815,815.0
64,3,13,2,105,315,13,191,191.0
65,3,23,7,463,678,57,842,842.0
66,3,30,2,619,472,76,1126,1126.0
67,3,22,5,455,365,56,828,828.0
68,4,29,2,187,600,23,340,340.0
69,4,13,2,314,463,39,571,571.0
70,4,27,2,358,421,44,651,651.0
71,4,2,2,612,280,75,1113,1113.0
72,4,14,1,552,467,67,1004,1004.0
73,4,15,1,276,279,34,502,502.0
74,4,1,8,642,614,78,1168,1168.0
75,4,12,8,262,182,32,477,477.0
76,4,16,2,590,715,72,1073,1073.0
77,4,19,3,724,343,88,1317,1317.0
78,4,24,1,262,509,32,477,477.0
79,4,28,2,396,179,48,720,720.0
80,4,20,7,232,479,29,422,422.0
81,4,25,1,426,591,52,775,775.0
82,4,11,6,523,208,64,951,951.0
83,4,3,6,105,338,13,191,191.0
84,4,7,6,150,447,19,273,273.0
85,4,8,8,597,645,73,1086,1086.0
86,4,5,8,314,704,39,571,571.0
87,4,26,4,157,313,20,286,286.0
88,4,18,7,612,457,75,1113,1113.0
89,4,23,3,590,640,72,1073,1073.0
90,4,30,8,75,509,10,137,137.0
91,4,22,4,344,717,42,626,626.0
92,4,9,8,150,576,19,273,273.0
93,4,17,4,590,534,72,1073,1073.0
94,5,21,5,329,601,40,599,599.0
95,5,8,4,664,349,81,1208,1208.0
96,5,24,1,358,596,44,651,651.0
97,5,14,5,75,332,10,137,137.0
98,5,15,1,179,359,22,326,326.0
99,5,3,6,649,332,79,1180,1180.0
100,5,1,6,344,576,42,626,626.0
101,5,25,2,455,300,56,828,828.0
102,5,20,9,127,459,16,231,231.0
103,5,30,3,373,550,46,679,679.0
104,5,16,4,619,320,76,1126,1126.0
105,5,7,4,165,407,20,300,300.0
106,5,22,2,657,577,80,1195,1195.0
107,5,6,4,649,678,79,1180,1180.0
108,5,18,9,262,355,32,477,477.0
109,5,2,4,500,240,61,910,910.0
110,5,10,8,75,524,10,137,137.0
111,5,9,6,612,332,75,1113,1113.0
112,5,13,3,83,478,11,151,151.0
113,5,17,2,388,560,48,706,706.0
114,5,23,4,403,351,49,733,733.0
115,5,26,4,627,208,76,1140,1140.0
116,6,12,9,83,418,11,151,151.0
117,6,9,2,731,341,89,1330,1330.0
118,6,3,6,403,601,49,733,733.0
119,6,18,8,657,315,80,1195,1195.0
120,6,1,3,291,578,36,530,530.0
121,6,21,2,217,447,27,395,395.0
122,6,8,1,440,459,54,800,800.0
123,6,15,8,381,610,47,693,693.0
124,6,28,8,597,290,73,1086,1086.0
125,6,27,9,426,372,52,775,775.0
126,6,4,5,75,632,10,137,137.0
127,6,19,7,336,184,41,611,611.0
128,6,13,2,440,283,54,800,800.0
129,6,16,2,83,708,11,151,151.0
130,6,10,8,388,263,48,706,706.0
131,6,30,2,731,717,89,1330,1330.0
132,6,11,2,694,149,85,1262,1262.0
133,6,5,9,694,348,85,1262,1262.0
134,6,29,7,440,610,54,800,800.0
135,6,22,9,120,508,15,219,219.0
136,6,2,9,276,571,34,502,502.0
137,6,17,8,739,443,90,1344,1344.0
138,6,25,5,269,312,33,490,490.0
139,6,14,7,284,163,35,517,517.0
140,6,7,1,314,286,39,571,571.0
141,6,26,5,120,698,15,219,219.0
142,7,16,7,672,539,82,1222,1222.0
143,7,22,6,381,251,47,693,693.0
144,7,14,6,716,478,87,1302,1302.0
145,7,11,2,634,312,77,1153,1153.0
146,7,30,2,373,394,46,679,679.0
147,7,24,5,157,306,20,286,286.0
148,7,17,2,291,495,36,530,530.0
149,7,1,7,634,331,77,1153,1153.0
150,7,21,3,426,274,52,775,775.0
151,7,4,8,634,378,77,1153,1153.0
152,7,29,3,142,620,18,259,259.0
153,7,15,5,552,175,67,1004,1004.0
154,7,2,8,470,345,57,855,855.0
155,7,25,8,344,490,42,626,626.0
156,7,9,5,291,542,36,530,530.0
157,7,8,8,209,616,26,380,380.0
158,7,23,7,194,274,24,353,353.0
159,7,19,8,373,309,46,679,679.0
160,7,28,3,657,653,80,1195,1195.0
161,7,6,2,426,580,52,775,775.0
162,7,12,1,165,705,20,300,300.0
163,7,13,8,381,147,47,693,693.0
164,8,22,3,634,460,77,1153,1153.0
165,8,1,3,135,441,17,246,246.0
166,8,28,6,344,503,42,626,626.0
167,8,21,7,485,368,59,882,882.0
168,8,12,6,142,362,18,259,259.0
169,8,4,1,560,184,68,1019,1019.0
170,8,15,1,321,407,39,584,584.0
171,8,10,1,388,184,48,706,706.0
172,8,5,6,590,421,72,1073,1073.0
173,8,2,6,239,394,29,435,435.0
174,8,16,6,179,147,22,326,326.0
175,8,19,6,731,315,89,1330,1330.0
176,8,7,6,262,310,32,477,477.0
177,8,3,4,679,153,83,1235,1235.0
178,8,14,6,314,362,39,571,571.0
179,8,13,5,590,639,72,1073,1073.0
180,8,6,1,97,692,12,177,177.0
181,8,26,1,329,423,40,599,599.0
182,8,11,2,209,284,26,380,380.0
183,8,23,2,716,267,87,1302,1302.0
184,8,30,7,165,293,20,300,300.0
185,8,29,4,731,431,89,1330,1330.0
186,9,2,9,470,594,57,855,855.0
187,9,4,5,157,351,20,286,286.0
188,9,25,3,545,581,67,991,991.0
189,9,23,6,508,707,62,924,924.0
190,9,15,8,344,454,42,626,626.0
191,9,12,7,545,256,67,991,991.0
192,9,8,4,530,263,65,964,964.0
193,9,16,1,590,454,72,1073,1073.0
194,9,24,3,276,501,34,502,502.0
195,9,22,1,358,380,44,651,651.0
196,9,14,7,634,146,77,1153,1153.0
197,9,29,8,440,225,54,800,800.0
198,9,17,9,605,221,74,1100,1100.0
199,9,27,1,97,147,12,177,177.0
200,9,19,8,478,655,58,870,870.0
201,9,21,7,239,479,29,435,435.0
202,9,1,2,224,493,28,408,408.0
203,9,13,8,239,480,29,435,435.0
204,9,10,3,537,460,66,977,977.0
205,9,28,3,105,441,13,191,191.0
206,9,20,5,560,299,68,1019,1019.0
207,9,11,7,560,341,68,1019,1019.0
208,9,3,2,232,274,29,422,422.0
209,10,22,1,358,207,44,651,651.0
210,10,30,3,187,359,23,340,340.0
211,10,28,8,142,316,18,259,259.0
212,10,19,5,403,377,49,733,733.0
213,10,18,9,276,502,34,502,502.0
214,10,12,4,552,309,67,1004,1004.0
215,10,4,6,262,681,32,477,477.0
216,10,13,6,179,248,22,326,326.0
217,10,17,3,358,296,44,651,651.0
218,10,15,8,537,678,66,977,977.0
219,10,5,9,112,645,14,204,204.0
220,10,9,3,627,459,76,1140,1140.0
221,10,8,2,649,675,79,1180,1180.0
222,10,26,5,440,247,54,800,800.0
223,10,16,2,455,385,56,828,828.0
224,10,1,7,448,424,55,815,815.0
225,10,27,1,537,705,66,977,977.0
226,10,14,9,373,712,46,679,679.0
227,11,28,6,426,173,52,775,775.0
228,11,24,4,739,368,90,1344,1344.0
229,11,29,7,597,429,73,1086,1086.0
230,11,25,6,224,459,28,408,408.0
231,11,21,8,75,476,10,137,137.0
232,11,18,2,508,539,62,924,924.0
233,11,14,1,739,195,90,1344,1344.0
234,11,8,7,75,349,10,137,137.0
235,11,22,2,351,492,43,639,639.0
236,11,3,9,619,172,76,1126,1126.0
237,11,10,8,388,668,48,706,706.0
238,11,4,2,157,607,20,286,286.0
239,11,9,6,105,666,13,191,191.0
240,11,13,5,716,368,87,1302,1302.0
241,11,20,5,403,194,49,733,733.0
242,11,12,7,537,576,66,977,977.0
243,11,5,6,523,626,64,951,951.0
244,11,15,7,358,538,44,651,651.0
245,11,23,4,262,518,32,477,477.0
246,11,7,9,470,421,57,855,855.0
247,11,17,5,642,695,78,1168,1168.0
248,11,26,6,224,325,28,408,408.0
249,11,1,3,455,459,56,828,828.0
250,11,6,2,120,583,15,219,219.0
251,11,2,9,165,616,20,300,300.0
252,11,16,9,373,218,46,679,679.0
253,11,30,6,381,443,47,693,693.0
254,12,8,5,426,531,52,775,775.0
255,12,15,2,194,185,24,353,353.0
256,12,28,5,530,622,65,964,964.0
257,12,29,2,358,323,44,651,651.0
258,12,21,2,657,678,80,1195,1195.0
259,12,17,7,179,485,22,326,326.0
260,12,23,5,276,620,34,502,502.0
261,12,3,4,135,593,17,246,246.0
262,12,9,3,254,155,31,462,462.0
263,12,4,9,403,666,49,733,733.0
264,12,2,2,433,626,53,788,788.0
265,12,26,5,165,612,20,300,300.0
266,12,18,8,537,612,66,977,977.0
267,12,1,9,448,247,55,815,815.0
268,12,16,7,291,188,36,530,530.0
269,12,14,7,411,290,50,748,748.0
270,12,24,2,194,225,24,353,353.0
271,12,5,7,224,712,28,408,408.0
272,12,7,5,165,545,20,300,300.0
273,12,27,2,314,418,39,571,571.0
274,12,30,6,679,237,83,1235,1235.0
275,12,6,2,358,273,44,651,651.0
276,12,11,7,209,400,26,380,380.0
277,12,25,5,194,635,24,353,353.0
278,12,22,2,351,565,43,639,639.0
279,12,10,2,433,354,53,788,788.0
280,12,19,8,105,310,13,191,191.0
281,12,20,2,381,649,47,693,693.0
282,12,13,2,590,257,72,1073,1073.0
283,13,12,1,284,398,35,517,517.0
284,13,24,1,209,567,26,380,380.0
285,13,16,8,448,478,55,815,815.0
286,13,18,6,500,463,61,910,910.0
287,13,14,8,485,496,59,882,882.0
288,13,23,3,702,211,86,1277,1277.0
289,13,6,2,142,185,18,259,259.0
290,13,22,6,179,424,22,326,326.0
291,13,28,6,694,450,85,1262,1262.0
292,13,20,5,90,625,11,164,164.0
293,13,4,9,75,440,10,137,137.0
294,13,8,8,500,578,61,910,910.0
295,13,10,7,567,293,69,1031,1031.0
296,13,2,7,433,485,53,788,788.0
297,13,27,1,269,410,33,490,490.0
298,13,15,6,388,146,48,706,706.0
299,13,11,7,575,221,70,1046,1046.0
300,13,1,2,493,495,60,897,897.0
301,13,3,7,463,552,57,842,842.0
302,13,25,8,135,217,17,246,246.0
303,13,29,6,262,356,32,477,477.0
304,13,9,2,440,211,54,800,800.0
305,13,26,7,478,699,58,870,870.0
306,13,7,2,724,391,88,1317,1317.0
307,13,19,7,702,348,86,1277,1277.0
308,13,5,5,575,374,70,1046,1046.0
309,13,30,7,411,456,50,748,748.0
310,13,17,4,657,182,80,1195,1195.0
311,14,29,7,336,675,41,611,611.0
312,14,30,7,485,273,59,882,882.0
313,14,11,2,291,626,36,530,530.0
314,14,6,8,284,452,35,517,517.0
315,14,9,8,284,234,35,517,517.0
316,14,16,3,150,457,19,273,273.0
317,14,3,5,284,512,35,517,517.0
318,14,19,7,105,160,13,191,191.0
319,14,25,3,284,290,35,517,517.0
320,14,22,6,716,488,87,1302,1302.0
321,14,20,5,440,512,54,800,800.0
322,14,15,7,299,300,37,544,544.0
323,14,8,6,642,535,78,1168,1168.0
324,14,26,5,724,355,88,1317,1317.0
325,14,2,2,426,254,52,775,775.0
326,14,27,8,485,617,59,882,882.0
327,14,7,9,664,426,81,1208,1208.0
328,14,28,9,329,545,40,599,599.0
329,14,17,2,537,182,66,977,977.0
330,14,5,5,366,490,45,666,666.0
331,14,18,5,202,270,25,368,368.0
332,14,10,9,448,335,55,815,815.0
333,14,4,6,75,258,10,137,137.0
334,14,1,7,642,186,78,1168,1168.0
335,14,23,3,187,488,23,340,340.0
336,14,21,2,75,594,10,137,137.0
337,14,24,9,426,264,52,775,775.0
338,15,25,4,269,283,33,490,490.0
339,15,27,9,217,303,27,395,395.0
340,15,13,1,672,405,82,1222,1222.0
341,15,11,1,716,629,87,1302,1302.0
342,15,26,8,634,377,77,1153,1153.0
343,15,3,9,90,505,11,164,164.0
344,15,24,2,388,267,48,706,706.0
345,15,29,9,112,561,14,204,204.0
346,15,19,1,694,447,85,1262,1262.0
347,15,12,9,634,411,77,1153,1153.0
348,15,18,6,299,398,37,544,544.0
349,15,8,6,209,212,26,380,380.0
350,15,14,4,329,460,40,599,599.0
351,15,21,5,142,333,18,259,259.0
352,15,7,7,433,332,53,788,788.0
353,15,2,1,560,196,68,1019,1019.0
354,15,16,4,247,329,30,450,450.0
355,15,4,3,254,708,31,462,462.0
356,15,22,5,314,457,39,571,571.0
357,15,17,5,142,714,18,259,259.0
358,15,20,6,672,476,82,1222,1222.0
359,15,9,2,232,653,29,422,422.0
360,15,28,2,388,571,48,706,706.0
361,15,6,7,396,669,48,720,720.0
362,15,23,4,709,443,86,1290,1290.0
363,15,5,7,537,441,66,977,977.0
364,15,1,5,351,574,43,639,639.0
365,16,24,8,687,548,84,1250,1250.0
366,16,25,5,605,248,74,1100,1100.0
367,16,27,7,411,273,50,748,748.0
368,16,23,5,418,580,51,760,760.0
369,16,1,1,590,686,72,1073,1073.0
370,16,30,6,344,479,42,626,626.0
371,16,2,6,455,472,56,828,828.0
372,16,28,8,105,201,13,191,191.0
373,16,9,9,634,591,77,1153,1153.0
374,16,21,7,463,224,57,842,842.0
375,16,3,9,358,326,44,651,651.0
376,16,14,1,545,338,67,991,991.0
377,16,10,6,515,162,63,937,937.0
378,16,7,6,239,168,29,435,435.0
379,16,18,9,687,457,84,1250,1250.0
380,16,12,2,344,541,42,626,626.0
381,16,8,7,172,361,21,313,313.0
382,16,22,9,433,384,53,788,788.0
383,16,29,5,344,614,42,626,626.0
384,16,20,7,709,609,86,1290,1290.0
385,16,6,8,366,312,45,666,666.0
386,17,19,3,314,636,39,571,571.0
387,17,30,5,455,614,56,828,828.0
388,17,13,8,381,155,47,693,693.0
389,17,11,9,351,228,43,639,639.0
390,17,22,5,97,486,12,177,177.0
391,17,1,2,448,410,55,815,815.0
392,17,23,2,224,476,28,408,408.0
393,17,4,9,75,372,10,137,137.0
394,17,27,4,627,443,76,1140,1140.0
395,17,9,8,545,522,67,991,991.0
396,17,5,1,276,646,34,502,502.0
397,17,26,6,440,508,54,800,800.0
398,17,10,8,470,503,57,855,855.0
399,17,29,6,418,568,51,760,760.0
400,17,20,6,291,331,36,530,530.0
401,17,14,3,418,199,51,760,760.0
402,17,7,9,217,341,27,395,395.0
403,17,25,2,664,152,81,1208,1208.0
404,17,16,2,597,392,73,1086,1086.0
405,17,21,6,426,544,52,775,775.0
406,17,15,4,508,188,62,924,924.0
407,18,24,9,351,604,43,639,639.0
408,18,21,3,329,248,40,599,599.0
409,18,11,2,291,194,36,530,530.0
410,18,12,6,530,184,65,964,964.0
411,18,22,4,411,616,50,748,748.0
412,18,30,8,545,401,67,991,991.0
413,18,17,2,291,479,36,530,530.0
414,18,16,1,426,251,52,775,775.0
415,18,1,1,552,191,67,1004,1004.0
416,18,9,8,716,688,87,1302,1302.0
417,18,14,5,120,528,15,219,219.0
418,18,5,4,702,299,86,1277,1277.0
419,18,7,6,306,149,38,557,557.0
420,18,8,6,463,658,57,842,842.0
421,18,29,2,530,514,65,964,964.0
422,18,28,2,373,260,46,679,679.0
423,18,15,3,590,329,72,1073,1073.0
424,18,10,6,523,235,64,951,951.0
425,18,13,4,463,622,57,842,842.0
426,18,25,7,157,472,20,286,286.0
427,18,23,8,202,333,25,368,368.0
428,18,20,6,321,375,39,584,584.0
429,18,2,1,90,258,11,164,164.0
430,18,27,1,463,646,57,842,842.0
431,18,3,5,478,411,58,870,870.0
432,19,18,3,202,165,25,368,368.0
433,19,29,2,247,609,30,450,450.0
434,19,23,4,284,395,35,517,517.0
435,19,4,7,336,479,41,611,611.0
436,19,5,6,239,436,29,435,435.0
437,19,21,6,269,485,33,490,490.0
438,19,9,6,657,365,80,1195,1195.0
439,19,25,8,440,532,54,800,800.0
440,19,11,3,269,215,33,490,490.0
441,19,24,4,448,369,55,815,815.0
442,19,17,3,440,622,54,800,800.0
443,19,20,4,455,276,56,828,828.0
444,19,7,3,672,718,82,1222,1222.0
445,19,8,9,179,434,22,326,326.0
446,19,27,8,649,509,79,1180,1180.0
447,20,30,4,97,509,12,177,177.0
448,20,22,8,373,260,46,679,679.0
449,20,2,4,582,276,71,1059,1059.0
450,20,16,4,224,369,28,408,408.0
451,20,13,7,433,202,53,788,788.0
452,20,15,1,597,552,73,1086,1086.0
453,20,29,1,209,718,26,380,380.0
454,20,10,6,232,385,29,422,422.0
455,20,21,6,657,508,80,1195,1195.0
456,20,14,4,634,674,77,1153,1153.0
457,20,17,1,649,675,79,1180,1180.0
458,20,24,1,276,614,34,502,502.0
459,20,11,6,672,240,82,1222,1222.0
460,20,8,1,515,257,63,937,937.0
461,20,12,7,396,563,48,720,720.0
462,20,1,1,321,430,39,584,584.0
463,20,28,8,217,509,27,395,395.0
464,20,25,8,679,475,83,1235,1235.0
465,20,19,1,314,362,39,571,571.0
466,20,5,9,426,184,52,775,775.0
467,20,23,2,291,254,36,530,530.0
468,20,9,2,194,646,24,353,353.0
469,20,26,4,299,328,37,544,544.0
470,20,6,2,687,221,84,1250,1250.0
471,20,18,3,381,702,47,693,693.0
472,20,3,2,739,447,90,1344,1344.0
473,21,6,7,545,632,67,991,991.0
474,21,24,7,411,359,50,748,748.0
475,21,25,9,575,519,70,1046,1046.0
476,21,1,7,515,666,63,937,937.0
477,21,3,2,493,583,60,897,897.0
478,21,5,1,329,705,40,599,599.0
479,21,7,5,179,388,22,326,326.0
480,21,28,1,575,320,70,1046,1046.0
481,21,20,1,515,561,63,937,937.0
482,21,4,1,694,702,85,1262,1262.0
483,21,27,7,478,563,58,870,870.0
484,21,18,1,657,414,80,1195,1195.0
485,21,8,2,403,431,49,733,733.0
486,21,19,2,515,430,63,937,937.0
487,21,2,5,463,283,57,842,842.0
488,21,12,3,508,196,62,924,924.0
489,21,16,8,612,198,75,1113,1113.0
490,21,11,1,403,535,49,733,733.0
491,21,10,6,344,466,42,626,626.0
492,21,17,3,716,315,87,1302,1302.0
493,21,15,7,679,483,83,1235,1235.0
494,21,9,7,254,580,31,462,462.0
495,21,13,3,500,172,61,910,910.0
496,21,22,6,209,338,26,380,380.0
497,22,2,9,403,613,49,733,733.0
498,22,3,4,269,336,33,490,490.0
499,22,24,3,239,290,29,435,435.0
500,22,21,3,269,674,33,490,490.0
501,22,6,7,194,555,24,353,353.0
502,22,5,2,619,247,76,1126,1126.0
503,22,10,5,269,247,33,490,490.0
504,22,11,4,433,225,53,788,788.0
505,22,13,5,239,505,29,435,435.0
506,22,29,6,702,287,86,1277,1277.0
507,22,1,3,90,475,11,164,164.0
508,22,18,3,478,408,58,870,870.0
509,22,7,7,679,672,83,1235,1235.0
510,22,27,2,358,555,44,651,651.0
511,22,28,7,269,313,33,490,490.0
512,22,26,4,478,630,58,870,870.0
513,22,23,5,142,323,18,259,259.0
514,22,4,8,187,339,23,340,340.0
515,22,9,7,306,258,38,557,557.0
516,23,30,8,224,384,28,408,408.0
517,23,5,1,664,418,81,1208,1208.0
518,23,9,5,657,173,80,1195,1195.0
519,23,19,6,440,707,54,800,800.0
520,23,15,7,321,147,39,584,584.0
521,23,6,9,649,534,79,1180,1180.0
522,23,2,2,500,629,61,910,910.0
523,23,27,2,142,470,18,259,259.0
524,23,24,3,157,194,20,286,286.0
525,23,25,9,702,228,86,1277,1277.0
526,23,8,4,284,643,35,517,517.0
527,23,20,9,560,296,68,1019,1019.0
528,23,18,8,657,328,80,1195,1195.0
529,23,10,1,314,388,39,571,571.0
530,23,28,1,478,707,58,870,870.0
531,23,11,6,314,524,39,571,571.0
532,23,12,9,403,335,49,733,733.0
533,23,14,6,381,322,47,693,693.0
534,23,16,7,530,626,65,964,964.0
535,23,21,3,105,715,13,191,191.0
536,24,9,8,523,489,64,951,951.0
537,24,13,5,329,593,40,599,599.0
538,24,6,9,560,492,68,1019,1019.0
539,24,11,7,575,668,70,1046,1046.0
540,24,21,2,575,178,70,1046,1046.0
541,24,1,7,172,439,21,313,313.0
542,24,10,2,90,663,11,164,164.0
543,24,12,2,411,235,50,748,748.0
544,24,8,8,605,387,74,1100,1100.0
545,24,29,5,232,637,29,422,422.0
546,24,20,5,239,173,29,435,435.0
547,24,14,8,135,552,17,246,246.0
548,24,16,7,254,516,31,462,462.0
549,24,15,7,284,437,35,517,517.0
550,24,5,1,187,460,23,340,340.0
551,24,18,8,351,499,43,639,639.0
552,24,27,4,649,568,79,1180,1180.0
553,24,17,2,679,493,83,1235,1235.0
554,24,26,4,239,712,29,435,435.0
555,25,23,2,262,672,32,477,477.0
556,25,20,6,433,604,53,788,788.0
557,25,2,8,440,345,54,800,800.0
558,25,28,8,344,671,42,626,626.0
559,25,6,8,739,534,90,1344,1344.0
560,25,8,3,418,640,51,760,760.0
561,25,29,7,105,699,13,191,191.0
562,25,3,1,478,166,58,870,870.0
563,25,22,2,232,429,29,422,422.0
564,25,26,1,314,158,39,571,571.0
565,25,24,6,388,470,48,706,706.0
566,25,18,6,545,205,67,991,991.0
567,25,1,6,381,531,47,693,693.0
568,25,5,3,702,371,86,1277,1277.0
569,25,14,4,515,351,63,937,937.0
570,25,11,7,396,544,48,720,720.0
571,25,19,9,470,358,57,855,855.0
572,25,7,9,433,233,53,788,788.0
573,25,27,6,649,260,79,1180,1180.0
574,25,9,9,284,449,35,517,517.0
575,25,30,6,194,296,24,353,353.0
576,25,4,5,314,508,39,571,571.0
577,25,13,8,239,447,29,435,435.0
578,25,21,4,202,233,25,368,368.0
579,25,17,8,664,171,81,1208,1208.0
580,25,10,4,157,689,20,286,286.0
581,26,11,3,329,150,40,599,599.0
582,26,27,4,597,707,73,1086,1086.0
583,26,6,2,575,509,70,1046,1046.0
584,26,23,1,709,430,86,1290,1290.0
585,26,22,5,373,521,46,679,679.0
586,26,9,8,515,263,63,937,937.0
587,26,2,7,209,303,26,380,380.0
588,26,29,3,381,263,47,693,693.0
589,26,15,4,314,238,39,571,571.0
590,26,17,8,224,558,28,408,408.0
591,26,10,3,545,577,67,991,991.0
592,26,21,2,687,597,84,1250,1250.0
593,26,13,9,239,699,29,435,435.0
594,26,24,1,150,527,19,273,273.0
595,26,5,7,724,228,88,1317,1317.0
596,26,12,7,470,720,57,855,855.0
597,26,28,9,373,323,46,679,679.0
598,26,8,4,179,147,22,326,326.0
599,26,16,8,731,577,89,1330,1330.0
600,26,14,2,552,593,67,1004,1004.0
601,26,18,1,381,506,47,693,693.0
602,26,20,8,254,604,31,462,462.0
603,26,3,9,172,411,21,313,313.0
604,26,1,1,276,515,34,502,502.0
605,27,16,2,239,636,29,435,435.0
606,27,23,4,411,424,50,748,748.0
607,27,21,4,455,704,56,828,828.0
608,27,18,5,403,661,49,733,733.0
609,27,19,2,702,527,86,1277,1277.0
610,27,25,3,306,506,38,557,557.0
611,27,28,1,97,630,12,177,177.0
612,27,10,6,537,672,66,977,977.0
613,27,29,6,90,463,11,164,164.0
614,27,5,1,329,162,40,599,599.0
615,27,3,5,731,652,89,1330,1330.0
616,27,4,8,642,440,78,1168,1168.0
617,27,11,6,97,176,12,177,177.0
618,27,26,6,299,414,37,544,544.0
619,27,20,2,418,417,51,760,760.0
620,27,9,3,165,325,20,300,300.0
621,27,14,7,411,567,50,748,748.0
622,27,7,9,724,648,88,1317,1317.0
623,27,17,9,366,452,45,666,666.0
624,27,15,8,336,576,41,611,611.0
625,28,14,4,165,315,20,300,300.0
626,28,23,9,731,695,89,1330,1330.0
627,28,30,3,687,516,84,1250,1250.0
628,28,13,8,470,385,57,855,855.0
629,28,27,4,664,333,81,1208,1208.0
630,28,6,1,179,195,22,326,326.0
631,28,24,1,575,454,70,1046,1046.0
632,28,16,5,254,539,31,462,462.0
633,28,4,3,433,411,53,788,788.0
634,28,7,6,485,322,59,882,882.0
635,28,9,8,426,228,52,775,775.0
636,28,2,6,508,688,62,924,924.0
637,28,10,6,396,563,48,720,720.0
638,28,18,7,344,319,42,626,626.0
639,28,5,8,202,392,25,368,368.0
640,28,1,1,716,387,87,1302,1302.0
641,28,22,5,366,717,45,666,666.0
642,28,8,4,194,665,24,353,353.0
643,28,21,2,388,486,48,706,706.0
644,28,20,7,426,560,52,775,775.0
645,28,17,1,90,152,11,164,164.0
646,28,3,3,582,534,71,1059,1059.0
647,28,11,3,209,323,26,380,380.0
648,28,12,6,597,307,73,1086,1086.0
649,28,19,5,83,356,11,151,151.0
650,29,30,4,455,251,56,828,828.0
651,29,18,5,575,465,70,1046,1046.0
652,29,26,5,493,152,60,897,897.0
653,29,12,8,329,394,40,599,599.0
654,29,23,3,403,349,49,733,733.0
655,29,11,1,523,204,64,951,951.0
656,29,1,9,254,172,31,462,462.0
657,29,28,2,262,292,32,477,477.0
658,29,22,3,619,175,76,1126,1126.0
659,29,27,3,478,472,58,870,870.0
660,29,21,4,336,444,41,611,611.0
661,29,20,2,165,405,20,300,300.0
662,29,9,1,276,486,34,502,502.0
663,29,6,6,455,329,56,828,828.0
664,29,4,1,530,646,65,964,964.0
665,29,5,6,530,441,65,964,964.0
666,29,15,8,217,488,27,395,395.0
667,30,11,6,75,512,10,137,137.0
668,30,12,6,344,224,42,626,626.0
669,30,5,4,135,672,17,246,246.0
670,30,14,8,463,479,57,842,842.0
671,30,8,3,418,274,51,760,760.0
672,30,7,9,545,581,67,991,991.0
673,30,9,6,411,649,50,748,748.0
674,30,21,1,366,176,45,666,666.0
675,30,28,3,463,365,57,842,842.0
676,30,17,5,642,473,78,1168,1168.0
677,30,26,9,672,339,82,1222,1222.0
678,30,16,3,83,294,11,151,151.0
679,30,10,7,276,365,34,502,502.0
680,30,15,7,500,147,61,910,910.0
681,30,29,5,306,649,38,557,557.0
682,30,27,2,329,714,40,599,599.0
683,30,6,4,105,503,13,191,191.0
684,30,19,1,366,712,45,666,666.0
COMMODITIES,400
0,22,23,48,45,69,675,1041.0
1,9,15,28,52,100,772,1502.0
2,25,19,70,30,87,443,1313.0
3,1,16,51,65,110,974,1654.0
4,15,7,25,31,79,457,1194.0
5,26,3,52,44,73,649,1099.0
6,6,3,74,26,56,388,846.0
7,22,10,18,23,63,345,952.0
8,14,10,49,10,61,144,916.0
9,29,20,35,57,83,855,1252.0
10,1,4,63,45,70,672,1063.0
11,6,21,34,20,53,293,809.0
12,15,22,20,21,57,309,863.0
13,15,8,54,23,53,334,801.0
14,15,12,38,32,70,475,1055.0
15,27,9,54,15,41,219,617.0
16,28,9,22,32,78,476,1180.0
17,28,14,74,59,87,881,1305.0
18,12,15,22,50,81,746,1225.0
19,9,14,26,25,67,362,1009.0
20,20,13,24,33,79,486,1191.0
21,18,1,61,27,59,393,899.0
22,24,21,17,49,83,730,1245.0
23,23,13,46,14,71,204,1075.0
24,3,1,39,50,94,749,1411.0
25,3,28,59,52,75,779,1132.0
26,29,17,16,31,80,458,1201.0
27,22,21,62,4,41,57,626.0
28,12,25,44,32,63,471,946.0
29,20,8,25,35,74,517,1124.0
30,15,5,70,30,69,441,1047.0
31,5,19,52,33,65,491,975.0
32,1,28,15,44,86,652,1296.0
33,29,4,16,19,77,276,1168.0
34,24,18,44,43,91,641,1368.0
35,30,27,47,30,71,449,1073.0
36,15,17,43,32,57,470,857.0
37,7,10,59,32,69,478,1042.0
38,3,14,67,20,59,294,890.0
39,25,17,19,22,77,322,1155.0
40,30,23,27,34,83,508,1249.0
41,16,9,52,47,106,704,1593.0
42,22,18,61,31,97,455,1457.0
43,11,4,62,28,56,406,847.0
44,20,2,47,44,91,651,1365.0
45,30,29,41,26,69,386,1044.0
46,26,19,20,35,81,521,1225.0
47,7,13,59,27,80,402,1214.0
48,27,6,48,22,56,319,851.0
49,27,3,30,34,85,496,1281.0
50,10,7,47,21,62,303,941.0
51,23,17,64,42,91,626,1371.0
52,24,7,15,39,93,585,1400.0
53,10,15,48,38,80,565,1214.0
54,20,21,20,51,91,758,1371.0
55,22,5,19,48,101,706,1521.0
56,8,19,42,40,77,590,1159.0
57,15,28,30,25,58,368,882.0
58,5,1,33,35,85,525,1285.0
59,19,21,53,26,67,384,1007.0
60,17,19,68,39,85,576,1284.0
61,20,1,22,46,89,684,1335.0
62,15,29,22,43,66,639,1004.0
63,2,9,45,56,94,828,1413.0
64,29,15,44,33,65,494,984.0
65,26,23,47,34,97,508,1456.0
66,7,22,63,33,87,482,1311.0
67,25,11,29,32,74,480,1111.0
68,2,13,59,46,90,682,1352.0
69,21,26,17,36,93,531,1406.0
70,2,18,72,43,90,636,1361.0
71,18,8,45,37,90,548,1351.0
72,18,9,18,28,75,412,1128.0
73,14,20,61,34,79,510,1190.0
74,12,4,51,40,77,589,1166.0
75,1,8,41,40,82,591,1232.0
76,27,14,22,28,65,409,979.0
77,16,12,74,47,92,704,1394.0
78,9,7,41,27,71,393,1070.0
79,12,30,40,11,58,161,876.0
80,7,15,63,33,83,486,1252.0
81,8,4,39,41,69,615,1040.0
82,12,14,71,34,77,499,1167.0
83,29,21,29,56,104,831,1562.0
84,19,27,72,30,85,440,1279.0
85,17,28,15,28,73,411,1101.0
86,13,19,25,40,87,586,1318.0
87,21,8,45,13,68,193,1023.0
88,7,4,27,44,98,654,1470.0
89,3,10,52,46,79,677,1193.0
90,29,14,46,29,87,422,1318.0
91,12,17,45,32,62,477,944.0
92,21,5,69,21,67,310,1012.0
93,29,13,72,40,99,597,1488.0
94,17,24,21,43,91,639,1374.0
95,20,29,63,43,76,644,1153.0
96,16,26,40,29,83,431,1247.0
97,14,12,15,35,85,512,1287.0
98,16,19,24,39,68,578,1025.0
99,2,5,19,25,67,369,1013.0
100,6,11,46,32,68,474,1025.0
101,10,19,27,51,85,752,1278.0
102,16,30,39,47,95,705,1433.0
103,15,21,49,30,56,441,846.0
104,5,17,62,24,69,357,1040.0
105,18,25,20,41,67,613,1015.0
106,22,6,63,39,67,576,1012.0
107,5,22,53,20,58,289,873.0
108,3,9,48,39,81,577,1219.0
109,24,25,16,24,80,351,1208.0
110,14,6,48,61,100,913,1514.0
111,23,28,70,42,78,630,1174.0
112,26,15,50,34,73,501,1101.0
113,14,27,41,26,72,387,1089.0
114,8,3,35,32,70,466,1057.0
115,16,4,41,35,76,515,1143.0
116,12,6,66,37,71,553,1078.0
117,3,6,27,26,40,383,612.0
118,21,29,51,42,90,626,1355.0
119,6,20,44,34,77,504,1167.0
120,25,28,20,34,77,497,1160.0
121,1,13,18,35,84,515,1263.0
122,9,20,48,28,75,418,1138.0
123,11,5,69,30,80,438,1205.0
124,26,10,39,34,71,504,1066.0
125,2,15,46,35,57,516,857.0
126,27,22,25,42,84,619,1261.0
127,6,4,65,29,46,430,695.0
128,8,27,18,13,62,185,937.0
129,16,27,34,26,84,385,1263.0
130,22,24,20,36,74,536,1115.0
131,8,22,32,34,67,497,1012.0
132,7,5,45,23,72,332,1094.0
133,11,26,65,42,76,624,1154.0
134,7,12,56,42,71,619,1068.0
135,6,1,29,51,83,765,1254.0
136,17,2,49,25,74,372,1123.0
137,22,11,66,43,90,645,1363.0
138,12,5,45,12,46,176,699.0
139,14,28,57,42,80,626,1210.0
140,21,18,48,17,95,252,1436.0
141,28,15,60,36,87,533,1315.0
142,15,24,33,25,74,374,1115.0
143,7,17,57,46,87,678,1316.0
144,14,19,34,29,47,431,713.0
145,8,16,74,30,58,444,877.0
146,21,14,65,43,100,642,1509.0
147,27,2,57,38,76,569,1147.0
148,7,16,32,27,80,394,1213.0
149,20,6,50,38,70,567,1053.0
150,4,1,28,47,100,704,1512.0
151,3,25,29,48,84,706,1269.0
152,22,2,38,30,66,448,991.0
153,7,29,25,19,44,284,666.0
154,15,20,59,45,88,662,1321.0
155,4,9,25,33,60,488,902.0
156,20,28,57,37,70,544,1064.0
157,6,29,29,33,70,481,1063.0
158,15,23,27,26,77,376,1165.0
159,28,18,18,25,68,372,1022.0
160,23,22,37,41,84,609,1269.0
161,7,30,40,60,114,900,1716.0
162,26,25,40,27,74,400,1124.0
163,29,27,70,47,100,701,1506.0
164,14,3,52,44,72,650,1080.0
165,17,9,52,33,67,488,1018.0
166,15,2,23,42,97,616,1461.0
167,29,30,45,35,75,518,1127.0
168,4,24,55,28,67,411,1018.0
169,25,3,73,33,92,491,1380.0
170,27,5,48,49,93,724,1396.0
171,11,8,69,22,37,325,563.0
172,14,11,42,41,77,608,1165.0
173,20,26,19,32,76,472,1150.0
174,30,4,32,29,59,425,889.0
175,13,5,22,12,55,173,826.0
176,17,6,71,35,72,511,1086.0
177,2,19,74,39,60,579,901.0
178,1,11,55,54,100,809,1503.0
179,16,5,74,26,74,385,1116.0
180,1,30,47,18,56,265,846.0
181,21,3,53,18,81,257,1222.0
182,11,30,36,30,66,439,994.0
183,7,20,66,35,80,518,1206.0
184,3,8,65,29,68,432,1032.0
185,8,21,67,18,60,270,902.0
186,9,26,52,24,68,357,1024.0
187,18,5,60,46,103,683,1546.0
188,16,21,25,9,59,129,895.0
189,19,7,66,25,84,368,1268.0
190,29,23,56,32,87,479,1311.0
191,5,8,57,45,97,667,1460.0
192,27,18,54,34,88,504,1326.0
193,26,30,31,40,91,596,1370.0
194,14,29,23,46,83,677,1258.0
195,25,2,49,36,97,539,1457.0
196,19,13,61,27,75,402,1129.0
197,10,23,53,44,98,656,1474.0
198,9,17,44,46,77,676,1168.0
199,6,2,45,34,73,498,1096.0
200,27,19,25,58,88,868,1326.0
201,28,20,54,45,92,666,1390.0
202,11,7,17,37,78,548,1170.0
203,10,6,36,41,81,612,1221.0
204,11,28,62,43,74,631,1124.0
205,6,17,22,51,89,753,1348.0
206,8,11,55,30,64,446,967.0
207,27,12,70,38,81,570,1225.0
208,13,4,60,33,49,482,742.0
209,22,8,62,53,107,789,1610.0
210,1,3,47,19,56,276,851.0
211,6,22,17,24,46,353,699.0
212,11,16,23,21,53,313,798.0
213,30,28,60,8,38,117,582.0
214,7,9,16,34,75,498,1139.0
215,15,30,28,41,85,615,1288.0
216,14,15,19,41,81,605,1216.0
217,6,27,73,30,78,445,1171.0
218,15,3,17,40,57,586,858.0
219,9,2,15,35,90,525,1355.0
220,14,24,19,30,79,439,1198.0
221,6,5,50,34,78,509,1179.0
222,3,21,53,38,74,559,1121.0
223,23,10,16,25,63,374,946.0
224,17,3,72,40,68,598,1030.0
225,12,26,66,17,45,255,684.0
226,12,11,68,37,71,551,1071.0
227,15,16,32,43,80,642,1206.0
228,6,14,44,25,65,366,977.0
229,27,25,37,43,88,643,1324.0
230,10,9,65,31,83,462,1251.0
231,2,24,18,26,75,379,1135.0
232,23,3,62,28,88,410,1326.0
233,2,28,49,36,68,535,1031.0
234,26,24,63,40,65,598,989.0
235,29,1,31,41,76,602,1153.0
236,18,12,59,33,94,489,1415.0
237,5,21,56,30,56,449,845.0
238,28,7,38,26,70,377,1055.0
239,6,12,34,26,41,389,629.0
240,5,13,59,21,40,307,605.0
241,5,11,43,42,88,626,1328.0
242,27,23,42,12,64,180,974.0
243,17,4,37,58,73,868,1102.0
244,20,27,29,46,88,684,1322.0
245,4,11,23,30,58,442,872.0
246,11,13,43,35,84,524,1274.0
247,13,26,47,35,69,519,1044.0
248,24,28,20,35,68,518,1031.0
249,9,3,49,49,84,723,1261.0
250,8,15,18,49,95,732,1438.0
251,20,5,71,18,53,259,809.0
252,5,14,60,28,45,419,675.0
253,5,10,52,29,47,433,718.0
254,22,25,37,28,79,415,1193.0
255,7,27,50,36,82,537,1241.0
256,27,11,72,53,71,788,1069.0
257,9,6,57,26,66,378,997.0
258,7,3,17,18,61,267,929.0
259,17,10,29,49,101,726,1516.0
260,14,1,38,32,83,466,1254.0
261,15,6,20,52,80,767,1209.0
262,18,26,63,22,67,329,1009.0
263,4,13,36,36,69,539,1044.0
264,23,6,67,19,66,280,996.0
265,10,21,39,23,62,345,936.0
266,8,5,71,30,73,449,1100.0
267,21,13,64,30,87,436,1314.0
268,7,1,62,47,93,695,1400.0
269,19,12,30,48,95,715,1433.0
270,1,21,57,39,61,581,928.0
271,16,11,54,20,65,287,988.0
272,25,30,38,29,62,426,939.0
273,7,23,24,38,69,566,1048.0
274,20,30,62,25,43,373,651.0
275,9,13,71,26,63,381,954.0
276,13,23,53,52,100,780,1509.0
277,10,3,56,17,66,252,997.0
278,23,19,34,36,82,536,1237.0
279,9,10,50,50,103,746,1548.0
280,13,3,19,24,55,349,829.0
281,25,23,46,21,60,313,902.0
282,11,22,68,17,53,251,804.0
283,17,14,30,55,106,823,1596.0
284,3,30,31,31,65,462,984.0
285,13,9,67,31,68,457,1022.0
286,12,2,31,53,106,793,1601.0
287,22,29,44,40,82,586,1243.0
288,22,30,19,25,62,369,938.0
289,12,21,38,43,83,631,1258.0
290,15,25,46,24,64,355,960.0
291,16,17,15,35,66,517,996.0
292,2,6,49,22,66,330,992.0
293,29,28,42,24,64,352,964.0
294,28,24,50,16,76,239,1140.0
295,11,19,52,34,75,502,1125.0
296,5,3,44,24,60,346,911.0
297,2,26,21,17,51,248,771.0
298,30,9,58,35,63,512,950.0
299,5,20,17,39,62,574,938.0
300,26,21,35,30,83,444,1251.0
301,13,12,29,57,92,853,1387.0
302,9,5,55,31,76,456,1144.0
303,24,14,25,30,53,448,797.0
304,22,9,29,48,86,718,1302.0
305,16,22,71,1,44,13,669.0
306,2,7,56,39,77,580,1156.0
307,11,1,23,54,86,807,1300.0
308,14,9,28,27,63,396,948.0
309,26,12,36,44,90,651,1351.0
310,29,6,32,20,70,296,1064.0
311,10,25,29,22,69,330,1038.0
312,4,14,47,36,80,538,1209.0
313,5,15,60,47,77,693,1167.0
314,4,6,48,38,67,556,1011.0
315,13,25,47,40,63,589,945.0
316,5,26,37,52,96,768,1450.0
317,18,15,22,48,84,711,1266.0
318,22,3,28,21,63,311,946.0
319,26,17,24,27,61,401,929.0
320,28,10,56,41,81,607,1224.0
321,10,22,64,41,89,613,1347.0
322,6,23,37,32,72,476,1084.0
323,14,13,72,48,90,720,1360.0
324,15,13,39,43,74,639,1112.0
325,26,18,17,38,92,556,1392.0
326,21,20,37,34,98,509,1477.0
327,30,5,69,25,49,362,737.0
328,21,30,30,39,104,585,1572.0
329,28,5,68,46,78,676,1173.0
330,26,16,65,43,91,640,1367.0
331,10,30,25,29,56,421,843.0
332,8,23,66,23,73,337,1105.0
333,4,18,49,5,70,66,1050.0
334,20,16,56,33,60,482,908.0
335,16,2,17,23,80,333,1204.0
336,13,16,36,51,84,764,1273.0
337,27,20,24,41,76,610,1149.0
338,23,8,39,34,74,501,1120.0
339,4,19,62,10,54,136,822.0
340,18,20,26,44,82,655,1236.0
341,25,26,72,35,81,519,1221.0
342,9,27,65,38,59,564,891.0
343,12,8,52,30,71,447,1066.0
344,8,28,52,40,83,588,1257.0
345,17,7,36,27,59,401,896.0
346,24,22,27,24,81,350,1225.0
347,16,25,48,31,101,452,1521.0
348,8,14,63,33,79,489,1186.0
349,28,19,18,45,62,669,931.0
350,22,27,26,38,78,558,1178.0
351,7,18,31,32,96,480,1453.0
352,24,5,73,29,57,433,869.0
353,4,26,16,38,62,566,940.0
354,30,7,68,41,84,607,1273.0
355,3,19,44,38,67,557,1018.0
356,23,29,34,12,48,174,724.0
357,11,18,43,40,109,597,1647.0
358,25,7,32,32,85,478,1285.0
359,16,13,23,35,90,525,1350.0
360,27,1,28,46,90,682,1352.0
361,28,1,42,55,96,819,1450.0
362,20,17,18,3,47,37,707.0
363,20,4,41,36,80,537,1213.0
364,5,27,20,37,88,550,1325.0
365,16,6,43,33,72,485,1084.0
366,5,28,20,27,61,399,927.0
367,18,28,59,22,63,316,952.0
368,29,3,26,49,93,724,1402.0
369,14,17,42,40,88,587,1323.0
370,10,17,57,38,75,565,1136.0
371,19,20,39,23,75,333,1137.0
372,18,30,45,20,57,286,860.0
373,15,19,69,23,67,331,1007.0
374,16,7,27,28,63,414,953.0
375,11,27,55,44,73,655,1105.0
376,15,11,60,37,74,553,1124.0
377,7,2,23,41,104,613,1560.0
378,24,11,35,52,103,771,1553.0
379,11,25,18,42,76,618,1145.0
380,27,8,72,31,58,453,882.0
381,17,21,65,23,65,336,986.0
382,19,1,15,53,95,787,1438.0
383,26,27,41,44,91,649,1370.0
384,9,23,28,37,92,542,1387.0
385,5,24,74,52,97,776,1458.0
386,22,20,47,39,87,583,1305.0
387,11,20,53,34,81,503,1218.0
388,7,21,15,38,82,569,1239.0
389,27,29,73,48,68,711,1020.0
390,18,27,36,39,68,581,1028.0
391,3,7,24,22,65,316,978.0
392,29,8,19,36,92,540,1390.0
393,27,16,71,31,68,454,1033.0
394,5,23,43,17,55,244,833.0
395,13,29,35,32,69,477,1045.0
396,10,16,47,17,55,246,839.0
397,9,28,31,22,41,320,615.0
398,2,20,60,50,77,744,1167.0
399,20,10,59,21,58,302,879.0
horizon=114
