NODES,30
1,1,-,-
2,2,-,-
3,3,-,-
4,4,-,-
5,5,-,-
6,6,-,-
7,7,-,-
8,8,-,-
9,9,-,-
10,10,-,-
11,11,-,-
12,12,-,-
13,13,-,-
14,14,-,-
15,15,-,-
16,16,-,-
17,17,-,-
18,18,-,-
19,19,-,-
20,20,-,-
21,21,-,-
22,22,-,-
23,23,-,-
24,24,-,-
25,25,-,-
26,26,-,-
27,27,-,-
28,28,-,-
29,29,-,-
30,30,-,-
ARCS,685
0,1,18,5,418,214,51,760,760.0
1,1,16,5,485,623,59,882,882.0
2,1,28,1,515,431,63,937,937.0
3,1,12,5,351,555,43,639,639.0
4,1,7,7,358,578,44,651,651.0
5,1,29,4,209,450,26,380,380.0
6,1,30,8,478,299,58,870,870.0
7,1,21,2,150,244,19,273,273.0
8,1,20,3,299,417,37,544,544.0
9,1,5,1,344,160,42,626,626.0
10,1,24,1,299,539,37,544,544.0
11,1,9,9,179,297,22,326,326.0
12,1,4,6,157,163,20,286,286.0
13,1,6,7,552,532,67,1004,1004.0
14,1,23,2,440,584,54,800,800.0
15,1,2,7,150,701,19,273,273.0
16,1,8,7,344,720,42,626,626.0
17,1,27,1,440,691,54,800,800.0
18,1,26,2,105,318,13,191,191.0
19,2,19,4,120,528,15,219,219.0
20,2,1,2,120,521,15,219,219.0
21,2,27,9,97,155,12,177,177.0
22,2,7,3,739,705,90,1344,1344.0
23,2,28,2,224,277,28,408,408.0
24,2,11,9,254,646,31,462,462.0
25,2,9,8,537,483,66,977,977.0
26,2,20,6,165,652,20,300,300.0
27,2,21,8,381,483,47,693,693.0
28,2,8,6,344,261,42,626,626.0
29,2,16,4,455,361,56,828,828.0
30,2,4,4,97,661,12,177,177.0
31,2,14,8,314,194,39,571,571.0
32,2,22,2,426,532,52,775,775.0
33,2,15,6,142,692,18,259,259.0
34,2,5,5,739,684,90,1344,1344.0
35,2,25,4,112,452,14,204,204.0
36,2,17,3,187,682,23,340,340.0
37,2,24,7,433,489,53,788,788.0
38,2,26,2,724,637,88,1317,1317.0
39,2,6,2,314,528,39,571,571.0
40,3,16,7,619,519,76,1126,1126.0
41,3,10,6,224,635,28,408,408.0
42,3,9,4,388,538,48,706,706.0
43,3,29,6,448,287,55,815,815.0
44,3,12,2,388,469,48,706,706.0
45,3,11,7,165,280,20,300,300.0
46,3,18,7,440,404,54,800,800.0
47,3,4,3,679,191,83,1235,1235.0
48,3,27,3,560,659,68,1019,1019.0
49,3,21,5,545,573,67,991,991.0
50,3,14,2,597,578,73,1086,1086.0
51,3,25,1,411,705,50,748,748.0
52,3,8,9,351,162,43,639,639.0
53,3,24,2,224,668,28,408,408.0
54,3,19,8,634,537,77,1153,1153.0
55,3,17,4,351,496,43,639,639.0
56,3,1,3,321,665,39,584,584.0
57,3,7,6,716,182,87,1302,1302.0
58,3,28,2,127,284,16,231,231.0
59,3,6,9,75,539,10,137,137.0
60,3,15,2,90,645,11,164,164.0
61,3,5,4,187,297,23,340,340.0
62,3,2,6,709,237,86,1290,1290.0
63,3,26,3,448,287,55,815,815.0
64,3,13,2,105,315,13,191,191.0
65,3,23,7,463,678,57,842,842.0
66,3,30,2,619,472,76,1126,1126.0
67,3,22,5,455,365,56,828,828.0
68,4,29,2,187,600,23,340,340.0
69,4,13,2,314,463,39,571,571.0
70,4,27,2,358,421,44,651,651.0
71,4,2,2,612,280,75,1113,1113.0
72,4,14,1,552,467,67,1004,1004.0
73,4,15,1,276,279,34,502,502.0
74,4,1,8,642,614,78,1168,1168.0
75,4,12,8,262,182,32,477,477.0
76,4,16,2,590,715,72,1073,1073.0
77,4,19,3,724,343,88,1317,1317.0
78,4,24,1,262,509,32,477,477.0
79,4,28,2,396,179,48,720,720.0
80,4,20,7,232,479,29,422,422.0
81,4,25,1,426,591,52,775,775.0
82,4,11,6,523,208,64,951,951.0
83,4,3,6,105,338,13,191,191.0
84,4,7,6,150,447,19,273,273.0
85,4,8,8,597,645,73,1086,1086.0
86,4,5,8,314,704,39,571,571.0
87,4,26,4,157,313,20,286,286.0
88,4,18,7,612,457,75,1113,1113.0
89,4,23,3,590,640,72,1073,1073.0
90,4,30,8,75,509,10,137,137.0
91,4,22,4,344,717,42,626,626.0
92,4,9,8,150,576,19,273,273.0
93,4,17,4,590,534,72,1073,1073.0
94,5,21,5,329,601,40,599,599.0
95,5,8,4,664,349,81,1208,1208.0
96,5,24,1,358,596,44,651,651.0
97,5,14,5,75,332,10,137,137.0
98,5,15,1,179,359,22,326,326.0
99,5,3,6,649,332,79,1180,1180.0
100,5,1,6,344,576,42,626,626.0
101,5,25,2,455,300,56,828,828.0
102,5,20,9,127,459,16,231,231.0
103,5,30,3,373,550,46,679,679.0
104,5,16,4,619,320,76,1126,1126.0
105,5,7,4,165,407,20,300,300.0
106,5,22,2,657,577,80,1195,1195.0
107,5,6,4,649,678,79,1180,1180.0
108,5,18,9,262,355,32,477,477.0
109,5,2,4,500,240,61,910,910.0
110,5,10,8,75,524,10,137,137.0
111,5,9,6,612,332,75,1113,1113.0
112,5,13,3,83,478,11,151,151.0
113,5,17,2,388,560,48,706,706.0
114,5,23,4,403,351,49,733,733.0
115,5,26,4,627,208,76,1140,1140.0
116,6,12,9,83,418,11,151,151.0
117,6,9,2,731,341,89,1330,1330.0
118,6,3,6,403,601,49,733,733.0
119,6,18,8,657,315,80,1195,1195.0
120,6,1,3,291,578,36,530,530.0
121,6,21,2,217,447,27,395,395.0
122,6,8,1,440,459,54,800,800.0
123,6,15,8,381,610,47,693,693.0
124,6,28,8,597,290,73,1086,1086.0
125,6,27,9,426,372,52,775,775.0
126,6,4,5,75,632,10,137,137.0
127,6,19,7,336,184,41,611,611.0
128,6,13,2,440,283,54,800,800.0
129,6,16,2,83,708,11,151,151.0
130,6,10,8,388,263,48,706,706.0
131,6,30,2,731,717,89,1330,1330.0
132,6,11,2,694,149,85,1262,1262.0
133,6,5,9,694,348,85,1262,1262.0
134,6,29,7,440,610,54,800,800.0
135,6,22,9,120,508,15,219,219.0
136,6,2,9,276,571,34,502,502.0
137,6,17,8,739,443,90,1344,1344.0
138,6,25,5,269,312,33,490,490.0
139,6,14,7,284,163,35,517,517.0
140,6,7,1,314,286,39,571,571.0
141,6,26,5,120,698,15,219,219.0
142,7,16,7,672,539,82,1222,1222.0
143,7,22,6,381,251,47,693,693.0
144,7,14,6,716,478,87,1302,1302.0
145,7,11,2,634,312,77,1153,1153.0
146,7,30,2,373,394,46,679,679.0
147,7,24,5,157,306,20,286,286.0
148,7,17,2,291,495,36,530,530.0
149,7,1,7,634,331,77,1153,1153.0
150,7,21,3,426,274,52,775,775.0
151,7,4,8,634,378,77,1153,1153.0
152,7,29,3,142,620,18,259,259.0
153,7,15,5,552,175,67,1004,1004.0
154,7,2,8,470,345,57,855,855.0
155,7,25,8,344,490,42,626,626.0
156,7,9,5,291,542,36,530,530.0
157,7,8,8,209,616,26,380,380.0
158,7,23,7,194,274,24,353,353.0
159,7,19,8,373,309,46,679,679.0
160,7,28,3,657,653,80,1195,1195.0
161,7,6,2,426,580,52,775,775.0
162,7,12,1,165,705,20,300,300.0
163,7,13,8,381,147,47,693,693.0
164,8,22,3,634,460,77,1153,1153.0
165,8,1,3,135,441,17,246,246.0
166,8,28,6,344,503,42,626,626.0
167,8,21,7,485,368,59,882,882.0
168,8,12,6,142,362,18,259,259.0
169,8,4,1,560,184,68,1019,1019.0
170,8,15,1,321,407,39,584,584.0
171,8,10,1,388,184,48,706,706.0
172,8,5,6,590,421,72,1073,1073.0
173,8,2,6,239,394,29,435,435.0
174,8,16,6,179,147,22,326,326.0
175,8,19,6,731,315,89,1330,1330.0
176,8,7,6,262,310,32,477,477.0
177,8,3,4,679,153,83,1235,1235.0
178,8,14,6,314,362,39,571,571.0
179,8,13,5,590,639,72,1073,1073.0
180,8,6,1,97,692,12,177,177.0
181,8,26,1,329,423,40,599,599.0
182,8,11,2,209,284,26,380,380.0
183,8,23,2,716,267,87,1302,1302.0
184,8,30,7,165,293,20,300,300.0
185,8,29,4,731,431,89,1330,1330.0
186,9,2,9,470,594,57,855,855.0
187,9,4,5,157,351,20,286,286.0
188,9,25,3,545,581,67,991,991.0
189,9,23,6,508,707,62,924,924.0
190,9,15,8,344,454,42,626,626.0
191,9,12,7,545,256,67,991,991.0
192,9,8,4,530,263,65,964,964.0
193,9,16,1,590,454,72,1073,1073.0
194,9,24,3,276,501,34,502,502.0
195,9,22,1,358,380,44,651,651.0
196,9,14,7,634,146,77,1153,1153.0
197,9,29,8,440,225,54,800,800.0
198,9,17,9,605,221,74,1100,1100.0
199,9,27,1,97,147,12,177,177.0
200,9,19,8,478,655,58,870,870.0
201,9,21,7,239,479,29,435,435.0
202,9,1,2,224,493,28,408,408.0
203,9,13,8,239,480,29,435,435.0
204,9,10,3,537,460,66,977,977.0
205,9,28,3,105,441,13,191,191.0
206,9,20,5,560,299,68,1019,1019.0
207,9,11,7,560,341,68,1019,1019.0
208,9,3,2,232,274,29,422,422.0
209,10,22,1,358,207,44,651,651.0
210,10,30,3,187,359,23,340,340.0
211,10,28,8,142,316,18,259,259.0
212,10,19,5,403,377,49,733,733.0
213,10,18,9,276,502,34,502,502.0
214,10,12,4,552,309,67,1004,1004.0
215,10,4,6,262,681,32,477,477.0
216,10,13,6,179,248,22,326,326.0
217,10,17,3,358,296,44,651,651.0
218,10,15,8,537,678,66,977,977.0
219,10,5,9,112,645,14,204,204.0
220,10,9,3,627,459,76,1140,1140.0
221,10,8,2,649,675,79,1180,1180.0
222,10,26,5,440,247,54,800,800.0
223,10,16,2,455,385,56,828,828.0
224,10,1,7,448,424,55,815,815.0
225,10,27,1,537,705,66,977,977.0
226,10,14,9,373,712,46,679,679.0
227,11,28,6,426,173,52,775,775.0
228,11,24,4,739,368,90,1344,1344.0
229,11,29,7,597,429,73,1086,1086.0
230,11,25,6,224,459,28,408,408.0
231,11,21,8,75,476,10,137,137.0
232,11,18,2,508,539,62,924,924.0
233,11,14,1,739,195,90,1344,1344.0
234,11,8,7,75,349,10,137,137.0
235,11,22,2,351,492,43,639,639.0
236,11,3,9,619,172,76,1126,1126.0
237,11,10,8,388,668,48,706,706.0
238,11,4,2,157,607,20,286,286.0
239,11,9,6,105,666,13,191,191.0
240,11,13,5,716,368,87,1302,1302.0
241,11,20,5,403,194,49,733,733.0
242,11,12,7,537,576,66,977,977.0
243,11,5,6,523,626,64,951,951.0
244,11,15,7,358,538,44,651,651.0
245,11,23,4,262,518,32,477,477.0
246,11,7,9,470,421,57,855,855.0
247,11,17,5,642,695,78,1168,1168.0
248,11,26,6,224,325,28,408,408.0
249,11,1,3,455,459,56,828,828.0
250,11,6,2,120,583,15,219,219.0
251,11,2,9,165,616,20,300,300.0
252,11,16,9,373,218,46,679,679.0
253,11,30,6,381,443,47,693,693.0
254,12,8,5,426,531,52,775,775.0
255,12,15,2,194,185,24,353,353.0
256,12,28,5,530,622,65,964,964.0
257,12,29,2,358,323,44,651,651.0
258,12,21,2,657,678,80,1195,1195.0
259,12,17,7,179,485,22,326,326.0
260,12,23,5,276,620,34,502,502.0
261,12,3,4,135,593,17,246,246.0
262,12,9,3,254,155,31,462,462.0
263,12,4,9,403,666,49,733,733.0
264,12,2,2,433,626,53,788,788.0
265,12,26,5,165,612,20,300,300.0
266,12,18,8,537,612,66,977,977.0
267,12,1,9,448,247,55,815,815.0
268,12,16,7,291,188,36,530,530.0
269,12,14,7,411,290,50,748,748.0
270,12,24,2,194,225,24,353,353.0
271,12,5,7,224,712,28,408,408.0
272,12,7,5,165,545,20,300,300.0
273,12,27,2,314,418,39,571,571.0
274,12,30,6,679,237,83,1235,1235.0
275,12,6,2,358,273,44,651,651.0
276,12,11,7,209,400,26,380,380.0
277,12,25,5,194,635,24,353,353.0
278,12,22,2,351,565,43,639,639.0
279,12,10,2,433,354,53,788,788.0
280,12,19,8,105,310,13,191,191.0
281,12,20,2,381,649,47,693,693.0
282,12,13,2,590,257,72,1073,1073.0
283,13,12,1,284,398,35,517,517.0
284,13,24,1,209,567,26,380,380.0
285,13,16,8,448,478,55,815,815.0
286,13,18,6,500,463,61,910,910.0
287,13,14,8,485,496,59,882,882.0
288,13,23,3,702,211,86,1277,1277.0
289,13,6,2,142,185,18,259,259.0
290,13,22,6,179,424,22,326,326.0
291,13,28,6,694,450,85,1262,1262.0
292,13,20,5,90,625,11,164,164.0
293,13,4,9,75,440,10,137,137.0
294,13,8,8,500,578,61,910,910.0
295,13,10,7,567,293,69,1031,1031.0
296,13,2,7,433,485,53,788,788.0
297,13,27,1,269,410,33,490,490.0
298,13,15,6,388,146,48,706,706.0
299,13,11,7,575,221,70,1046,1046.0
300,13,1,2,493,495,60,897,897.0
301,13,3,7,463,552,57,842,842.0
302,13,25,8,135,217,17,246,246.0
303,13,29,6,262,356,32,477,477.0
304,13,9,2,440,211,54,800,800.0
305,13,26,7,478,699,58,870,870.0
306,13,7,2,724,391,88,1317,1317.0
307,13,19,7,702,348,86,1277,1277.0
308,13,5,5,575,374,70,1046,1046.0
309,13,30,7,411,456,50,748,748.0
310,13,17,4,657,182,80,1195,1195.0
311,14,29,7,336,675,41,611,611.0
312,14,30,7,485,273,59,882,882.0
313,14,11,2,291,626,36,530,530.0
314,14,6,8,284,452,35,517,517.0
315,14,9,8,284,234,35,517,517.0
316,14,16,3,150,457,19,273,273.0
317,14,3,5,284,512,35,517,517.0
318,14,19,7,105,160,13,191,191.0
319,14,25,3,284,290,35,517,517.0
320,14,22,6,716,488,87,1302,1302.0
321,14,20,5,440,512,54,800,800.0
322,14,15,7,299,300,37,544,544.0
323,14,8,6,642,535,78,1168,1168.0
324,14,26,5,724,355,88,1317,1317.0
325,14,2,2,426,254,52,775,775.0
326,14,27,8,485,617,59,882,882.0
327,14,7,9,664,426,81,1208,1208.0
328,14,28,9,329,545,40,599,599.0
329,14,17,2,537,182,66,977,977.0
330,14,5,5,366,490,45,666,666.0
331,14,18,5,202,270,25,368,368.0
332,14,10,9,448,335,55,815,815.0
333,14,4,6,75,258,10,137,137.0
334,14,1,7,642,186,78,1168,1168.0
335,14,23,3,187,488,23,340,340.0
336,14,21,2,75,594,10,137,137.0
337,14,24,9,426,264,52,775,775.0
338,15,25,4,269,283,33,490,490.0
339,15,27,9,217,303,27,395,395.0
340,15,13,1,672,405,82,1222,1222.0
341,15,11,1,716,629,87,1302,1302.0
342,15,26,8,634,377,77,1153,1153.0
343,15,3,9,90,505,11,164,164.0
344,15,24,2,388,267,48,706,706.0
345,15,29,9,112,561,14,204,204.0
346,15,19,1,694,447,85,1262,1262.0
347,15,12,9,634,411,77,1153,1153.0
348,15,18,6,299,398,37,544,544.0
349,15,8,6,209,212,26,380,380.0
350,15,14,4,329,460,40,599,599.0
351,15,21,5,142,333,18,259,259.0
352,15,7,7,433,332,53,788,788.0
353,15,2,1,560,196,68,1019,1019.0
354,15,16,4,247,329,30,450,450.0
355,15,4,3,254,708,31,462,462.0
356,15,22,5,314,457,39,571,571.0
357,15,17,5,142,714,18,259,259.0
358,15,20,6,672,476,82,1222,1222.0
359,15,9,2,232,653,29,422,422.0
360,15,28,2,388,571,48,706,706.0
361,15,6,7,396,669,48,720,720.0
362,15,23,4,709,443,86,1290,1290.0
363,15,5,7,537,441,66,977,977.0
364,15,1,5,351,574,43,639,639.0
365,16,24,8,687,548,84,1250,1250.0
366,16,25,5,605,248,74,1100,1100.0
367,16,27,7,411,273,50,748,748.0
368,16,23,5,418,580,51,760,760.0
369,16,1,1,590,686,72,1073,1073.0
370,16,30,6,344,479,42,626,626.0
371,16,2,6,455,472,56,828,828.0
372,16,28,8,105,201,13,191,191.0
373,16,9,9,634,591,77,1153,1153.0
374,16,21,7,463,224,57,842,842.0
375,16,3,9,358,326,44,651,651.0
376,16,14,1,545,338,67,991,991.0
377,16,10,6,515,162,63,937,937.0
378,16,7,6,239,168,29,435,435.0
379,16,18,9,687,457,84,1250,1250.0
380,16,12,2,344,541,42,626,626.0
381,16,8,7,172,361,21,313,313.0
382,16,22,9,433,384,53,788,788.0
383,16,29,5,344,614,42,626,626.0
384,16,20,7,709,609,86,1290,1290.0
385,16,6,8,366,312,45,666,666.0
386,17,19,3,314,636,39,571,571.0
387,17,30,5,455,614,56,828,828.0
388,17,13,8,381,155,47,693,693.0
389,17,11,9,351,228,43,639,639.0
390,17,22,5,97,486,12,177,177.0
391,17,1,2,448,410,55,815,815.0
392,17,23,2,224,476,28,408,408.0
393,17,4,9,75,372,10,137,137.0
394,17,27,4,627,443,76,1140,1140.0
395,17,9,8,545,522,67,991,991.0
396,17,5,1,276,646,34,502,502.0
397,17,26,6,440,508,54,800,800.0
398,17,10,8,470,503,57,855,855.0
399,17,29,6,418,568,51,760,760.0
400,17,20,6,291,331,36,530,530.0
401,17,14,3,418,199,51,760,760.0
402,17,7,9,217,341,27,395,395.0
403,17,25,2,664,152,81,1208,1208.0
404,17,16,2,597,392,73,1086,1086.0
405,17,21,6,426,544,52,775,775.0
406,17,15,4,508,188,62,924,924.0
407,18,24,9,351,604,43,639,639.0
408,18,21,3,329,248,40,599,599.0
409,18,11,2,291,194,36,530,530.0
410,18,12,6,530,184,65,964,964.0
411,18,22,4,411,616,50,748,748.0
412,18,30,8,545,401,67,991,991.0
413,18,17,2,291,479,36,530,530.0
414,18,16,1,426,251,52,775,775.0
415,18,1,1,552,191,67,1004,1004.0
416,18,9,8,716,688,87,1302,1302.0
417,18,14,5,120,528,15,219,219.0
418,18,5,4,702,299,86,1277,1277.0
419,18,7,6,306,149,38,557,557.0
420,18,8,6,463,658,57,842,842.0
421,18,29,2,530,514,65,964,964.0
422,18,28,2,373,260,46,679,679.0
423,18,15,3,590,329,72,1073,1073.0
424,18,10,6,523,235,64,951,951.0
425,18,13,4,463,622,57,842,842.0
426,18,25,7,157,472,20,286,286.0
427,18,23,8,202,333,25,368,368.0
428,18,20,6,321,375,39,584,584.0
429,18,2,1,90,258,11,164,164.0
430,18,27,1,463,646,57,842,842.0
431,18,3,5,478,411,58,870,870.0
432,19,18,3,202,165,25,368,368.0
433,19,29,2,247,609,30,450,450.0
434,19,23,4,284,395,35,517,517.0
435,19,4,7,336,479,41,611,611.0
436,19,5,6,239,436,29,435,435.0
437,19,21,6,269,485,33,490,490.0
438,19,9,6,657,365,80,1195,1195.0
439,19,25,8,440,532,54,800,800.0
440,19,11,3,269,215,33,490,490.0
441,19,24,4,448,369,55,815,815.0
442,19,17,3,440,622,54,800,800.0
443,19,20,4,455,276,56,828,828.0
444,19,7,3,672,718,82,1222,1222.0
445,19,8,9,179,434,22,326,326.0
446,19,27,8,649,509,79,1180,1180.0
447,20,30,4,97,509,12,177,177.0
448,20,22,8,373,260,46,679,679.0
449,20,2,4,582,276,71,1059,1059.0
450,20,16,4,224,369,28,408,408.0
451,20,13,7,433,202,53,788,788.0
452,20,15,1,597,552,73,1086,1086.0
453,20,29,1,209,718,26,380,380.0
454,20,10,6,232,385,29,422,422.0
455,20,21,6,657,508,80,1195,1195.0
456,20,14,4,634,674,77,1153,1153.0
457,20,17,1,649,675,79,1180,1180.0
458,20,24,1,276,614,34,502,502.0
459,20,11,6,672,240,82,1222,1222.0
460,20,8,1,515,257,63,937,937.0
461,20,12,7,396,563,48,720,720.0
462,20,1,1,321,430,39,584,584.0
463,20,28,8,217,509,27,395,395.0
464,20,25,8,679,475,83,1235,1235.0
465,20,19,1,314,362,39,571,571.0
466,20,5,9,426,184,52,775,775.0
467,20,23,2,291,254,36,530,530.0
468,20,9,2,194,646,24,353,353.0
469,20,26,4,299,328,37,544,544.0
470,20,6,2,687,221,84,1250,1250.0
471,20,18,3,381,702,47,693,693.0
472,20,3,2,739,447,90,1344,1344.0
473,21,6,7,545,632,67,991,991.0
474,21,24,7,411,359,50,748,748.0
475,21,25,9,575,519,70,1046,1046.0
476,21,1,7,515,666,63,937,937.0
477,21,3,2,493,583,60,897,897.0
478,21,5,1,329,705,40,599,599.0
479,21,7,5,179,388,22,326,326.0
480,21,28,1,575,320,70,1046,1046.0
481,21,20,1,515,561,63,937,937.0
482,21,4,1,694,702,85,1262,1262.0
483,21,27,7,478,563,58,870,870.0
484,21,18,1,657,414,80,1195,1195.0
485,21,8,2,403,431,49,733,733.0
486,21,19,2,515,430,63,937,937.0
487,21,2,5,463,283,57,842,842.0
488,21,12,3,508,196,62,924,924.0
489,21,16,8,612,198,75,1113,1113.0
490,21,11,1,403,535,49,733,733.0
491,21,10,6,344,466,42,626,626.0
492,21,17,3,716,315,87,1302,1302.0
493,21,15,7,679,483,83,1235,1235.0
494,21,9,7,254,580,31,462,462.0
495,21,13,3,500,172,61,910,910.0
496,21,22,6,209,338,26,380,380.0
497,22,2,9,403,613,49,733,733.0
498,22,3,4,269,336,33,490,490.0
499,22,24,3,239,290,29,435,435.0
500,22,21,3,269,674,33,490,490.0
501,22,6,7,194,555,24,353,353.0
502,22,5,2,619,247,76,1126,1126.0
503,22,10,5,269,247,33,490,490.0
504,22,11,4,433,225,53,788,788.0
505,22,13,5,239,505,29,435,435.0
506,22,29,6,702,287,86,1277,1277.0
507,22,1,3,90,475,11,164,164.0
508,22,18,3,478,408,58,870,870.0
509,22,7,7,679,672,83,1235,1235.0
510,22,27,2,358,555,44,651,651.0
511,22,28,7,269,313,33,490,490.0
512,22,26,4,478,630,58,870,870.0
513,22,23,5,142,323,18,259,259.0
514,22,4,8,187,339,23,340,340.0
515,22,9,7,306,258,38,557,557.0
516,23,30,8,224,384,28,408,408.0
517,23,5,1,664,418,81,1208,1208.0
518,23,9,5,657,173,80,1195,1195.0
519,23,19,6,440,707,54,800,800.0
520,23,15,7,321,147,39,584,584.0
521,23,6,9,649,534,79,1180,1180.0
522,23,2,2,500,629,61,910,910.0
523,23,27,2,142,470,18,259,259.0
524,23,24,3,157,194,20,286,286.0
525,23,25,9,702,228,86,1277,1277.0
526,23,8,4,284,643,35,517,517.0
527,23,20,9,560,296,68,1019,1019.0
528,23,18,8,657,328,80,1195,1195.0
529,23,10,1,314,388,39,571,571.0
530,23,28,1,478,707,58,870,870.0
531,23,11,6,314,524,39,571,571.0
532,23,12,9,403,335,49,733,733.0
533,23,14,6,381,322,47,693,693.0
534,23,16,7,530,626,65,964,964.0
535,23,21,3,105,715,13,191,191.0
536,24,9,8,523,489,64,951,951.0
537,24,13,5,329,593,40,599,599.0
538,24,6,9,560,492,68,1019,1019.0
539,24,11,7,575,668,70,1046,1046.0
540,24,21,2,575,178,70,1046,1046.0
541,24,1,7,172,439,21,313,313.0
542,24,10,2,90,663,11,164,164.0
543,24,12,2,411,235,50,748,748.0
544,24,8,8,605,387,74,1100,1100.0
545,24,29,5,232,637,29,422,422.0
546,24,20,5,239,173,29,435,435.0
547,24,14,8,135,552,17,246,246.0
548,24,16,7,254,516,31,462,462.0
549,24,15,7,284,437,35,517,517.0
550,24,5,1,187,460,23,340,340.0
551,24,18,8,351,499,43,639,639.0
552,24,27,4,649,568,79,1180,1180.0
553,24,17,2,679,493,83,1235,1235.0
554,24,26,4,239,712,29,435,435.0
555,25,23,2,262,672,32,477,477.0
556,25,20,6,433,604,53,788,788.0
557,25,2,8,440,345,54,800,800.0
558,25,28,8,344,671,42,626,626.0
559,25,6,8,739,534,90,1344,1344.0
560,25,8,3,418,640,51,760,760.0
561,25,29,7,105,699,13,191,191.0
562,25,3,1,478,166,58,870,870.0
563,25,22,2,232,429,29,422,422.0
564,25,26,1,314,158,39,571,571.0
565,25,24,6,388,470,48,706,706.0
566,25,18,6,545,205,67,991,991.0
567,25,1,6,381,531,47,693,693.0
568,25,5,3,702,371,86,1277,1277.0
569,25,14,4,515,351,63,937,937.0
570,25,11,7,396,544,48,720,720.0
571,25,19,9,470,358,57,855,855.0
572,25,7,9,433,233,53,788,788.0
573,25,27,6,649,260,79,1180,1180.0
574,25,9,9,284,449,35,517,517.0
575,25,30,6,194,296,24,353,353.0
576,25,4,5,314,508,39,571,571.0
577,25,13,8,239,447,29,435,435.0
578,25,21,4,202,233,25,368,368.0
579,25,17,8,664,171,81,1208,1208.0
580,25,10,4,157,689,20,286,286.0
581,26,11,3,329,150,40,599,599.0
582,26,27,4,597,707,73,1086,1086.0
583,26,6,2,575,509,70,1046,1046.0
584,26,23,1,709,430,86,1290,1290.0
585,26,22,5,373,521,46,679,679.0
586,26,9,8,515,263,63,937,937.0
587,26,2,7,209,303,26,380,380.0
588,26,29,3,381,263,47,693,693.0
589,26,15,4,314,238,39,571,571.0
590,26,17,8,224,558,28,408,408.0
591,26,10,3,545,577,67,991,991.0
592,26,21,2,687,597,84,1250,1250.0
593,26,13,9,239,699,29,435,435.0
594,26,24,1,150,527,19,273,273.0
595,26,5,7,724,228,88,1317,1317.0
596,26,12,7,470,720,57,855,855.0
597,26,28,9,373,323,46,679,679.0
598,26,8,4,179,147,22,326,326.0
599,26,16,8,731,577,89,1330,1330.0
600,26,14,2,552,593,67,1004,1004.0
601,26,18,1,381,506,47,693,693.0
602,26,20,8,254,604,31,462,462.0
603,26,3,9,172,411,21,313,313.0
604,26,1,1,276,515,34,502,502.0
605,27,16,2,239,636,29,435,435.0
606,27,23,4,411,424,50,748,748.0
607,27,21,4,455,704,56,828,828.0
608,27,18,5,403,661,49,733,733.0
609,27,19,2,702,527,86,1277,1277.0
610,27,25,3,306,506,38,557,557.0
611,27,28,1,97,630,12,177,177.0
612,27,10,6,537,672,66,977,977.0
613,27,29,6,90,463,11,164,164.0
614,27,5,1,329,162,40,599,599.0
615,27,3,5,731,652,89,1330,1330.0
616,27,4,8,642,440,78,1168,1168.0
617,27,11,6,97,176,12,177,177.0
618,27,26,6,299,414,37,544,544.0
619,27,20,2,418,417,51,760,760.0
620,27,9,3,165,325,20,300,300.0
621,27,14,7,411,567,50,748,748.0
622,27,7,9,724,648,88,1317,1317.0
623,27,17,9,366,452,45,666,666.0
624,27,15,8,336,576,41,611,611.0
625,28,14,4,165,315,20,300,300.0
626,28,23,9,731,695,89,1330,1330.0
627,28,30,3,687,516,84,1250,1250.0
628,28,13,8,470,385,57,855,855.0
629,28,27,4,664,333,81,1208,1208.0
630,28,6,1,179,195,22,326,326.0
631,28,24,1,575,454,70,1046,1046.0
632,28,16,5,254,539,31,462,462.0
633,28,4,3,433,411,53,788,788.0
634,28,7,6,485,322,59,882,882.0
635,28,9,8,426,228,52,775,775.0
636,28,2,6,508,688,62,924,924.0
637,28,10,6,396,563,48,720,720.0
638,28,18,7,344,319,42,626,626.0
639,28,5,8,202,392,25,368,368.0
640,28,1,1,716,387,87,1302,1302.0
641,28,22,5,366,717,45,666,666.0
642,28,8,4,194,665,24,353,353.0
643,28,21,2,388,486,48,706,706.0
644,28,20,7,426,560,52,775,775.0
645,28,17,1,90,152,11,164,164.0
646,28,3,3,582,534,71,1059,1059.0
647,28,11,3,209,323,26,380,380.0
648,28,12,6,597,307,73,1086,1086.0
649,28,19,5,83,356,11,151,151.0
650,29,30,4,455,251,56,828,828.0
651,29,18,5,575,465,70,1046,1046.0
652,29,26,5,493,152,60,897,897.0
653,29,12,8,329,394,40,599,599.0
654,29,23,3,403,349,49,733,733.0
655,29,11,1,523,204,64,951,951.0
656,29,1,9,254,172,31,462,462.0
657,29,28,2,262,292,32,477,477.0
658,29,22,3,619,175,76,1126,1126.0
659,29,27,3,478,472,58,870,870.0
660,29,21,4,336,444,41,611,611.0
661,29,20,2,165,405,20,300,300.0
662,29,9,1,276,486,34,502,502.0
663,29,6,6,455,329,56,828,828.0
664,29,4,1,530,646,65,964,964.0
665,29,5,6,530,441,65,964,964.0
666,29,15,8,217,488,27,395,395.0
667,30,11,6,75,512,10,137,137.0
668,30,12,6,344,224,42,626,626.0
669,30,5,4,135,672,17,246,246.0
670,30,14,8,463,479,57,842,842.0
671,30,8,3,418,274,51,760,760.0
672,30,7,9,545,581,67,991,991.0
673,30,9,6,411,649,50,748,748.0
674,30,21,1,366,176,45,666,666.0
675,30,28,3,463,365,57,842,842.0
676,30,17,5,642,473,78,1168,1168.0
677,30,26,9,672,339,82,1222,1222.0
678,30,16,3,83,294,11,151,151.0
679,30,10,7,276,365,34,502,502.0
680,30,15,7,500,147,61,910,910.0
681,30,29,5,306,649,38,557,557.0
682,30,27,2,329,714,40,599,599.0
683,30,6,4,105,503,13,191,191.0
684,30,19,1,366,712,45,666,666.0
COMMODITIES,400
0,22,23,48,44,77,655,1165.0
1,9,15,28,34,89,505,1346.0
2,25,19,70,26,94,388,1416.0
3,1,16,51,28,86,418,1290.0
4,15,7,25,34,90,505,1359.0
5,26,3,52,32,74,474,1119.0
6,6,3,74,36,71,531,1074.0
7,22,10,18,38,86,567,1291.0
8,14,10,49,43,99,634,1496.0
9,29,20,35,33,69,488,1038.0
10,1,4,63,34,71,496,1074.0
11,6,21,34,41,84,601,1269.0
12,15,22,20,33,80,481,1209.0
13,15,8,54,35,76,523,1149.0
14,15,12,38,28,73,418,1107.0
15,27,9,54,27,65,395,986.0
16,28,9,22,39,92,578,1380.0
17,28,14,74,39,73,578,1098.0
18,12,15,22,29,68,427,1029.0
19,9,14,26,32,83,478,1256.0
20,20,13,24,39,98,580,1478.0
21,18,1,61,41,83,612,1251.0
22,24,21,17,44,84,654,1260.0
23,23,13,46,42,111,624,1678.0
24,3,1,39,29,80,435,1201.0
25,3,28,59,28,57,417,858.0
26,29,17,16,34,94,497,1415.0
27,22,21,62,24,68,353,1032.0
28,12,25,44,32,74,479,1115.0
29,20,8,25,27,72,397,1082.0
30,15,5,70,32,87,468,1311.0
31,5,19,52,32,65,474,975.0
32,1,28,15,41,93,610,1400.0
33,29,4,16,29,92,427,1390.0
34,24,18,44,43,99,633,1496.0
35,30,27,47,35,81,517,1220.0
36,15,17,43,40,71,597,1077.0
37,7,10,59,41,87,605,1309.0
38,3,14,67,29,72,422,1080.0
39,25,17,19,32,92,474,1392.0
40,30,23,27,39,95,576,1429.0
41,16,9,52,37,104,552,1565.0
42,22,18,61,28,102,407,1543.0
43,11,4,62,23,62,341,934.0
44,20,2,47,39,90,581,1359.0
45,30,29,41,42,93,618,1402.0
46,26,19,20,37,87,547,1319.0
47,7,13,59,41,102,615,1540.0
48,27,6,48,37,80,546,1212.0
49,27,3,30,28,83,416,1255.0
50,10,7,47,31,77,455,1157.0
51,23,17,64,33,90,482,1354.0
52,24,7,15,39,96,584,1446.0
53,10,15,48,28,82,420,1235.0
54,20,21,20,36,80,534,1209.0
55,22,5,19,36,94,534,1423.0
56,8,19,42,32,83,478,1246.0
57,15,28,30,30,75,444,1133.0
58,5,1,33,47,104,700,1572.0
59,19,21,53,31,79,459,1199.0
60,17,19,68,48,99,719,1491.0
61,20,1,22,32,82,480,1230.0
62,15,29,22,31,64,454,965.0
63,2,9,45,41,87,609,1314.0
64,29,15,44,32,71,477,1076.0
65,26,23,47,37,108,554,1622.0
66,7,22,63,44,106,651,1599.0
67,25,11,29,27,74,404,1122.0
68,2,13,59,37,91,548,1379.0
69,21,26,17,27,90,399,1357.0
70,2,18,72,35,96,522,1449.0
71,18,8,45,37,96,551,1451.0
72,18,9,18,31,93,452,1398.0
73,14,20,61,28,77,410,1161.0
74,12,4,51,32,76,470,1149.0
75,1,8,41,46,98,681,1477.0
76,27,14,22,37,85,555,1278.0
77,16,12,74,28,83,416,1259.0
78,9,7,41,33,92,482,1388.0
79,12,30,40,37,89,555,1335.0
80,7,15,63,28,85,411,1287.0
81,8,4,39,29,65,422,984.0
82,12,14,71,32,85,478,1289.0
83,29,21,29,39,94,571,1421.0
84,19,27,72,27,88,402,1321.0
85,17,28,15,33,87,487,1311.0
86,13,19,25,33,87,485,1312.0
87,21,8,45,33,97,481,1463.0
88,7,4,27,28,85,419,1286.0
89,3,10,52,48,91,706,1369.0
90,29,14,46,38,111,557,1668.0
91,12,17,45,34,74,498,1110.0
92,21,5,69,30,89,439,1343.0
93,29,13,72,45,113,663,1698.0
94,17,24,21,35,88,515,1323.0
95,20,29,63,26,67,382,1014.0
96,16,26,40,28,88,408,1330.0
97,14,12,15,35,90,516,1351.0
98,16,19,24,42,81,618,1226.0
99,2,5,19,33,88,484,1328.0
100,6,11,46,32,76,480,1146.0
101,10,19,27,32,75,475,1127.0
102,16,30,39,41,98,607,1476.0
103,15,21,49,27,60,400,901.0
104,5,17,62,35,89,519,1346.0
105,18,25,20,31,69,451,1037.0
106,22,6,63,43,84,637,1261.0
107,5,22,53,40,85,589,1281.0
108,3,9,48,36,78,532,1178.0
109,24,25,16,34,96,497,1449.0
110,14,6,48,42,90,620,1355.0
111,23,28,70,34,81,502,1222.0
112,26,15,50,36,84,537,1263.0
113,14,27,41,31,82,465,1231.0
114,8,3,35,31,81,452,1227.0
115,16,4,41,36,86,528,1294.0
116,12,6,66,35,76,514,1147.0
117,3,6,27,43,71,638,1075.0
118,21,29,51,42,95,623,1428.0
119,6,20,44,27,82,401,1237.0
120,25,28,20,27,81,400,1220.0
121,1,13,18,38,95,562,1435.0
122,9,20,48,35,93,516,1406.0
123,11,5,69,29,86,430,1294.0
124,26,10,39,26,72,385,1090.0
125,2,15,46,42,76,627,1145.0
126,27,22,25,37,87,547,1317.0
127,6,4,65,32,53,473,808.0
128,8,27,18,30,89,440,1343.0
129,16,27,34,36,102,527,1530.0
130,22,24,20,37,84,549,1265.0
131,8,22,32,35,73,515,1108.0
132,7,5,45,39,99,578,1488.0
133,11,26,65,40,85,595,1279.0
134,7,12,56,39,75,578,1132.0
135,6,1,29,39,83,579,1245.0
136,17,2,49,45,99,663,1486.0
137,22,11,66,41,98,605,1480.0
138,12,5,45,34,76,506,1141.0
139,14,28,57,36,86,539,1302.0
140,21,18,48,31,116,463,1745.0
141,28,15,60,33,90,494,1363.0
142,15,24,33,40,91,593,1366.0
143,7,17,57,33,88,494,1327.0
144,14,19,34,34,61,509,918.0
145,8,16,74,25,57,373,856.0
146,21,14,65,39,107,581,1611.0
147,27,2,57,38,88,560,1320.0
148,7,16,32,33,99,493,1496.0
149,20,6,50,30,70,449,1051.0
150,4,1,28,38,98,564,1477.0
151,3,25,29,41,83,611,1247.0
152,22,2,38,31,78,461,1170.0
153,7,29,25,30,63,445,959.0
154,15,20,59,24,75,357,1131.0
155,4,9,25,32,63,476,946.0
156,20,28,57,36,78,537,1174.0
157,6,29,29,35,82,525,1242.0
158,15,23,27,46,110,689,1661.0
159,28,18,18,39,91,582,1375.0
160,23,22,37,34,86,503,1297.0
161,7,30,40,31,97,463,1469.0
162,26,25,40,42,98,626,1484.0
163,29,27,70,29,90,435,1360.0
164,14,3,52,34,71,497,1072.0
165,17,9,52,43,83,644,1249.0
166,15,2,23,34,94,499,1421.0
167,29,30,45,35,84,513,1262.0
168,4,24,55,33,80,487,1203.0
169,25,3,73,38,103,556,1557.0
170,27,5,48,34,82,504,1237.0
171,11,8,69,27,54,397,823.0
172,14,11,42,36,79,533,1198.0
173,20,26,19,37,90,553,1357.0
174,30,4,32,29,61,424,921.0
175,13,5,22,29,84,428,1272.0
176,17,6,71,43,89,640,1339.0
177,2,19,74,42,74,625,1113.0
178,1,11,55,45,97,672,1465.0
179,16,5,74,33,86,489,1300.0
180,1,30,47,38,79,560,1189.0
181,21,3,53,36,113,526,1695.0
182,11,30,36,32,79,475,1195.0
183,7,20,66,32,81,467,1223.0
184,3,8,65,37,83,551,1248.0
185,8,21,67,33,81,492,1225.0
186,9,26,52,24,83,355,1245.0
187,18,5,60,34,94,496,1415.0
188,16,21,25,36,92,538,1383.0
189,19,7,66,33,96,484,1451.0
190,29,23,56,41,105,608,1580.0
191,5,8,57,42,98,618,1472.0
192,27,18,54,42,105,620,1586.0
193,26,30,31,36,90,537,1364.0
194,14,29,23,34,85,508,1282.0
195,25,2,49,37,104,547,1572.0
196,19,13,61,37,88,547,1331.0
197,10,23,53,26,89,377,1343.0
198,9,17,44,32,70,477,1061.0
199,6,2,45,35,81,511,1219.0
200,27,19,25,46,85,677,1288.0
201,28,20,54,31,87,464,1307.0
202,11,7,17,35,84,524,1269.0
203,10,6,36,35,89,514,1337.0
204,11,28,62,30,74,440,1112.0
205,6,17,22,39,89,573,1346.0
206,8,11,55,33,74,493,1122.0
207,27,12,70,33,87,491,1317.0
208,13,4,60,37,66,554,1002.0
209,22,8,62,36,95,540,1425.0
210,1,3,47,34,81,503,1225.0
211,6,22,17,25,58,369,875.0
212,11,16,23,32,72,477,1091.0
213,30,28,60,42,77,616,1157.0
214,7,9,16,31,82,461,1237.0
215,15,30,28,34,86,500,1302.0
216,14,15,19,23,70,331,1064.0
217,6,27,73,29,86,426,1295.0
218,15,3,17,29,62,423,938.0
219,9,2,15,30,86,445,1290.0
220,14,24,19,30,83,440,1256.0
221,6,5,50,38,93,567,1404.0
222,3,21,53,37,78,554,1175.0
223,23,10,16,29,73,421,1100.0
224,17,3,72,38,75,565,1125.0
225,12,26,66,26,56,380,851.0
226,12,11,68,33,70,487,1051.0
227,15,16,32,25,71,368,1076.0
228,6,14,44,33,79,486,1197.0
229,27,25,37,32,84,472,1270.0
230,10,9,65,34,98,498,1475.0
231,2,24,18,34,96,507,1448.0
232,23,3,62,33,93,489,1405.0
233,2,28,49,29,66,422,1002.0
234,26,24,63,34,67,498,1019.0
235,29,1,31,25,71,371,1071.0
236,18,12,59,33,107,495,1610.0
237,5,21,56,31,64,461,964.0
238,28,7,38,30,89,438,1338.0
239,6,12,34,34,59,504,898.0
240,5,13,59,35,63,524,959.0
241,5,11,43,30,84,450,1274.0
242,27,23,42,27,87,404,1313.0
243,17,4,37,39,60,573,907.0
244,20,27,29,38,92,556,1383.0
245,4,11,23,41,73,614,1100.0
246,11,13,43,38,94,556,1419.0
247,13,26,47,27,69,401,1035.0
248,24,28,20,42,84,617,1266.0
249,9,3,49,35,77,523,1166.0
250,8,15,18,36,86,529,1295.0
251,20,5,71,29,75,424,1137.0
252,5,14,60,40,66,600,995.0
253,5,10,52,35,61,522,923.0
254,22,25,37,34,94,496,1423.0
255,7,27,50,31,85,463,1279.0
256,27,11,72,26,51,386,778.0
257,9,6,57,35,84,518,1273.0
258,7,3,17,43,92,637,1381.0
259,17,10,29,42,100,625,1501.0
260,14,1,38,28,89,412,1336.0
261,15,6,20,40,77,593,1164.0
262,18,26,63,37,90,545,1350.0
263,4,13,36,39,86,579,1294.0
264,23,6,67,22,77,326,1157.0
265,10,21,39,25,74,373,1112.0
266,8,5,71,43,92,632,1380.0
267,21,13,64,32,100,480,1508.0
268,7,1,62,46,103,679,1548.0
269,19,12,30,33,85,495,1282.0
270,1,21,57,42,78,628,1183.0
271,16,11,54,22,75,319,1131.0
272,25,30,38,30,74,443,1114.0
273,7,23,24,32,72,479,1081.0
274,20,30,62,33,61,490,917.0
275,9,13,71,38,84,557,1272.0
276,13,23,53,36,93,528,1395.0
277,10,3,56,35,92,514,1387.0
278,23,19,34,34,97,502,1464.0
279,9,10,50,29,88,428,1330.0
280,13,3,19,42,80,616,1203.0
281,25,23,46,31,81,452,1215.0
282,11,22,68,28,73,419,1095.0
283,17,14,30,35,98,524,1484.0
284,3,30,31,40,87,600,1305.0
285,13,9,67,34,79,506,1199.0
286,12,2,31,34,93,509,1409.0
287,22,29,44,35,88,516,1334.0
288,22,30,19,38,87,559,1309.0
289,12,21,38,40,94,599,1417.0
290,15,25,46,24,74,360,1121.0
291,16,17,15,37,72,550,1086.0
292,2,6,49,31,82,465,1235.0
293,29,28,42,27,82,391,1232.0
294,28,24,50,35,103,516,1557.0
295,11,19,52,29,78,425,1178.0
296,5,3,44,31,80,460,1202.0
297,2,26,21,38,83,564,1257.0
298,30,9,58,41,76,613,1150.0
299,5,20,17,34,65,507,977.0
300,26,21,35,31,90,463,1357.0
301,13,12,29,50,97,743,1463.0
302,9,5,55,35,92,512,1388.0
303,24,14,25,35,67,525,1018.0
304,22,9,29,37,82,549,1230.0
305,16,22,71,31,80,465,1200.0
306,2,7,56,26,77,377,1156.0
307,11,1,23,32,75,466,1125.0
308,14,9,28,39,82,571,1236.0
309,26,12,36,39,92,583,1380.0
310,29,6,32,33,93,482,1408.0
311,10,25,29,33,86,483,1291.0
312,4,14,47,31,81,459,1223.0
313,5,15,60,35,74,513,1117.0
314,4,6,48,34,74,509,1117.0
315,13,25,47,36,71,539,1079.0
316,5,26,37,37,92,547,1381.0
317,18,15,22,23,65,343,979.0
318,22,3,28,30,76,448,1153.0
319,26,17,24,44,89,649,1340.0
320,28,10,56,31,81,454,1224.0
321,10,22,64,44,104,660,1564.0
322,6,23,37,26,70,382,1062.0
323,14,13,72,36,85,535,1280.0
324,15,13,39,36,72,530,1083.0
325,26,18,17,35,99,521,1488.0
326,21,20,37,40,114,590,1712.0
327,30,5,69,32,67,480,1019.0
328,21,30,30,37,111,547,1675.0
329,28,5,68,34,68,503,1025.0
330,26,16,65,29,89,432,1343.0
331,10,30,25,38,74,563,1114.0
332,8,23,66,22,81,326,1226.0
333,4,18,49,35,112,516,1691.0
334,20,16,56,30,69,446,1036.0
335,16,2,17,30,93,450,1407.0
336,13,16,36,40,83,596,1250.0
337,27,20,24,28,77,418,1155.0
338,23,8,39,39,89,573,1349.0
339,4,19,62,36,89,527,1337.0
340,18,20,26,42,86,630,1293.0
341,25,26,72,31,86,457,1291.0
342,9,27,65,28,54,410,820.0
343,12,8,52,41,91,609,1378.0
344,8,28,52,40,90,598,1351.0
345,17,7,36,32,75,476,1125.0
346,24,22,27,33,102,488,1538.0
347,16,25,48,37,113,552,1696.0
348,8,14,63,36,91,531,1365.0
349,28,19,18,32,58,471,883.0
350,22,27,26,24,75,352,1137.0
351,7,18,31,34,102,503,1543.0
352,24,5,73,31,72,452,1093.0
353,4,26,16,42,82,626,1237.0
354,30,7,68,31,83,454,1249.0
355,3,19,44,33,77,493,1161.0
356,23,29,34,39,87,571,1310.0
357,11,18,43,37,110,542,1662.0
358,25,7,32,33,93,481,1408.0
359,16,13,23,32,94,476,1415.0
360,27,1,28,35,90,515,1355.0
361,28,1,42,47,93,696,1406.0
362,20,17,18,26,84,378,1268.0
363,20,4,41,25,72,373,1080.0
364,5,27,20,34,94,510,1411.0
365,16,6,43,40,90,589,1358.0
366,5,28,20,37,79,546,1188.0
367,18,28,59,28,78,411,1176.0
368,29,3,26,41,95,613,1432.0
369,14,17,42,32,89,476,1340.0
370,10,17,57,42,92,624,1385.0
371,19,20,39,35,92,525,1382.0
372,18,30,45,41,95,606,1430.0
373,15,19,69,28,80,409,1211.0
374,16,7,27,24,66,347,990.0
375,11,27,55,39,81,574,1221.0
376,15,11,60,28,76,411,1141.0
377,7,2,23,25,97,374,1465.0
378,24,11,35,25,89,373,1340.0
379,11,25,18,33,77,495,1165.0
380,27,8,72,35,69,511,1045.0
381,17,21,65,33,88,491,1324.0
382,19,1,15,36,93,528,1395.0
383,26,27,41,40,89,589,1349.0
384,9,23,28,31,98,457,1475.0
385,5,24,74,41,91,607,1372.0
386,22,20,47,37,88,551,1333.0
387,11,20,53,44,101,659,1516.0
388,7,21,15,40,95,598,1434.0
389,27,29,73,42,69,629,1035.0
390,18,27,36,36,75,530,1137.0
391,3,7,24,25,77,367,1164.0
392,29,8,19,33,97,494,1464.0
393,27,16,71,33,82,490,1238.0
394,5,23,43,26,76,385,1148.0
395,13,29,35,35,83,521,1253.0
396,10,16,47,26,74,382,1116.0
397,9,28,31,42,69,628,1049.0
398,2,20,60,30,68,449,1025.0
399,20,10,59,38,83,568,1258.0
horizon=116
