NODES,30
1,1,-,-
2,2,-,-
3,3,-,-
4,4,-,-
5,5,-,-
6,6,-,-
7,7,-,-
8,8,-,-
9,9,-,-
10,10,-,-
11,11,-,-
12,12,-,-
13,13,-,-
14,14,-,-
15,15,-,-
16,16,-,-
17,17,-,-
18,18,-,-
19,19,-,-
20,20,-,-
21,21,-,-
22,22,-,-
23,23,-,-
24,24,-,-
25,25,-,-
26,26,-,-
27,27,-,-
28,28,-,-
29,29,-,-
30,30,-,-
ARCS,679
0,1,13,3,744,665,91,1353,1353.0
1,1,19,7,1279,172,156,2326,2326.0
2,1,20,6,1427,224,173,2595,2595.0
3,1,3,1,996,246,121,1811,1811.0
4,1,7,7,848,583,103,1542,1542.0
5,1,6,6,937,187,114,1704,1704.0
6,1,11,8,773,489,94,1406,1406.0
7,1,14,8,1427,621,173,2595,2595.0
8,1,10,9,1100,665,134,2000,2000.0
9,1,9,4,402,486,49,731,731.0
10,1,22,6,863,689,105,1570,1570.0
11,1,18,8,1234,649,150,2244,2244.0
12,1,29,7,1442,552,175,2622,2622.0
13,1,2,2,268,719,33,488,488.0
14,1,8,1,833,743,101,1515,1515.0
15,2,19,2,402,337,49,731,731.0
16,2,1,9,1190,728,145,2164,2164.0
17,2,29,2,565,275,69,1028,1028.0
18,2,12,5,283,562,35,515,515.0
19,2,11,9,967,737,118,1759,1759.0
20,2,9,5,1309,492,159,2380,2380.0
21,2,17,1,699,683,85,1271,1271.0
22,2,26,7,357,720,44,650,650.0
23,2,21,6,1472,525,179,2677,2677.0
24,2,22,3,580,564,71,1055,1055.0
25,2,18,1,1427,525,173,2595,2595.0
26,2,8,4,164,576,20,299,299.0
27,2,16,9,952,306,116,1731,1731.0
28,2,5,6,1249,586,152,2271,2271.0
29,2,15,6,328,236,40,597,597.0
30,2,27,1,729,451,89,1326,1326.0
31,2,10,3,1323,309,161,2406,2406.0
32,2,24,7,536,300,65,975,975.0
33,2,4,2,1071,150,130,1948,1948.0
34,2,23,1,253,249,31,460,460.0
35,2,28,6,803,276,98,1460,1460.0
36,2,14,5,1309,167,159,2380,2380.0
37,2,25,4,833,604,101,1515,1515.0
38,2,3,7,1427,352,173,2595,2595.0
39,2,20,4,1219,366,148,2217,2217.0
40,2,13,6,1041,649,127,1893,1893.0
41,3,5,9,149,473,19,271,271.0
42,3,7,9,1130,470,137,2055,2055.0
43,3,29,7,1071,409,130,1948,1948.0
44,3,8,6,580,430,71,1055,1055.0
45,3,6,3,179,375,22,326,326.0
46,3,24,1,982,161,120,1786,1786.0
47,3,23,5,328,519,40,597,597.0
48,3,30,2,238,354,29,433,433.0
49,3,9,5,610,313,74,1110,1110.0
50,3,22,2,967,191,118,1759,1759.0
51,3,1,6,1353,424,164,2460,2460.0
52,3,25,7,1353,533,164,2460,2460.0
53,3,28,1,476,181,58,866,866.0
54,4,29,5,1011,428,123,1839,1839.0
55,4,17,7,550,719,67,1000,1000.0
56,4,22,2,1234,232,150,2244,2244.0
57,4,11,6,922,202,112,1677,1677.0
58,4,1,5,1071,732,130,1948,1948.0
59,4,26,5,149,445,19,271,271.0
60,4,18,5,1219,182,148,2217,2217.0
61,4,19,9,937,355,114,1704,1704.0
62,4,5,7,491,418,60,893,893.0
63,4,7,8,1368,540,166,2488,2488.0
64,4,6,3,952,603,116,1731,1731.0
65,4,27,1,684,480,83,1244,1244.0
66,4,21,1,1160,668,141,2110,2110.0
67,4,8,1,1368,495,166,2488,2488.0
68,4,23,7,1041,243,127,1893,1893.0
69,4,30,2,655,570,80,1191,1191.0
70,5,9,5,1472,615,179,2677,2677.0
71,5,29,6,773,723,94,1406,1406.0
72,5,28,8,521,473,64,948,948.0
73,5,12,9,1279,293,156,2326,2326.0
74,5,10,8,253,515,31,460,460.0
75,5,1,3,714,597,87,1299,1299.0
76,5,7,1,1086,384,132,1975,1975.0
77,5,23,2,446,311,55,811,811.0
78,5,11,4,1457,248,177,2650,2650.0
79,5,21,2,432,705,53,786,786.0
80,5,30,5,877,717,107,1595,1595.0
81,5,3,5,610,509,74,1110,1110.0
82,5,17,6,1353,208,164,2460,2460.0
83,5,6,6,164,735,20,299,299.0
84,5,2,1,372,543,46,677,677.0
85,5,16,2,907,679,110,1650,1650.0
86,5,25,5,1175,519,143,2137,2137.0
87,5,26,1,759,477,92,1380,1380.0
88,5,19,4,996,205,121,1811,1811.0
89,5,18,5,759,443,92,1380,1380.0
90,5,14,5,342,655,42,622,622.0
91,5,20,8,372,492,46,677,677.0
92,5,27,8,1071,242,130,1948,1948.0
93,5,24,4,1279,196,156,2326,2326.0
94,5,8,8,1442,737,175,2622,2622.0
95,6,7,5,1056,638,128,1920,1920.0
96,6,14,1,759,407,92,1380,1380.0
97,6,10,2,1234,606,150,2244,2244.0
98,6,23,2,922,625,112,1677,1677.0
99,6,17,8,818,597,100,1488,1488.0
100,6,11,2,699,591,85,1271,1271.0
101,6,3,8,1383,704,168,2515,2515.0
102,6,28,2,669,394,82,1217,1217.0
103,6,13,8,877,623,107,1595,1595.0
104,6,30,9,967,492,118,1759,1759.0
105,6,21,8,982,226,120,1786,1786.0
106,6,5,2,1294,470,157,2353,2353.0
107,6,26,4,669,389,82,1217,1217.0
108,6,8,2,922,191,112,1677,1677.0
109,6,12,7,1457,434,177,2650,2650.0
110,6,24,1,1249,278,152,2271,2271.0
111,6,4,6,1160,418,141,2110,2110.0
112,6,29,8,1427,719,173,2595,2595.0
113,6,20,2,1309,398,159,2380,2380.0
114,6,15,9,238,610,29,433,433.0
115,6,18,5,744,480,91,1353,1353.0
116,7,24,5,506,421,62,920,920.0
117,7,18,9,610,640,74,1110,1110.0
118,7,27,3,759,728,92,1380,1380.0
119,7,9,5,833,635,101,1515,1515.0
120,7,28,3,164,470,20,299,299.0
121,7,26,2,1041,673,127,1893,1893.0
122,7,10,3,848,682,103,1542,1542.0
123,7,19,3,476,641,58,866,866.0
124,7,22,2,1309,662,159,2380,2380.0
125,7,15,6,446,492,55,811,811.0
126,7,17,9,536,315,65,975,975.0
127,7,30,4,714,571,87,1299,1299.0
128,7,20,4,402,331,49,731,731.0
129,7,3,4,342,588,42,622,622.0
130,7,29,8,432,343,53,786,786.0
131,7,12,4,506,713,62,920,920.0
132,7,13,3,1026,367,125,1866,1866.0
133,7,4,9,536,674,65,975,975.0
134,7,8,8,848,607,103,1542,1542.0
135,7,25,9,1398,378,170,2542,2542.0
136,7,21,1,283,325,35,515,515.0
137,7,23,9,640,150,78,1164,1164.0
138,7,1,3,209,339,26,380,380.0
139,7,14,7,610,330,74,1110,1110.0
140,7,5,5,298,585,37,542,542.0
141,7,6,7,684,325,83,1244,1244.0
142,8,5,3,1145,252,139,2082,2082.0
143,8,25,9,773,674,94,1406,1406.0
144,8,9,9,1086,376,132,1975,1975.0
145,8,29,4,1086,397,132,1975,1975.0
146,8,30,5,1442,150,175,2622,2622.0
147,8,23,6,892,437,109,1622,1622.0
148,8,13,3,877,625,107,1595,1595.0
149,8,4,5,1383,427,168,2515,2515.0
150,8,12,5,1086,392,132,1975,1975.0
151,8,16,9,640,446,78,1164,1164.0
152,8,1,4,432,668,53,786,786.0
153,8,18,1,877,735,107,1595,1595.0
154,8,3,5,209,333,26,380,380.0
155,8,7,5,149,249,19,271,271.0
156,8,20,8,328,387,40,597,597.0
157,8,6,1,1160,579,141,2110,2110.0
158,8,17,6,1353,468,164,2460,2460.0
159,8,2,8,1026,299,125,1866,1866.0
160,8,26,7,892,586,109,1622,1622.0
161,8,24,6,268,583,33,488,488.0
162,8,11,6,1026,570,125,1866,1866.0
163,8,15,3,313,577,38,570,570.0
164,8,21,7,536,613,65,975,975.0
165,8,14,2,1323,269,161,2406,2406.0
166,9,25,1,863,232,105,1570,1570.0
167,9,18,5,1160,324,141,2110,2110.0
168,9,16,7,595,461,73,1082,1082.0
169,9,15,9,179,370,22,326,326.0
170,9,10,9,209,470,26,380,380.0
171,9,3,9,1011,351,123,1839,1839.0
172,9,29,2,313,237,38,570,570.0
173,9,1,6,699,550,85,1271,1271.0
174,9,14,9,1413,439,172,2570,2570.0
175,9,23,3,595,266,73,1082,1082.0
176,9,13,1,283,564,35,515,515.0
177,9,27,8,194,534,24,353,353.0
178,9,5,1,238,455,29,433,433.0
179,9,7,2,729,381,89,1326,1326.0
180,9,11,2,1457,232,177,2650,2650.0
181,9,28,1,149,343,19,271,271.0
182,9,20,1,1249,591,152,2271,2271.0
183,9,19,3,1145,658,139,2082,2082.0
184,9,30,1,1011,553,123,1839,1839.0
185,9,2,2,982,254,120,1786,1786.0
186,9,6,5,952,430,116,1731,1731.0
187,9,4,6,1249,275,152,2271,2271.0
188,9,26,2,967,245,118,1759,1759.0
189,9,22,6,818,692,100,1488,1488.0
190,9,24,5,1041,659,127,1893,1893.0
191,9,21,6,149,424,19,271,271.0
192,10,23,1,1427,254,173,2595,2595.0
193,10,6,3,1041,217,127,1893,1893.0
194,10,5,2,1279,367,156,2326,2326.0
195,10,16,8,149,385,19,271,271.0
196,10,1,8,1204,561,146,2190,2190.0
197,10,26,5,952,486,116,1731,1731.0
198,10,9,7,342,685,42,622,622.0
199,10,20,3,877,154,107,1595,1595.0
200,10,14,5,655,518,80,1191,1191.0
201,10,22,7,313,156,38,570,570.0
202,10,12,5,788,424,96,1433,1433.0
203,10,15,4,238,623,29,433,433.0
204,10,8,3,1309,562,159,2380,2380.0
205,10,19,7,714,300,87,1299,1299.0
206,10,25,2,1457,616,177,2650,2650.0
207,10,29,6,1190,212,145,2164,2164.0
208,10,13,5,1427,190,173,2595,2595.0
209,10,7,7,238,643,29,433,433.0
210,10,30,6,1457,200,177,2650,2650.0
211,10,28,3,788,547,96,1433,1433.0
212,10,4,1,565,536,69,1028,1028.0
213,10,11,7,863,691,105,1570,1570.0
214,10,18,2,1011,550,123,1839,1839.0
215,10,21,7,877,357,107,1595,1595.0
216,11,10,5,610,667,74,1110,1110.0
217,11,13,8,625,498,76,1137,1137.0
218,11,22,3,714,488,87,1299,1299.0
219,11,9,6,387,336,47,704,704.0
220,11,1,7,298,272,37,542,542.0
221,11,3,8,996,480,121,1811,1811.0
222,11,16,6,1100,184,134,2000,2000.0
223,11,6,3,1145,203,139,2082,2082.0
224,11,4,1,491,701,60,893,893.0
225,11,7,4,892,214,109,1622,1622.0
226,11,5,4,595,494,73,1082,1082.0
227,11,30,2,863,273,105,1570,1570.0
228,11,25,6,595,485,73,1082,1082.0
229,11,21,8,1309,190,159,2380,2380.0
230,11,29,3,1309,495,159,2380,2380.0
231,11,23,9,655,638,80,1191,1191.0
232,11,14,4,714,327,87,1299,1299.0
233,11,12,5,550,430,67,1000,1000.0
234,11,8,2,1219,650,148,2217,2217.0
235,11,20,8,313,388,38,570,570.0
236,11,15,4,669,328,82,1217,1217.0
237,11,19,4,848,655,103,1542,1542.0
238,11,24,6,1115,613,136,2028,2028.0
239,11,2,3,1204,300,146,2190,2190.0
240,12,1,4,892,345,109,1622,1622.0
241,12,16,7,298,534,37,542,542.0
242,12,9,7,1368,191,166,2488,2488.0
243,12,19,3,699,239,85,1271,1271.0
244,12,29,8,209,488,26,380,380.0
245,12,18,5,432,381,53,786,786.0
246,12,25,5,1338,242,163,2433,2433.0
247,12,21,1,1145,339,139,2082,2082.0
248,12,23,1,1056,574,128,1920,1920.0
249,12,11,4,253,582,31,460,460.0
250,12,28,8,194,476,24,353,353.0
251,12,4,9,461,673,56,839,839.0
252,12,20,4,610,458,74,1110,1110.0
253,12,14,9,1041,483,127,1893,1893.0
254,13,5,1,1011,582,123,1839,1839.0
255,13,30,9,268,366,33,488,488.0
256,13,25,9,1249,178,152,2271,2271.0
257,13,19,5,476,215,58,866,866.0
258,13,10,1,402,455,49,731,731.0
259,13,14,5,803,302,98,1460,1460.0
260,13,3,9,432,293,53,786,786.0
261,13,15,3,1368,237,166,2488,2488.0
262,13,24,3,1294,501,157,2353,2353.0
263,13,20,3,1249,182,152,2271,2271.0
264,13,11,1,1219,579,148,2217,2217.0
265,13,7,3,1234,521,150,2244,2244.0
266,13,28,9,729,643,89,1326,1326.0
267,13,17,9,699,218,85,1271,1271.0
268,13,27,7,521,621,64,948,948.0
269,13,6,7,1398,372,170,2542,2542.0
270,13,16,2,1204,156,146,2190,2190.0
271,13,2,6,268,460,33,488,488.0
272,13,4,8,595,370,73,1082,1082.0
273,13,9,6,833,652,101,1515,1515.0
274,13,12,1,640,217,78,1164,1164.0
275,13,22,5,625,479,76,1137,1137.0
276,13,23,4,283,556,35,515,515.0
277,14,6,4,1175,705,143,2137,2137.0
278,14,13,1,848,550,103,1542,1542.0
279,14,28,9,580,594,71,1055,1055.0
280,14,9,3,446,607,55,811,811.0
281,14,3,9,1011,188,123,1839,1839.0
282,14,20,1,565,397,69,1028,1028.0
283,14,15,5,1056,495,128,1920,1920.0
284,14,11,8,922,436,112,1677,1677.0
285,14,12,1,714,470,87,1299,1299.0
286,14,16,9,1338,226,163,2433,2433.0
287,14,29,5,1056,676,128,1920,1920.0
288,14,25,3,640,428,78,1164,1164.0
289,14,23,7,1264,597,154,2299,2299.0
290,14,19,5,1309,646,159,2380,2380.0
291,14,1,7,996,352,121,1811,1811.0
292,14,4,8,1383,379,168,2515,2515.0
293,14,22,6,506,705,62,920,920.0
294,14,24,7,848,415,103,1542,1542.0
295,14,8,6,595,193,73,1082,1082.0
296,14,10,7,788,190,96,1433,1433.0
297,14,21,8,1011,701,123,1839,1839.0
298,14,30,8,580,370,71,1055,1055.0
299,15,11,1,669,322,82,1217,1217.0
300,15,8,6,1234,424,150,2244,2244.0
301,15,12,8,922,528,112,1677,1677.0
302,15,27,4,1413,240,172,2570,2570.0
303,15,7,5,446,153,55,811,811.0
304,15,2,9,1368,325,166,2488,2488.0
305,15,9,8,1190,366,145,2164,2164.0
306,15,4,5,1115,379,136,2028,2028.0
307,15,13,1,372,303,46,677,677.0
308,15,16,4,1130,275,137,2055,2055.0
309,15,20,3,655,257,80,1191,1191.0
310,15,19,8,387,743,47,704,704.0
311,15,29,9,387,242,47,704,704.0
312,15,25,8,1115,744,136,2028,2028.0
313,15,21,6,328,387,40,597,597.0
314,15,23,6,387,306,47,704,704.0
315,15,1,3,952,330,116,1731,1731.0
316,15,22,7,179,476,22,326,326.0
317,15,26,3,1398,671,170,2542,2542.0
318,15,5,5,744,164,91,1353,1353.0
319,15,14,3,461,562,56,839,839.0
320,15,28,1,298,401,37,542,542.0
321,15,3,4,342,513,42,622,622.0
322,15,10,1,179,382,22,326,326.0
323,15,18,1,788,381,96,1433,1433.0
324,15,6,8,357,473,44,650,650.0
325,15,24,9,1100,421,134,2000,2000.0
326,16,15,9,967,480,118,1759,1759.0
327,16,3,2,640,249,78,1164,1164.0
328,16,2,2,328,468,40,597,597.0
329,16,19,3,1309,695,159,2380,2380.0
330,16,4,8,967,193,118,1759,1759.0
331,16,27,3,863,360,105,1570,1570.0
332,16,9,4,1175,623,143,2137,2137.0
333,16,22,8,922,369,112,1677,1677.0
334,16,24,6,446,331,55,811,811.0
335,16,5,3,1115,442,136,2028,2028.0
336,16,1,3,1130,568,137,2055,2055.0
337,16,29,3,729,303,89,1326,1326.0
338,16,8,5,1368,156,166,2488,2488.0
339,16,25,9,729,716,89,1326,1326.0
340,16,17,9,372,546,46,677,677.0
341,16,11,5,1219,442,148,2217,2217.0
342,16,13,8,1130,586,137,2055,2055.0
343,16,21,9,506,501,62,920,920.0
344,16,14,4,595,369,73,1082,1082.0
345,16,28,4,372,375,46,677,677.0
346,16,30,5,848,448,103,1542,1542.0
347,16,18,2,1249,249,152,2271,2271.0
348,16,7,8,461,415,56,839,839.0
349,16,26,3,937,428,114,1704,1704.0
350,17,14,9,684,729,83,1244,1244.0
351,17,16,2,313,419,38,570,570.0
352,17,3,5,699,595,85,1271,1271.0
353,17,18,6,982,697,120,1786,1786.0
354,17,7,1,506,221,62,920,920.0
355,17,28,5,773,361,94,1406,1406.0
356,17,6,7,164,275,20,299,299.0
357,17,23,2,565,479,69,1028,1028.0
358,17,20,5,937,278,114,1704,1704.0
359,17,12,9,417,179,51,759,759.0
360,17,11,6,1204,734,146,2190,2190.0
361,17,19,5,788,722,96,1433,1433.0
362,17,24,1,149,403,19,271,271.0
363,17,22,7,283,519,35,515,515.0
364,17,5,8,253,157,31,460,460.0
365,17,9,2,952,418,116,1731,1731.0
366,17,13,4,714,439,87,1299,1299.0
367,17,1,1,1309,565,159,2380,2380.0
368,17,30,6,238,723,29,433,433.0
369,17,21,3,1413,735,172,2570,2570.0
370,17,26,3,536,369,65,975,975.0
371,18,15,6,744,689,91,1353,1353.0
372,18,5,9,833,433,101,1515,1515.0
373,18,11,6,476,221,58,866,866.0
374,18,22,8,313,266,38,570,570.0
375,18,13,4,877,659,107,1595,1595.0
376,18,16,4,506,528,62,920,920.0
377,18,24,5,1294,553,157,2353,2353.0
378,18,8,3,1309,525,159,2380,2380.0
379,18,12,4,313,503,38,570,570.0
380,18,28,4,461,550,56,839,839.0
381,18,3,6,1190,491,145,2164,2164.0
382,18,1,9,328,677,40,597,597.0
383,18,25,1,892,401,109,1622,1622.0
384,18,9,4,1338,480,163,2433,2433.0
385,18,21,5,714,415,87,1299,1299.0
386,18,17,5,1457,637,177,2650,2650.0
387,18,4,9,996,451,121,1811,1811.0
388,18,20,2,313,234,38,570,570.0
389,18,23,4,1323,546,161,2406,2406.0
390,18,30,4,892,626,109,1622,1622.0
391,18,10,9,1442,296,175,2622,2622.0
392,18,7,5,1413,406,172,2570,2570.0
393,18,2,5,1011,233,123,1839,1839.0
394,18,6,6,714,424,87,1299,1299.0
395,18,29,4,655,568,80,1191,1191.0
396,19,29,7,387,431,47,704,704.0
397,19,2,6,610,720,74,1110,1110.0
398,19,14,6,892,698,109,1622,1622.0
399,19,18,3,536,524,65,975,975.0
400,19,24,6,402,267,49,731,731.0
401,19,28,3,417,232,51,759,759.0
402,19,13,7,1368,612,166,2488,2488.0
403,19,22,2,1100,217,134,2000,2000.0
404,19,10,9,892,676,109,1622,1622.0
405,19,16,1,521,407,64,948,948.0
406,19,21,6,1249,637,152,2271,2271.0
407,19,23,4,1264,521,154,2299,2299.0
408,19,4,4,402,691,49,731,731.0
409,19,3,6,417,586,51,759,759.0
410,19,25,8,759,644,92,1380,1380.0
411,19,1,7,1383,449,168,2515,2515.0
412,19,20,3,1115,273,136,2028,2028.0
413,19,15,2,1323,463,161,2406,2406.0
414,19,7,5,1100,188,134,2000,2000.0
415,19,5,9,476,427,58,866,866.0
416,20,7,8,432,172,53,786,786.0
417,20,16,4,729,258,89,1326,1326.0
418,20,14,8,744,340,91,1353,1353.0
419,20,24,5,937,154,114,1704,1704.0
420,20,1,9,610,182,74,1110,1110.0
421,20,9,9,1323,161,161,2406,2406.0
422,20,26,3,848,358,103,1542,1542.0
423,20,18,4,729,443,89,1326,1326.0
424,20,8,2,223,190,28,406,406.0
425,20,5,1,1472,564,179,2677,2677.0
426,20,10,5,1056,543,128,1920,1920.0
427,20,25,4,446,697,55,811,811.0
428,20,13,8,565,637,69,1028,1028.0
429,20,21,1,1368,330,166,2488,2488.0
430,20,2,4,1056,522,128,1920,1920.0
431,20,22,8,1338,588,163,2433,2433.0
432,20,29,9,1309,582,159,2380,2380.0
433,20,3,2,372,232,46,677,677.0
434,20,11,7,1100,410,134,2000,2000.0
435,20,19,7,1398,507,170,2542,2542.0
436,20,23,3,1115,616,136,2028,2028.0
437,20,4,4,1086,489,132,1975,1975.0
438,20,12,6,1279,167,156,2326,2326.0
439,20,30,1,164,205,20,299,299.0
440,20,15,7,194,542,24,353,353.0
441,20,17,3,610,488,74,1110,1110.0
442,20,27,9,1071,446,130,1948,1948.0
443,20,28,7,164,661,20,299,299.0
444,21,15,3,387,428,47,704,704.0
445,21,17,8,1472,187,179,2677,2677.0
446,21,22,1,298,284,37,542,542.0
447,21,28,9,1219,272,148,2217,2217.0
448,21,1,5,164,460,20,299,299.0
449,21,9,8,877,363,107,1595,1595.0
450,21,20,3,759,601,92,1380,1380.0
451,21,12,7,595,609,73,1082,1082.0
452,21,27,2,372,543,46,677,677.0
453,21,23,3,1457,571,177,2650,2650.0
454,21,19,7,1398,539,170,2542,2542.0
455,21,8,3,1204,169,146,2190,2190.0
456,21,29,1,550,586,67,1000,1000.0
457,21,24,3,1086,600,132,1975,1975.0
458,21,30,1,1398,468,170,2542,2542.0
459,21,25,1,982,257,120,1786,1786.0
460,21,3,1,1383,419,168,2515,2515.0
461,21,7,6,1086,698,132,1975,1975.0
462,21,26,1,744,652,91,1353,1353.0
463,21,5,1,253,281,31,460,460.0
464,21,6,3,1264,597,154,2299,2299.0
465,21,11,9,640,732,78,1164,1164.0
466,21,4,6,550,436,67,1000,1000.0
467,21,13,5,1086,199,132,1975,1975.0
468,21,14,8,1115,324,136,2028,2028.0
469,22,3,8,744,570,91,1353,1353.0
470,22,17,7,402,500,49,731,731.0
471,22,20,7,149,196,19,271,271.0
472,22,29,8,521,164,64,948,948.0
473,22,21,4,773,680,94,1406,1406.0
474,22,12,4,996,294,121,1811,1811.0
475,22,14,3,536,582,65,975,975.0
476,22,4,9,1264,415,154,2299,2299.0
477,22,30,4,655,163,80,1191,1191.0
478,22,2,9,818,740,100,1488,1488.0
479,22,16,3,729,291,89,1326,1326.0
480,22,6,1,1145,710,139,2082,2082.0
481,22,8,4,877,385,107,1595,1595.0
482,22,15,2,506,723,62,920,920.0
483,22,23,7,744,737,91,1353,1353.0
484,22,24,1,1353,705,164,2460,2460.0
485,22,25,5,669,355,82,1217,1217.0
486,22,10,6,655,460,80,1191,1191.0
487,22,9,3,892,685,109,1622,1622.0
488,22,13,9,625,588,76,1137,1137.0
489,22,19,4,1160,695,141,2110,2110.0
490,22,5,4,669,428,82,1217,1217.0
491,22,18,4,625,516,76,1137,1137.0
492,22,1,9,818,694,100,1488,1488.0
493,23,19,1,759,209,92,1380,1380.0
494,23,20,7,610,522,74,1110,1110.0
495,23,16,1,1175,305,143,2137,2137.0
496,23,26,1,684,352,83,1244,1244.0
497,23,28,9,1472,316,179,2677,2677.0
498,23,8,7,283,167,35,515,515.0
499,23,21,9,655,738,80,1191,1191.0
500,23,22,3,1249,673,152,2271,2271.0
501,23,17,2,937,685,114,1704,1704.0
502,23,1,5,342,623,42,622,622.0
503,23,25,2,521,193,64,948,948.0
504,23,14,3,1145,486,139,2082,2082.0
505,23,3,2,1026,689,125,1866,1866.0
506,23,30,8,342,741,42,622,622.0
507,23,15,7,1427,477,173,2595,2595.0
508,23,27,6,268,650,33,488,488.0
509,23,5,7,892,561,109,1622,1622.0
510,23,9,2,328,492,40,597,597.0
511,23,12,3,907,688,110,1650,1650.0
512,23,6,6,669,294,82,1217,1217.0
513,23,29,6,1249,641,152,2271,2271.0
514,23,10,3,149,713,19,271,271.0
515,23,11,2,625,454,76,1137,1137.0
516,24,20,1,1398,309,170,2542,2542.0
517,24,2,4,1086,556,132,1975,1975.0
518,24,15,1,1323,166,161,2406,2406.0
519,24,12,4,1413,531,172,2570,2570.0
520,24,11,1,1234,300,150,2244,2244.0
521,24,5,4,892,670,109,1622,1622.0
522,24,21,9,699,156,85,1271,1271.0
523,24,29,6,253,521,31,460,460.0
524,24,4,1,655,205,80,1191,1191.0
525,24,25,9,803,467,98,1460,1460.0
526,24,18,4,892,316,109,1622,1622.0
527,24,9,1,194,530,24,353,353.0
528,24,1,1,1145,571,139,2082,2082.0
529,24,6,9,328,722,40,597,597.0
530,24,16,1,1294,506,157,2353,2353.0
531,24,26,7,788,618,96,1433,1433.0
532,24,28,6,1071,679,130,1948,1948.0
533,24,30,9,1086,537,132,1975,1975.0
534,24,8,1,476,382,58,866,866.0
535,24,23,9,1100,279,134,2000,2000.0
536,24,17,4,446,689,55,811,811.0
537,25,14,2,1383,351,168,2515,2515.0
538,25,7,3,982,150,120,1786,1786.0
539,25,3,9,1442,498,175,2622,2622.0
540,25,13,8,461,176,56,839,839.0
541,25,2,1,179,613,22,326,326.0
542,25,17,1,1383,324,168,2515,2515.0
543,25,9,5,744,592,91,1353,1353.0
544,25,12,9,1398,542,170,2542,2542.0
545,25,21,3,759,667,92,1380,1380.0
546,25,30,9,1100,297,134,2000,2000.0
547,25,1,1,907,439,110,1650,1650.0
548,25,26,2,1368,378,166,2488,2488.0
549,25,23,3,1130,166,137,2055,2055.0
550,25,6,8,684,367,83,1244,1244.0
551,25,15,5,699,509,85,1271,1271.0
552,25,28,4,1026,697,125,1866,1866.0
553,25,20,4,1264,738,154,2299,2299.0
554,25,8,4,1086,637,132,1975,1975.0
555,25,4,5,1204,425,146,2190,2190.0
556,25,22,3,759,510,92,1380,1380.0
557,25,18,7,1442,406,175,2622,2622.0
558,25,5,4,1160,455,141,2110,2110.0
559,25,29,7,892,324,109,1622,1622.0
560,25,16,4,357,719,44,650,650.0
561,25,19,2,803,248,98,1460,1460.0
562,26,15,9,1413,662,172,2570,2570.0
563,26,10,2,417,269,51,759,759.0
564,26,18,9,1056,352,128,1920,1920.0
565,26,11,8,610,318,74,1110,1110.0
566,26,1,5,848,331,103,1542,1542.0
567,26,17,6,967,686,118,1759,1759.0
568,26,30,1,149,302,19,271,271.0
569,26,9,3,1219,184,148,2217,2217.0
570,26,7,4,863,720,105,1570,1570.0
571,26,28,3,684,354,83,1244,1244.0
572,26,29,6,342,272,42,622,622.0
573,26,14,9,1219,494,148,2217,2217.0
574,26,24,7,238,263,29,433,433.0
575,26,8,7,922,363,112,1677,1677.0
576,26,16,1,1204,533,146,2190,2190.0
577,26,5,8,506,234,62,920,920.0
578,26,19,5,1190,437,145,2164,2164.0
579,26,12,2,937,442,114,1704,1704.0
580,26,27,2,253,173,31,460,460.0
581,26,21,7,952,245,116,1731,1731.0
582,26,4,7,565,321,69,1028,1028.0
583,27,1,8,417,659,51,759,759.0
584,27,22,8,194,658,24,353,353.0
585,27,7,6,1472,200,179,2677,2677.0
586,27,8,6,550,446,67,1000,1000.0
587,27,10,1,907,381,110,1650,1650.0
588,27,2,9,1338,378,163,2433,2433.0
589,27,17,4,1249,291,152,2271,2271.0
590,27,20,2,372,232,46,677,677.0
591,27,14,7,342,582,42,622,622.0
592,27,11,6,298,439,37,542,542.0
593,27,28,2,238,479,29,433,433.0
594,27,30,2,238,731,29,433,433.0
595,27,3,3,1279,615,156,2326,2326.0
596,27,26,9,387,436,47,704,704.0
597,27,15,2,922,424,112,1677,1677.0
598,27,18,1,1249,258,152,2271,2271.0
599,27,9,8,179,492,22,326,326.0
600,27,5,8,937,288,114,1704,1704.0
601,27,23,9,1115,694,136,2028,2028.0
602,27,25,8,788,334,96,1433,1433.0
603,27,13,4,714,558,87,1299,1299.0
604,27,4,4,313,674,38,570,570.0
605,27,16,3,818,170,100,1488,1488.0
606,27,24,7,863,305,105,1570,1570.0
607,27,6,9,1011,267,123,1839,1839.0
608,27,29,4,714,492,87,1299,1299.0
609,27,21,3,1011,209,123,1839,1839.0
610,27,12,7,1457,360,177,2650,2650.0
611,27,19,1,521,640,64,948,948.0
612,28,21,3,744,343,91,1353,1353.0
613,28,1,3,1413,731,172,2570,2570.0
614,28,29,2,328,500,40,597,597.0
615,28,17,6,179,372,22,326,326.0
616,28,5,5,536,387,65,975,975.0
617,28,4,7,1309,491,159,2380,2380.0
618,28,14,4,1338,597,163,2433,2433.0
619,28,11,1,1115,442,136,2028,2028.0
620,28,3,6,194,308,24,353,353.0
621,28,12,9,1115,279,136,2028,2028.0
622,28,7,5,491,232,60,893,893.0
623,28,10,9,357,533,44,650,650.0
624,28,24,4,283,410,35,515,515.0
625,28,15,1,907,710,110,1650,1650.0
626,28,20,3,536,309,65,975,975.0
627,28,16,3,1279,410,156,2326,2326.0
628,28,9,5,982,275,120,1786,1786.0
629,28,27,6,1115,622,136,2028,2028.0
630,29,25,9,1234,395,150,2244,2244.0
631,29,13,3,1338,275,163,2433,2433.0
632,29,22,9,729,518,89,1326,1326.0
633,29,17,8,937,504,114,1704,1704.0
634,29,7,6,1353,355,164,2460,2460.0
635,29,24,9,342,539,42,622,622.0
636,29,6,9,491,300,60,893,893.0
637,29,12,5,877,223,107,1595,1595.0
638,29,3,6,1353,658,164,2460,2460.0
639,29,15,4,1353,355,164,2460,2460.0
640,29,1,4,565,543,69,1028,1028.0
641,29,30,7,253,738,31,460,460.0
642,29,14,8,194,315,24,353,353.0
643,29,11,1,550,269,67,1000,1000.0
644,29,26,8,1368,364,166,2488,2488.0
645,29,28,1,967,668,118,1759,1759.0
646,29,4,4,655,673,80,1191,1191.0
647,29,5,8,982,728,120,1786,1786.0
648,29,21,5,625,539,76,1137,1137.0
649,29,27,9,1472,725,179,2677,2677.0
650,29,10,1,1264,515,154,2299,2299.0
651,29,16,3,744,299,91,1353,1353.0
652,29,8,6,387,680,47,704,704.0
653,29,19,8,1368,442,166,2488,2488.0
654,29,23,2,1398,439,170,2542,2542.0
655,30,1,9,1398,589,170,2542,2542.0
656,30,17,8,461,743,56,839,839.0
657,30,8,5,1011,626,123,1839,1839.0
658,30,20,7,892,698,109,1622,1622.0
659,30,2,3,387,597,47,704,704.0
660,30,15,1,1056,634,128,1920,1920.0
661,30,22,2,432,187,53,786,786.0
662,30,14,4,1086,443,132,1975,1975.0
663,30,10,4,788,156,96,1433,1433.0
664,30,12,1,729,389,89,1326,1326.0
665,30,26,5,268,379,33,488,488.0
666,30,25,6,1071,607,130,1948,1948.0
667,30,18,7,1442,205,175,2622,2622.0
668,30,28,6,580,734,71,1055,1055.0
669,30,4,4,342,333,42,622,622.0
670,30,9,6,402,711,49,731,731.0
671,30,19,7,1160,309,141,2110,2110.0
672,30,13,3,1338,333,163,2433,2433.0
673,30,29,6,1413,734,172,2570,2570.0
674,30,21,2,1427,637,173,2595,2595.0
675,30,3,1,892,509,109,1622,1622.0
676,30,24,5,1190,397,145,2164,2164.0
677,30,23,8,714,646,87,1299,1299.0
678,30,27,9,714,550,87,1299,1299.0
COMMODITIES,400
0,18,3,52,72,191,1075,2871.0
1,15,23,28,71,156,1056,2349.0
2,9,2,40,73,170,1082,2564.0
3,5,30,40,78,184,1162,2768.0
4,9,4,51,36,135,529,2034.0
5,29,18,74,63,237,944,3564.0
6,2,14,67,81,199,1208,2993.0
7,19,17,21,99,205,1478,3079.0
8,6,20,41,88,186,1318,2791.0
9,18,10,36,80,198,1198,2976.0
10,19,21,50,48,169,708,2539.0
11,22,9,66,35,153,524,2303.0
12,21,7,61,85,213,1273,3196.0
13,9,21,32,52,97,770,1460.0
14,27,25,52,91,222,1365,3344.0
15,13,29,42,106,238,1580,3583.0
16,15,6,16,95,165,1416,2488.0
17,2,22,61,95,194,1419,2912.0
18,3,8,33,105,210,1565,3154.0
19,14,9,56,70,157,1046,2360.0
20,6,10,18,29,115,431,1733.0
21,6,22,45,71,158,1064,2384.0
22,30,20,74,91,192,1361,2887.0
23,17,7,72,3,97,42,1455.0
24,25,21,58,98,217,1463,3262.0
25,30,24,56,78,173,1161,2607.0
26,19,30,18,69,181,1031,2727.0
27,10,22,18,69,143,1023,2150.0
28,24,17,57,74,167,1100,2508.0
29,16,20,50,109,243,1631,3646.0
30,8,17,57,105,197,1564,2969.0
31,22,30,71,98,164,1462,2464.0
32,9,13,57,74,140,1101,2101.0
33,14,21,61,69,167,1033,2507.0
34,17,20,37,53,136,782,2040.0
35,9,16,58,52,123,776,1856.0
36,12,1,19,79,183,1173,2759.0
37,27,28,58,64,141,953,2115.0
38,29,25,41,93,218,1382,3272.0
39,6,23,47,51,149,758,2249.0
40,1,13,66,57,176,842,2645.0
41,8,25,15,83,209,1231,3135.0
42,17,23,51,67,168,995,2524.0
43,5,27,41,71,192,1058,2888.0
44,27,5,44,33,118,484,1773.0
45,5,29,45,75,208,1121,3126.0
46,13,23,53,34,101,506,1527.0
47,7,17,31,56,143,840,2149.0
48,23,12,61,104,240,1559,3601.0
49,7,2,25,90,196,1336,2947.0
50,26,17,26,87,203,1299,3053.0
51,20,13,36,75,173,1122,2597.0
52,16,7,45,82,178,1228,2683.0
53,28,7,74,55,137,815,2062.0
54,1,4,30,123,267,1834,4019.0
55,5,28,51,63,156,936,2352.0
56,21,1,28,115,170,1720,2557.0
57,9,6,59,81,162,1203,2433.0
58,25,13,56,85,178,1265,2674.0
59,29,19,16,13,180,192,2701.0
60,5,23,53,79,161,1171,2416.0
61,6,17,31,62,197,923,2957.0
62,25,4,21,89,249,1324,3742.0
63,26,20,56,69,173,1028,2598.0
64,19,27,48,41,171,601,2579.0
65,27,24,43,27,125,391,1881.0
66,28,13,40,118,240,1761,3603.0
67,18,29,51,58,161,864,2424.0
68,3,23,74,57,128,854,1926.0
69,19,23,17,38,167,564,2515.0
70,15,9,41,98,203,1464,3051.0
71,18,7,71,108,222,1618,3343.0
72,24,8,29,58,139,864,2097.0
73,14,4,27,43,185,637,2786.0
74,15,14,18,87,174,1301,2622.0
75,10,25,68,71,216,1059,3244.0
76,5,17,72,72,186,1071,2796.0
77,18,17,41,110,221,1637,3329.0
78,17,21,45,99,198,1475,2979.0
79,18,6,28,42,179,624,2690.0
80,20,9,62,65,166,974,2493.0
81,2,28,62,55,147,814,2214.0
82,12,2,54,89,198,1334,2977.0
83,19,15,15,69,196,1030,2949.0
84,28,9,59,65,166,973,2492.0
85,27,16,44,106,201,1579,3026.0
86,3,30,74,31,90,452,1364.0
87,28,1,35,84,203,1260,3053.0
88,30,8,66,104,205,1553,3080.0
89,27,3,27,52,134,775,2013.0
90,25,5,49,71,196,1058,2948.0
91,4,1,71,68,198,1008,2983.0
92,22,15,62,68,144,1011,2172.0
93,17,16,24,70,137,1036,2056.0
94,26,16,62,63,171,945,2578.0
95,20,1,40,56,166,838,2498.0
96,6,16,55,84,188,1253,2827.0
97,19,9,38,54,162,800,2430.0
98,30,19,16,77,200,1144,3004.0
99,4,11,21,86,194,1284,2915.0
100,2,11,53,88,205,1319,3077.0
101,4,8,26,13,152,189,2293.0
102,26,25,15,53,207,792,3114.0
103,16,21,31,54,162,797,2434.0
104,7,23,20,72,185,1068,2782.0
105,29,7,15,74,177,1097,2656.0
106,29,10,19,88,207,1313,3115.0
107,16,9,63,68,178,1019,2682.0
108,26,7,15,84,206,1251,3096.0
109,25,8,69,98,166,1470,2497.0
110,23,10,63,68,128,1010,1920.0
111,2,27,27,59,156,874,2344.0
112,26,23,39,56,190,827,2860.0
113,13,18,59,30,182,447,2737.0
114,2,24,61,41,130,604,1960.0
115,9,30,52,80,165,1193,2475.0
116,21,25,41,62,211,924,3175.0
117,22,2,46,62,185,925,2780.0
118,28,19,27,112,263,1677,3946.0
119,16,2,63,70,153,1049,2299.0
120,12,22,63,38,146,560,2197.0
121,30,25,74,81,241,1213,3626.0
122,16,24,41,66,167,981,2511.0
123,14,28,40,86,195,1290,2932.0
124,9,27,67,97,152,1451,2280.0
125,13,7,25,52,147,771,2205.0
126,15,27,61,80,194,1197,2916.0
127,16,13,18,41,192,605,2890.0
128,8,23,65,111,213,1665,3202.0
129,25,11,52,64,174,954,2614.0
130,15,19,50,95,169,1412,2547.0
131,14,24,32,43,175,635,2626.0
132,2,23,57,48,118,717,1781.0
133,15,13,36,91,168,1355,2522.0
134,29,22,58,65,197,969,2966.0
135,12,3,62,91,176,1351,2650.0
136,14,20,58,44,144,647,2162.0
137,24,10,62,64,141,948,2122.0
138,29,23,36,35,177,518,2655.0
139,26,8,70,61,175,914,2634.0
140,17,1,17,85,200,1265,3014.0
141,21,18,68,76,235,1133,3533.0
142,24,11,19,68,184,1017,2764.0
143,30,22,55,68,143,1010,2149.0
144,16,28,22,70,146,1049,2196.0
145,26,10,71,62,133,921,1999.0
146,17,4,57,91,199,1359,2996.0
147,28,16,29,81,173,1215,2607.0
148,30,5,59,47,158,702,2382.0
149,7,16,62,61,171,909,2574.0
150,7,1,74,69,119,1023,1790.0
151,4,13,43,53,192,791,2891.0
152,30,17,29,40,128,590,1923.0
153,29,6,57,92,189,1374,2839.0
154,22,17,40,77,165,1150,2487.0
155,3,24,29,64,184,951,2761.0
156,13,20,57,18,149,269,2245.0
157,14,23,61,50,205,743,3075.0
158,19,6,52,63,169,943,2546.0
159,14,25,68,52,164,780,2462.0
160,7,13,29,77,211,1148,3173.0
161,19,18,41,117,214,1748,3214.0
162,17,5,23,83,145,1236,2185.0
163,21,15,18,62,141,918,2125.0
164,24,3,68,97,195,1453,2936.0
165,22,28,23,43,114,639,1724.0
166,19,16,43,62,174,930,2610.0
167,26,19,20,57,185,853,2784.0
168,11,21,49,66,173,983,2603.0
169,13,11,56,74,200,1104,3007.0
170,13,24,66,66,178,977,2680.0
171,24,5,20,126,219,1879,3286.0
172,16,15,17,59,169,879,2547.0
173,25,19,52,42,132,616,1981.0
174,30,11,58,60,190,891,2860.0
175,5,20,70,88,175,1308,2632.0
176,20,16,34,53,154,787,2322.0
177,4,29,72,72,163,1072,2454.0
178,11,5,33,101,209,1512,3144.0
179,23,30,72,80,164,1199,2462.0
180,25,22,42,84,201,1254,3029.0
181,30,6,21,93,209,1383,3142.0
182,8,14,19,63,171,936,2575.0
183,2,4,29,42,170,618,2562.0
184,9,5,53,89,150,1330,2261.0
185,18,20,42,63,135,944,2029.0
186,23,6,54,87,194,1291,2922.0
187,25,2,55,68,133,1016,1998.0
188,5,19,43,90,214,1338,3217.0
189,6,7,17,73,189,1093,2842.0
190,9,14,56,91,190,1358,2856.0
191,4,20,45,48,171,712,2575.0
192,28,27,19,73,190,1092,2856.0
193,14,7,38,76,196,1128,2942.0
194,20,12,44,26,153,384,2300.0
195,16,23,31,112,213,1668,3204.0
196,8,20,32,88,171,1315,2577.0
197,15,18,50,102,229,1527,3448.0
198,9,3,68,70,141,1043,2129.0
199,9,7,44,73,175,1086,2632.0
200,9,15,18,40,88,590,1320.0
201,1,10,73,72,181,1076,2728.0
202,10,27,27,79,180,1181,2707.0
203,2,3,22,67,153,1004,2307.0
204,27,7,31,44,157,651,2364.0
205,25,1,24,83,206,1232,3093.0
206,25,27,45,110,233,1646,3503.0
207,26,5,68,87,178,1300,2680.0
208,12,10,65,44,136,646,2053.0
209,24,18,51,73,223,1094,3353.0
210,11,4,65,78,173,1156,2608.0
211,7,24,70,61,155,908,2329.0
212,15,24,60,43,149,641,2239.0
213,1,6,28,70,205,1043,3087.0
214,19,28,27,82,171,1224,2569.0
215,3,11,15,87,226,1298,3401.0
216,5,1,20,95,194,1419,2918.0
217,19,26,58,122,228,1817,3421.0
218,25,16,61,86,156,1289,2346.0
219,9,22,49,44,123,650,1859.0
220,2,13,54,37,160,554,2414.0
221,4,7,39,73,198,1093,2971.0
222,6,15,30,73,125,1084,1876.0
223,27,29,45,60,167,892,2506.0
224,25,7,73,36,126,537,1893.0
225,7,5,21,106,172,1578,2587.0
226,15,4,50,64,190,953,2858.0
227,3,16,41,99,199,1479,2988.0
228,5,9,58,20,130,289,1953.0
229,7,4,33,44,148,652,2231.0
230,15,8,62,90,194,1337,2921.0
231,20,22,68,77,164,1146,2464.0
232,22,3,26,16,111,230,1672.0
233,10,8,21,99,217,1482,3266.0
234,14,6,39,35,164,519,2471.0
235,4,9,41,91,196,1354,2951.0
236,4,27,36,71,149,1059,2239.0
237,22,14,42,75,174,1115,2612.0
238,10,6,69,105,211,1570,3179.0
239,5,6,59,94,149,1401,2241.0
240,3,21,41,80,187,1192,2806.0
241,9,23,34,70,175,1039,2632.0
242,6,2,36,93,231,1395,3472.0
243,8,15,44,58,121,857,1820.0
244,5,8,59,36,136,528,2049.0
245,23,13,61,86,192,1282,2890.0
246,10,15,63,65,123,971,1847.0
247,16,18,17,69,231,1034,3475.0
248,19,12,70,78,217,1158,3258.0
249,24,23,57,83,214,1231,3210.0
250,21,6,27,50,141,746,2128.0
251,30,7,18,72,201,1068,3020.0
252,26,11,23,58,167,870,2507.0
253,21,23,44,61,177,902,2655.0
254,28,3,58,78,145,1156,2183.0
255,6,27,53,87,232,1305,3493.0
256,10,16,45,56,107,831,1611.0
257,24,12,67,92,233,1375,3495.0
258,9,10,52,73,124,1086,1874.0
259,30,2,60,87,175,1293,2626.0
260,29,26,74,43,140,643,2108.0
261,25,23,19,82,173,1228,2603.0
262,4,6,48,124,248,1852,3734.0
263,23,29,44,48,157,710,2368.0
264,27,12,23,71,207,1058,3111.0
265,14,5,68,64,185,950,2786.0
266,1,5,40,73,178,1087,2677.0
267,12,21,66,48,177,717,2655.0
268,24,27,48,70,150,1040,2255.0
269,12,9,56,67,184,1004,2766.0
270,27,6,46,66,172,986,2591.0
271,8,28,65,50,125,736,1885.0
272,29,2,37,86,196,1283,2954.0
273,1,21,43,107,211,1600,3167.0
274,18,4,61,81,222,1214,3333.0
275,9,17,62,76,147,1138,2205.0
276,27,17,74,60,136,900,2047.0
277,7,15,63,80,170,1196,2559.0
278,30,21,21,46,143,679,2148.0
279,29,5,74,71,201,1056,3024.0
280,25,10,56,73,177,1089,2660.0
281,12,17,24,52,131,766,1968.0
282,29,30,34,74,140,1103,2111.0
283,15,26,50,126,260,1885,3912.0
284,20,7,21,40,123,591,1858.0
285,5,26,32,79,203,1176,3055.0
286,26,29,59,80,140,1195,2101.0
287,30,4,65,66,136,979,2043.0
288,8,24,57,68,134,1016,2022.0
289,1,22,16,32,165,471,2476.0
290,10,30,74,84,189,1258,2847.0
291,26,6,73,62,160,921,2406.0
292,3,13,47,79,209,1184,3139.0
293,24,25,70,57,190,851,2860.0
294,15,7,22,71,161,1055,2425.0
295,10,9,64,52,128,772,1928.0
296,15,28,37,84,154,1248,2311.0
297,29,12,65,75,222,1120,3342.0
298,24,19,65,96,222,1431,3339.0
299,24,28,70,23,100,337,1513.0
300,16,8,64,52,149,773,2236.0
301,5,3,46,84,194,1246,2917.0
302,14,29,15,76,199,1133,2991.0
303,22,29,52,80,174,1198,2617.0
304,16,12,32,71,194,1061,2917.0
305,1,19,32,63,180,941,2704.0
306,17,18,58,11,149,158,2249.0
307,29,20,45,60,172,887,2582.0
308,29,13,18,60,186,888,2791.0
309,20,4,65,71,170,1057,2560.0
310,6,4,51,82,240,1217,3610.0
311,25,15,66,71,167,1052,2512.0
312,23,15,19,72,156,1076,2347.0
313,19,7,25,106,251,1579,3772.0
314,25,14,72,31,173,462,2597.0
315,22,27,33,22,156,322,2344.0
316,21,27,53,62,144,922,2170.0
317,10,3,30,70,171,1038,2573.0
318,10,1,36,87,183,1299,2753.0
319,9,29,54,24,101,356,1519.0
320,22,11,29,75,234,1121,3524.0
321,3,12,17,43,175,637,2627.0
322,16,22,73,58,173,863,2600.0
323,30,28,22,54,157,806,2369.0
324,5,2,66,85,165,1270,2481.0
325,2,8,44,92,159,1377,2387.0
326,1,30,52,60,193,888,2907.0
327,11,10,34,60,162,894,2433.0
328,2,25,16,75,202,1113,3036.0
329,26,27,22,68,141,1015,2128.0
330,24,29,25,61,128,914,1927.0
331,21,2,49,34,125,508,1876.0
332,9,18,60,67,221,1005,3323.0
333,21,8,63,53,171,783,2577.0
334,6,25,48,90,252,1336,3784.0
335,11,22,52,119,239,1780,3596.0
336,6,8,28,45,171,665,2567.0
337,12,7,41,62,184,929,2770.0
338,28,14,48,65,159,967,2391.0
339,8,27,60,78,187,1157,2812.0
340,6,9,21,44,176,658,2654.0
341,28,30,15,59,154,885,2319.0
342,29,17,38,62,179,925,2685.0
343,4,5,45,84,169,1248,2547.0
344,16,25,70,91,206,1360,3104.0
345,25,24,71,71,182,1060,2742.0
346,25,29,23,24,144,346,2170.0
347,6,26,66,56,169,838,2545.0
348,25,20,47,64,170,960,2563.0
349,18,24,44,25,151,362,2278.0
350,26,22,67,81,174,1208,2620.0
351,16,10,15,84,203,1256,3051.0
352,13,17,53,67,181,998,2720.0
353,7,8,66,89,200,1322,3001.0
354,12,6,26,47,151,697,2271.0
355,25,3,59,88,193,1315,2896.0
356,6,5,34,90,207,1338,3105.0
357,28,11,15,72,213,1068,3199.0
358,18,5,63,44,186,652,2796.0
359,6,28,25,91,196,1353,2945.0
360,19,1,41,82,213,1222,3200.0
361,2,12,36,66,135,988,2025.0
362,13,26,24,65,164,975,2463.0
363,30,16,70,109,235,1628,3532.0
364,22,1,58,88,218,1307,3282.0
365,25,6,25,63,184,935,2761.0
366,10,2,24,42,125,627,1884.0
367,19,22,21,116,254,1727,3815.0
368,27,1,45,48,134,709,2013.0
369,10,28,47,67,150,993,2257.0
370,21,3,32,76,186,1132,2804.0
371,13,4,63,128,232,1914,3480.0
372,22,25,45,62,171,921,2574.0
373,16,5,63,76,190,1135,2860.0
374,2,19,41,104,190,1550,2856.0
375,16,27,70,99,236,1472,3548.0
376,27,30,34,64,126,958,1895.0
377,16,1,51,65,183,974,2747.0
378,28,21,51,66,171,983,2568.0
379,28,24,61,59,133,884,2003.0
380,21,10,60,58,157,865,2359.0
381,17,8,51,44,152,660,2293.0
382,25,26,68,47,148,700,2220.0
383,19,5,60,70,160,1048,2404.0
384,12,29,69,115,171,1724,2576.0
385,20,15,18,66,136,980,2048.0
386,29,14,73,53,108,790,1628.0
387,16,30,52,38,146,566,2201.0
388,24,16,19,109,210,1635,3154.0
389,27,11,46,65,130,973,1957.0
390,19,8,18,68,192,1008,2886.0
391,11,30,31,88,179,1306,2699.0
392,27,23,28,35,158,514,2373.0
393,4,30,55,70,135,1043,2025.0
394,26,13,49,75,196,1122,2954.0
395,25,9,69,41,169,610,2546.0
396,10,13,19,84,187,1246,2805.0
397,29,3,57,95,205,1423,3081.0
398,24,9,21,47,103,698,1548.0
399,25,30,25,62,176,923,2640.0
horizon=267
