NODES,30
1,1,-,-
2,2,-,-
3,3,-,-
4,4,-,-
5,5,-,-
6,6,-,-
7,7,-,-
8,8,-,-
9,9,-,-
10,10,-,-
11,11,-,-
12,12,-,-
13,13,-,-
14,14,-,-
15,15,-,-
16,16,-,-
17,17,-,-
18,18,-,-
19,19,-,-
20,20,-,-
21,21,-,-
22,22,-,-
23,23,-,-
24,24,-,-
25,25,-,-
26,26,-,-
27,27,-,-
28,28,-,-
29,29,-,-
30,30,-,-
ARCS,678
0,1,9,2,485,523,59,882,882.0
1,1,6,4,111,454,14,202,202.0
2,1,13,9,479,536,59,871,871.0
3,1,19,4,508,527,62,924,924.0
4,1,7,3,245,497,30,446,446.0
5,1,4,9,333,282,41,606,606.0
6,1,23,8,181,432,22,330,330.0
7,1,5,9,549,355,67,999,999.0
8,1,2,2,315,523,39,573,573.0
9,1,20,7,572,461,70,1040,1040.0
10,1,16,2,397,381,49,722,722.0
11,1,11,9,531,465,65,966,966.0
12,1,12,4,380,544,47,691,691.0
13,1,21,4,140,222,17,255,255.0
14,1,26,8,88,290,11,160,160.0
15,1,18,2,555,509,68,1010,1010.0
16,1,15,2,205,317,25,373,373.0
17,1,3,6,455,377,56,828,828.0
18,1,28,5,525,354,64,955,955.0
19,1,24,4,356,528,44,648,648.0
20,1,25,8,234,245,29,426,426.0
21,1,29,2,228,498,28,415,415.0
22,2,14,6,170,289,21,310,310.0
23,2,5,1,578,187,71,1051,1051.0
24,2,25,3,88,196,11,160,160.0
25,2,6,6,199,194,25,362,362.0
26,2,18,1,455,295,56,828,828.0
27,2,4,3,432,404,53,786,786.0
28,2,21,3,152,259,19,277,277.0
29,2,24,9,210,449,26,382,382.0
30,2,27,9,310,295,38,564,564.0
31,2,15,2,199,312,25,362,362.0
32,2,29,1,333,164,41,606,606.0
33,2,28,7,228,293,28,415,415.0
34,2,11,5,65,520,8,119,119.0
35,2,1,9,257,328,32,468,468.0
36,2,13,2,135,328,17,246,246.0
37,2,19,4,123,528,15,224,224.0
38,2,8,1,333,534,41,606,606.0
39,2,3,2,560,549,68,1019,1019.0
40,2,9,3,333,176,41,606,606.0
41,2,17,2,59,221,8,108,108.0
42,2,7,2,531,223,65,966,966.0
43,2,22,8,135,485,17,246,246.0
44,2,12,5,356,126,44,648,648.0
45,2,23,7,444,300,54,808,808.0
46,2,26,8,76,401,10,139,139.0
47,3,27,3,292,255,36,531,531.0
48,3,4,2,350,486,43,637,637.0
49,3,29,4,520,333,64,946,946.0
50,3,8,4,175,204,22,319,319.0
51,3,5,4,245,430,30,446,446.0
52,3,9,6,572,354,70,1040,1040.0
53,3,1,9,263,521,32,479,479.0
54,3,10,6,234,326,29,426,426.0
55,3,2,1,140,560,17,255,255.0
56,3,24,1,420,541,51,764,764.0
57,3,7,4,65,498,8,119,119.0
58,3,6,8,257,324,32,468,468.0
59,3,14,5,65,396,8,119,119.0
60,3,23,6,385,514,47,700,700.0
61,3,19,2,94,144,12,171,171.0
62,3,11,2,496,180,61,902,902.0
63,3,16,4,467,308,57,850,850.0
64,3,15,7,257,479,32,468,468.0
65,3,26,1,152,208,19,277,277.0
66,3,18,2,129,528,16,235,235.0
67,3,17,3,257,220,32,468,468.0
68,3,20,2,444,571,54,808,808.0
69,4,19,4,286,302,35,520,520.0
70,4,9,4,181,255,22,330,330.0
71,4,2,5,572,134,70,1040,1040.0
72,4,23,3,275,188,34,500,500.0
73,4,15,5,409,502,50,744,744.0
74,4,17,4,216,268,27,393,393.0
75,4,22,6,520,510,64,946,946.0
76,4,14,1,350,390,43,637,637.0
77,4,11,2,140,247,17,255,255.0
78,4,13,7,531,134,65,966,966.0
79,4,6,1,170,355,21,310,310.0
80,4,5,1,310,574,38,564,564.0
81,4,10,2,170,376,21,310,310.0
82,4,18,6,345,269,42,628,628.0
83,4,20,2,403,178,49,733,733.0
84,4,27,8,269,160,33,490,490.0
85,5,3,1,502,447,61,913,913.0
86,5,10,3,467,174,57,850,850.0
87,5,15,8,327,524,40,595,595.0
88,5,26,2,403,512,49,733,733.0
89,5,14,2,70,442,9,128,128.0
90,5,24,1,525,356,64,955,955.0
91,5,25,3,280,235,34,510,510.0
92,5,21,3,59,174,8,108,108.0
93,5,16,8,82,127,10,150,150.0
94,5,8,7,531,535,65,966,966.0
95,5,4,7,280,378,34,510,510.0
96,5,9,6,286,388,35,520,520.0
97,5,7,3,105,406,13,191,191.0
98,5,27,5,65,144,8,119,119.0
99,5,1,6,315,477,39,573,573.0
100,5,12,8,473,289,58,860,860.0
101,5,6,2,304,443,37,553,553.0
102,5,2,5,485,413,59,882,882.0
103,5,19,2,251,264,31,457,457.0
104,5,22,9,310,360,38,564,564.0
105,5,13,2,514,433,63,935,935.0
106,5,17,1,146,554,18,266,266.0
107,5,20,2,240,272,30,437,437.0
108,5,29,5,65,152,8,119,119.0
109,5,11,2,199,338,25,362,362.0
110,5,30,8,123,426,15,224,224.0
111,5,28,5,187,357,23,340,340.0
112,6,23,4,409,226,50,744,744.0
113,6,11,7,327,277,40,595,595.0
114,6,16,7,205,215,25,373,373.0
115,6,17,5,385,192,47,700,700.0
116,6,12,9,450,247,55,819,819.0
117,6,9,6,263,473,32,479,479.0
118,6,19,1,333,230,41,606,606.0
119,6,20,4,310,166,38,564,564.0
120,6,15,7,385,222,47,700,700.0
121,6,3,6,210,572,26,382,382.0
122,6,7,2,520,151,64,946,946.0
123,6,14,9,432,559,53,786,786.0
124,6,10,2,397,471,49,722,722.0
125,6,8,3,105,556,13,191,191.0
126,6,30,4,485,505,59,882,882.0
127,6,29,9,560,366,68,1019,1019.0
128,6,24,7,368,176,45,670,670.0
129,6,28,9,555,255,68,1010,1010.0
130,6,21,5,228,170,28,415,415.0
131,6,18,7,94,245,12,171,171.0
132,6,5,8,514,455,63,935,935.0
133,6,22,8,210,189,26,382,382.0
134,6,25,9,455,446,56,828,828.0
135,6,2,3,187,351,23,340,340.0
136,6,26,7,240,208,30,437,437.0
137,6,27,3,88,319,11,160,160.0
138,7,14,3,257,277,32,468,468.0
139,7,24,2,82,173,10,150,150.0
140,7,6,8,263,381,32,479,479.0
141,7,8,4,438,516,54,797,797.0
142,7,4,5,298,324,37,542,542.0
143,7,17,1,420,135,51,764,764.0
144,7,18,8,467,118,57,850,850.0
145,7,5,2,94,181,12,171,171.0
146,7,10,2,175,119,22,319,319.0
147,7,3,5,170,458,21,310,310.0
148,7,28,9,251,259,31,457,457.0
149,7,22,1,514,342,63,935,935.0
150,7,20,3,88,575,11,160,160.0
151,7,27,8,356,144,44,648,648.0
152,7,15,2,490,542,60,891,891.0
153,7,26,2,520,203,64,946,946.0
154,7,16,5,555,136,68,1010,1010.0
155,7,30,4,350,141,43,637,637.0
156,8,10,2,415,480,51,755,755.0
157,8,28,7,263,291,32,479,479.0
158,8,6,4,228,236,28,415,415.0
159,8,20,4,164,440,20,299,299.0
160,8,3,8,397,349,49,722,722.0
161,8,29,6,315,574,39,573,573.0
162,8,1,7,210,417,26,382,382.0
163,8,12,2,123,517,15,224,224.0
164,8,2,6,234,486,29,426,426.0
165,8,30,4,321,545,39,584,584.0
166,8,4,1,461,435,56,839,839.0
167,8,14,8,485,546,59,882,882.0
168,8,23,1,537,425,66,977,977.0
169,8,25,2,572,500,70,1040,1040.0
170,8,5,1,251,466,31,457,457.0
171,8,18,3,345,480,42,628,628.0
172,8,16,1,135,250,17,246,246.0
173,8,21,7,310,211,38,564,564.0
174,9,25,6,216,484,27,393,393.0
175,9,30,9,479,368,59,871,871.0
176,9,20,7,105,231,13,191,191.0
177,9,11,4,117,403,15,213,213.0
178,9,4,9,263,232,32,479,479.0
179,9,27,2,362,440,44,659,659.0
180,9,14,5,175,529,22,319,319.0
181,9,28,5,473,548,58,860,860.0
182,9,6,8,251,265,31,457,457.0
183,9,5,7,467,213,57,850,850.0
184,9,24,7,525,306,64,955,955.0
185,9,23,8,152,238,19,277,277.0
186,9,17,9,467,291,57,850,850.0
187,9,2,4,251,129,31,457,457.0
188,9,8,9,514,510,63,935,935.0
189,9,22,6,170,556,21,310,310.0
190,9,18,7,362,164,44,659,659.0
191,9,29,3,426,361,52,775,775.0
192,9,26,2,385,537,47,700,700.0
193,9,13,7,362,174,44,659,659.0
194,10,15,1,403,568,49,733,733.0
195,10,7,1,292,289,36,531,531.0
196,10,28,4,164,167,20,299,299.0
197,10,2,6,479,217,59,871,871.0
198,10,9,5,566,300,69,1030,1030.0
199,10,17,5,578,184,71,1051,1051.0
200,10,19,9,350,486,43,637,637.0
201,10,21,7,275,233,34,500,500.0
202,10,22,7,333,528,41,606,606.0
203,10,11,3,210,302,26,382,382.0
204,10,3,6,566,468,69,1030,1030.0
205,10,5,8,473,469,58,860,860.0
206,10,20,8,508,368,62,924,924.0
207,10,18,9,117,192,15,213,213.0
208,10,12,8,292,199,36,531,531.0
209,10,13,8,199,397,25,362,362.0
210,10,4,8,175,246,22,319,319.0
211,10,27,1,164,167,20,299,299.0
212,10,24,3,485,549,59,882,882.0
213,10,6,5,560,273,68,1019,1019.0
214,10,23,1,88,412,11,160,160.0
215,10,16,2,490,125,60,891,891.0
216,10,8,8,362,338,44,659,659.0
217,10,30,1,193,408,24,351,351.0
218,10,26,5,356,254,44,648,648.0
219,11,2,5,327,455,40,595,595.0
220,11,18,5,327,401,40,595,595.0
221,11,25,1,187,539,23,340,340.0
222,11,21,1,502,385,61,913,913.0
223,11,6,9,222,280,27,404,404.0
224,11,28,3,333,430,41,606,606.0
225,11,9,4,525,536,64,955,955.0
226,11,24,9,158,376,20,288,288.0
227,11,1,4,94,389,12,171,171.0
228,11,4,2,286,209,35,520,520.0
229,11,29,1,525,400,64,955,955.0
230,11,8,9,88,356,11,160,160.0
231,11,23,3,70,391,9,128,128.0
232,11,30,2,193,221,24,351,351.0
233,11,22,5,549,249,67,999,999.0
234,11,15,8,380,558,47,691,691.0
235,11,5,5,210,192,26,382,382.0
236,11,20,9,345,301,42,628,628.0
237,11,14,6,333,164,41,606,606.0
238,11,16,3,549,440,67,999,999.0
239,11,19,9,187,357,23,340,340.0
240,11,17,9,146,316,18,266,266.0
241,11,13,9,210,283,26,382,382.0
242,11,7,4,543,435,66,988,988.0
243,12,25,5,327,485,40,595,595.0
244,12,22,4,473,291,58,860,860.0
245,12,11,7,304,166,37,553,553.0
246,12,20,2,245,243,30,446,446.0
247,12,7,6,304,381,37,553,553.0
248,12,30,3,94,560,12,171,171.0
249,12,26,7,222,544,27,404,404.0
250,12,3,2,327,543,40,595,595.0
251,12,17,3,339,542,42,617,617.0
252,12,27,3,426,471,52,775,775.0
253,12,14,4,525,131,64,955,955.0
254,12,4,8,397,404,49,722,722.0
255,12,24,7,368,122,45,670,670.0
256,12,28,3,263,403,32,479,479.0
257,12,9,4,496,574,61,902,902.0
258,12,18,9,286,204,35,520,520.0
259,12,8,5,245,284,30,446,446.0
260,12,15,7,205,541,25,373,373.0
261,12,6,3,263,464,32,479,479.0
262,12,16,7,415,492,51,755,755.0
263,12,2,6,292,470,36,531,531.0
264,12,29,3,164,340,20,299,299.0
265,12,1,8,321,359,39,584,584.0
266,12,23,9,397,420,49,722,722.0
267,12,10,2,245,560,30,446,446.0
268,12,13,6,380,348,47,691,691.0
269,12,21,2,397,424,49,722,722.0
270,13,29,8,514,131,63,935,935.0
271,13,3,9,82,209,10,150,150.0
272,13,22,2,444,351,54,808,808.0
273,13,7,6,397,233,49,722,722.0
274,13,25,3,269,575,33,490,490.0
275,13,18,5,409,417,50,744,744.0
276,13,24,2,181,222,22,330,330.0
277,13,28,7,100,537,13,182,182.0
278,13,16,7,496,379,61,902,902.0
279,13,8,3,105,192,13,191,191.0
280,13,4,5,385,366,47,700,700.0
281,13,21,2,181,138,22,330,330.0
282,13,5,6,129,483,16,235,235.0
283,13,9,1,362,333,44,659,659.0
284,13,30,3,70,302,9,128,128.0
285,13,20,6,368,167,45,670,670.0
286,13,1,7,485,217,59,882,882.0
287,13,10,3,170,297,21,310,310.0
288,13,11,7,578,221,71,1051,1051.0
289,14,16,4,70,155,9,128,128.0
290,14,18,8,549,386,67,999,999.0
291,14,19,8,490,422,60,891,891.0
292,14,5,8,333,520,41,606,606.0
293,14,6,7,135,404,17,246,246.0
294,14,22,6,310,428,38,564,564.0
295,14,1,8,135,181,17,246,246.0
296,14,23,4,479,545,59,871,871.0
297,14,9,7,100,216,13,182,182.0
298,14,3,8,473,412,58,860,860.0
299,14,15,2,76,545,10,139,139.0
300,14,10,3,409,297,50,744,744.0
301,14,26,6,257,400,32,468,468.0
302,14,12,8,560,312,68,1019,1019.0
303,14,29,8,164,355,20,299,299.0
304,14,27,4,205,120,25,373,373.0
305,14,7,7,438,390,54,797,797.0
306,14,24,9,560,145,68,1019,1019.0
307,14,30,2,65,295,8,119,119.0
308,15,4,4,140,475,17,255,255.0
309,15,18,2,257,311,32,468,468.0
310,15,30,5,543,195,66,988,988.0
311,15,12,8,193,406,24,351,351.0
312,15,17,1,514,261,63,935,935.0
313,15,20,6,473,352,58,860,860.0
314,15,27,4,467,345,57,850,850.0
315,15,19,6,409,308,50,744,744.0
316,15,11,7,280,426,34,510,510.0
317,15,22,2,210,539,26,382,382.0
318,15,2,5,502,443,61,913,913.0
319,15,8,6,210,283,26,382,382.0
320,15,26,4,555,137,68,1010,1010.0
321,15,10,9,374,335,46,680,680.0
322,15,16,3,100,130,13,182,182.0
323,15,24,5,70,330,9,128,128.0
324,15,3,5,543,305,66,988,988.0
325,16,17,2,164,459,20,299,299.0
326,16,14,4,187,135,23,340,340.0
327,16,23,2,572,218,70,1040,1040.0
328,16,5,1,385,507,47,700,700.0
329,16,11,8,269,243,33,490,490.0
330,16,10,6,531,320,65,966,966.0
331,16,6,1,105,277,13,191,191.0
332,16,30,8,170,435,21,310,310.0
333,16,3,9,187,459,23,340,340.0
334,16,27,6,356,296,44,648,648.0
335,16,12,8,257,211,32,468,468.0
336,16,1,8,397,375,49,722,722.0
337,16,21,9,356,479,44,648,648.0
338,16,2,5,59,558,8,108,108.0
339,16,26,3,385,218,47,700,700.0
340,16,22,3,315,566,39,573,573.0
341,16,7,8,292,229,36,531,531.0
342,16,25,1,146,138,18,266,266.0
343,16,8,9,94,122,12,171,171.0
344,16,28,6,70,371,9,128,128.0
345,16,20,4,100,323,13,182,182.0
346,17,23,8,82,177,10,150,150.0
347,17,22,5,129,140,16,235,235.0
348,17,18,7,537,512,66,977,977.0
349,17,30,5,140,237,17,255,255.0
350,17,1,7,350,125,43,637,637.0
351,17,19,2,514,367,63,935,935.0
352,17,10,4,70,524,9,128,128.0
353,17,9,6,175,286,22,319,319.0
354,17,5,1,525,312,64,955,955.0
355,17,25,2,310,516,38,564,564.0
356,17,29,6,321,521,39,584,584.0
357,17,2,7,286,118,35,520,520.0
358,17,26,3,105,472,13,191,191.0
359,17,3,1,65,545,8,119,119.0
360,17,28,7,251,269,31,457,457.0
361,17,4,3,502,172,61,913,913.0
362,17,8,5,450,291,55,819,819.0
363,17,15,5,187,235,23,340,340.0
364,17,11,1,251,156,31,457,457.0
365,17,12,7,280,147,34,510,510.0
366,17,7,3,257,497,32,468,468.0
367,17,20,4,275,476,34,500,500.0
368,17,21,2,432,228,53,786,786.0
369,17,6,6,432,255,53,786,786.0
370,17,13,5,187,170,23,340,340.0
371,18,5,2,181,466,22,330,330.0
372,18,21,8,275,288,34,500,500.0
373,18,23,1,251,171,31,457,457.0
374,18,4,6,391,515,48,711,711.0
375,18,11,2,560,172,68,1019,1019.0
376,18,19,8,111,471,14,202,202.0
377,18,15,3,438,472,54,797,797.0
378,18,28,8,240,513,30,437,437.0
379,18,10,2,455,566,56,828,828.0
380,18,30,7,520,514,64,946,946.0
381,18,2,8,304,158,37,553,553.0
382,18,9,5,572,515,70,1040,1040.0
383,18,27,3,82,495,10,150,150.0
384,18,26,2,555,546,68,1010,1010.0
385,18,7,3,170,370,21,310,310.0
386,18,22,9,164,142,20,299,299.0
387,18,17,1,473,384,58,860,860.0
388,18,25,8,374,396,46,680,680.0
389,18,6,6,82,249,10,150,150.0
390,19,23,3,444,247,54,808,808.0
391,19,1,4,222,413,27,404,404.0
392,19,24,4,333,564,41,606,606.0
393,19,5,5,111,290,14,202,202.0
394,19,29,3,432,194,53,786,786.0
395,19,27,2,94,494,12,171,171.0
396,19,2,4,345,127,42,628,628.0
397,19,17,8,496,566,61,902,902.0
398,19,21,6,82,530,10,150,150.0
399,19,28,2,263,486,32,479,479.0
400,19,16,2,380,225,47,691,691.0
401,19,7,1,473,509,58,860,860.0
402,19,25,8,88,233,11,160,160.0
403,19,20,7,514,236,63,935,935.0
404,19,30,5,181,400,22,330,330.0
405,19,18,7,100,354,13,182,182.0
406,19,22,6,240,334,30,437,437.0
407,19,9,9,59,444,8,108,108.0
408,19,6,9,531,520,65,966,966.0
409,19,13,6,444,425,54,808,808.0
410,19,3,4,275,136,34,500,500.0
411,19,14,9,65,323,8,119,119.0
412,19,11,4,415,255,51,755,755.0
413,20,13,6,339,439,42,617,617.0
414,20,25,7,158,141,20,288,288.0
415,20,28,5,502,281,61,913,913.0
416,20,4,9,298,500,37,542,542.0
417,20,11,9,339,466,42,617,617.0
418,20,30,9,205,500,25,373,373.0
419,20,12,5,76,147,10,139,139.0
420,20,1,8,315,305,39,573,573.0
421,20,14,4,438,254,54,797,797.0
422,20,22,6,280,419,34,510,510.0
423,20,6,3,170,568,21,310,310.0
424,20,5,1,415,544,51,755,755.0
425,20,19,7,566,568,69,1030,1030.0
426,20,23,2,409,159,50,744,744.0
427,20,29,8,397,497,49,722,722.0
428,20,9,9,368,492,45,670,670.0
429,20,17,3,59,401,8,108,108.0
430,20,21,6,450,392,55,819,819.0
431,20,24,5,286,545,35,520,520.0
432,20,7,5,339,397,42,617,617.0
433,20,27,8,181,528,22,330,330.0
434,20,2,5,140,201,17,255,255.0
435,20,8,6,76,473,10,139,139.0
436,20,10,1,76,310,10,139,139.0
437,20,3,7,525,537,64,955,955.0
438,21,10,8,181,523,22,330,330.0
439,21,15,6,578,164,71,1051,1051.0
440,21,22,2,280,134,34,510,510.0
441,21,25,9,391,211,48,711,711.0
442,21,28,9,444,179,54,808,808.0
443,21,11,5,403,404,49,733,733.0
444,21,27,6,444,186,54,808,808.0
445,21,2,2,321,118,39,584,584.0
446,21,23,7,385,405,47,700,700.0
447,21,3,6,310,282,38,564,564.0
448,21,6,8,321,351,39,584,584.0
449,21,17,8,82,206,10,150,150.0
450,21,4,2,105,159,13,191,191.0
451,21,30,1,467,454,57,850,850.0
452,21,29,5,175,386,22,319,319.0
453,21,26,1,438,288,54,797,797.0
454,21,18,6,450,425,55,819,819.0
455,21,16,1,543,337,66,988,988.0
456,21,1,1,450,388,55,819,819.0
457,21,20,1,181,143,22,330,330.0
458,21,5,3,88,266,11,160,160.0
459,21,13,5,496,386,61,902,902.0
460,21,14,6,473,303,58,860,860.0
461,21,12,3,543,447,66,988,988.0
462,21,24,4,473,131,58,860,860.0
463,21,19,2,205,549,25,373,373.0
464,21,7,6,94,174,12,171,171.0
465,22,9,4,339,545,42,617,617.0
466,22,15,8,310,491,38,564,564.0
467,22,4,6,76,463,10,139,139.0
468,22,23,4,321,150,39,584,584.0
469,22,13,7,350,481,43,637,637.0
470,22,24,7,397,568,49,722,722.0
471,22,1,2,444,515,54,808,808.0
472,22,16,1,572,397,70,1040,1040.0
473,22,19,2,537,128,66,977,977.0
474,22,7,6,374,297,46,680,680.0
475,22,17,9,415,398,51,755,755.0
476,22,8,9,403,312,49,733,733.0
477,22,14,7,549,361,67,999,999.0
478,22,5,5,158,129,20,288,288.0
479,22,11,9,426,430,52,775,775.0
480,22,2,7,467,506,57,850,850.0
481,22,30,8,374,264,46,680,680.0
482,22,18,9,555,443,68,1010,1010.0
483,22,29,2,339,501,42,617,617.0
484,22,20,7,245,490,30,446,446.0
485,22,25,9,210,523,26,382,382.0
486,22,12,2,234,393,29,426,426.0
487,23,24,1,479,224,59,871,871.0
488,23,26,9,117,398,15,213,213.0
489,23,25,4,560,522,68,1019,1019.0
490,23,4,3,490,217,60,891,891.0
491,23,27,2,397,174,49,722,722.0
492,23,13,4,415,252,51,755,755.0
493,23,17,7,199,428,25,362,362.0
494,23,9,8,88,288,11,160,160.0
495,23,12,8,94,530,12,171,171.0
496,23,18,9,193,399,24,351,351.0
497,23,2,3,100,325,13,182,182.0
498,23,30,4,105,391,13,191,191.0
499,23,8,6,152,129,19,277,277.0
500,23,14,5,432,345,53,786,786.0
501,23,16,3,105,382,13,191,191.0
502,23,10,2,385,162,47,700,700.0
503,23,19,6,315,552,39,573,573.0
504,23,20,9,193,369,24,351,351.0
505,23,21,7,315,319,39,573,573.0
506,23,11,8,193,403,24,351,351.0
507,23,5,1,275,276,34,500,500.0
508,23,6,4,210,561,26,382,382.0
509,23,15,7,327,182,40,595,595.0
510,23,28,3,146,243,18,266,266.0
511,23,29,3,280,311,34,510,510.0
512,24,25,4,88,578,11,160,160.0
513,24,8,9,146,395,18,266,266.0
514,24,20,7,140,384,17,255,255.0
515,24,19,5,432,338,53,786,786.0
516,24,7,7,251,202,31,457,457.0
517,24,14,1,310,501,38,564,564.0
518,24,4,4,485,532,59,882,882.0
519,24,28,5,193,429,24,351,351.0
520,24,30,4,345,233,42,628,628.0
521,24,11,3,450,520,55,819,819.0
522,24,22,8,426,177,52,775,775.0
523,24,10,2,566,386,69,1030,1030.0
524,24,12,6,350,379,43,637,637.0
525,24,2,9,175,323,22,319,319.0
526,24,9,4,298,311,37,542,542.0
527,24,18,7,210,274,26,382,382.0
528,24,21,2,350,173,43,637,637.0
529,24,17,8,280,279,34,510,510.0
530,24,13,4,257,320,32,468,468.0
531,24,27,7,234,311,29,426,426.0
532,24,29,7,187,177,23,340,340.0
533,24,6,3,292,507,36,531,531.0
534,24,26,1,520,159,64,946,946.0
535,24,3,9,228,271,28,415,415.0
536,24,15,1,76,463,10,139,139.0
537,24,16,1,234,348,29,426,426.0
538,25,20,4,531,352,65,966,966.0
539,25,7,3,385,237,47,700,700.0
540,25,3,4,245,564,30,446,446.0
541,25,23,7,111,410,14,202,202.0
542,25,12,1,199,123,25,362,362.0
543,25,22,7,280,452,34,510,510.0
544,25,11,2,65,348,8,119,119.0
545,25,15,7,100,390,13,182,182.0
546,25,16,1,380,238,47,691,691.0
547,25,13,2,537,439,66,977,977.0
548,25,5,7,228,174,28,415,415.0
549,25,27,2,70,300,9,128,128.0
550,25,18,9,269,151,33,490,490.0
551,25,1,2,140,226,17,255,255.0
552,25,6,6,280,167,34,510,510.0
553,25,10,1,205,255,25,373,373.0
554,25,28,6,444,557,54,808,808.0
555,25,14,3,245,217,30,446,446.0
556,25,17,2,298,216,37,542,542.0
557,25,8,2,432,573,53,786,786.0
558,25,21,3,222,388,27,404,404.0
559,25,26,1,415,388,51,755,755.0
560,25,19,5,403,351,49,733,733.0
561,25,4,1,70,400,9,128,128.0
562,25,24,1,216,552,27,393,393.0
563,26,8,8,508,491,62,924,924.0
564,26,5,3,315,295,39,573,573.0
565,26,19,4,304,370,37,553,553.0
566,26,2,4,420,523,51,764,764.0
567,26,9,3,485,479,59,882,882.0
568,26,12,5,362,192,44,659,659.0
569,26,7,1,350,412,43,637,637.0
570,26,18,5,59,530,8,108,108.0
571,26,11,5,327,150,40,595,595.0
572,26,30,7,490,341,60,891,891.0
573,26,6,4,537,181,66,977,977.0
574,26,13,1,350,126,43,637,637.0
575,26,24,2,327,351,40,595,595.0
576,26,21,4,420,512,51,764,764.0
577,26,27,9,100,207,13,182,182.0
578,26,17,1,123,291,15,224,224.0
579,26,23,8,549,228,67,999,999.0
580,26,14,2,257,309,32,468,468.0
581,26,3,3,333,272,41,606,606.0
582,26,16,9,409,143,50,744,744.0
583,26,15,5,560,465,68,1019,1019.0
584,26,20,5,164,375,20,299,299.0
585,26,1,2,339,332,42,617,617.0
586,26,29,2,210,384,26,382,382.0
587,26,22,7,129,327,16,235,235.0
588,26,25,5,310,477,38,564,564.0
589,26,28,6,508,529,62,924,924.0
590,26,10,9,327,186,40,595,595.0
591,26,4,1,257,568,32,468,468.0
592,27,25,7,263,419,32,479,479.0
593,27,22,2,409,144,50,744,744.0
594,27,23,8,228,222,28,415,415.0
595,27,6,6,310,456,38,564,564.0
596,27,14,6,525,537,64,955,955.0
597,27,17,9,525,418,64,955,955.0
598,27,4,9,59,196,8,108,108.0
599,27,28,5,275,522,34,500,500.0
600,27,16,4,193,237,24,351,351.0
601,27,21,8,257,435,32,468,468.0
602,27,19,6,432,204,53,786,786.0
603,27,10,3,403,252,49,733,733.0
604,27,12,5,263,472,32,479,479.0
605,27,24,6,100,338,13,182,182.0
606,27,8,4,111,537,14,202,202.0
607,27,3,4,181,300,22,330,330.0
608,27,1,3,286,400,35,520,520.0
609,27,18,4,572,456,70,1040,1040.0
610,27,5,2,438,503,54,797,797.0
611,27,20,6,59,440,8,108,108.0
612,28,18,3,205,296,25,373,373.0
613,28,4,5,450,191,55,819,819.0
614,28,29,2,380,578,47,691,691.0
615,28,1,2,380,304,47,691,691.0
616,28,24,8,205,269,25,373,373.0
617,28,22,7,578,300,71,1051,1051.0
618,28,5,5,140,302,17,255,255.0
619,28,14,2,315,216,39,573,573.0
620,28,10,3,222,140,27,404,404.0
621,28,17,7,181,339,22,330,330.0
622,28,3,6,199,384,25,362,362.0
623,28,30,3,473,129,58,860,860.0
624,28,6,3,403,282,49,733,733.0
625,28,9,8,473,428,58,860,860.0
626,28,21,7,292,158,36,531,531.0
627,29,27,8,380,507,47,691,691.0
628,29,4,4,135,536,17,246,246.0
629,29,24,1,88,501,11,160,160.0
630,29,3,3,175,515,22,319,319.0
631,29,28,6,251,182,31,457,457.0
632,29,12,3,152,527,19,277,277.0
633,29,23,6,566,276,69,1030,1030.0
634,29,19,8,193,269,24,351,351.0
635,29,5,3,321,349,39,584,584.0
636,29,18,9,234,159,29,426,426.0
637,29,16,8,240,554,30,437,437.0
638,29,21,2,496,185,61,902,902.0
639,29,2,4,222,243,27,404,404.0
640,29,25,8,362,141,44,659,659.0
641,29,30,8,537,353,66,977,977.0
642,29,14,6,537,180,66,977,977.0
643,29,20,2,135,379,17,246,246.0
644,29,8,7,292,379,36,531,531.0
645,29,17,1,88,539,11,160,160.0
646,29,9,5,356,437,44,648,648.0
647,29,11,4,438,391,54,797,797.0
648,29,22,9,327,512,40,595,595.0
649,29,6,6,234,259,29,426,426.0
650,29,26,7,572,123,70,1040,1040.0
651,29,15,8,152,425,19,277,277.0
652,29,7,9,275,225,34,500,500.0
653,29,10,8,135,475,17,246,246.0
654,29,1,4,350,446,43,637,637.0
655,29,13,6,88,334,11,160,160.0
656,30,7,2,129,541,16,235,235.0
657,30,2,9,263,362,32,479,479.0
658,30,21,2,350,531,43,637,637.0
659,30,4,4,549,342,67,999,999.0
660,30,28,7,100,206,13,182,182.0
661,30,10,8,175,454,22,319,319.0
662,30,22,3,485,369,59,882,882.0
663,30,11,3,537,266,66,977,977.0
664,30,3,1,298,137,37,542,542.0
665,30,24,2,292,370,36,531,531.0
666,30,6,9,432,557,53,786,786.0
667,30,9,1,216,536,27,393,393.0
668,30,20,9,461,382,56,839,839.0
669,30,18,5,467,481,57,850,850.0
670,30,13,4,420,275,51,764,764.0
671,30,1,6,321,497,39,584,584.0
672,30,27,3,362,151,44,659,659.0
673,30,15,7,479,192,59,871,871.0
674,30,26,1,76,401,10,139,139.0
675,30,23,8,450,217,55,819,819.0
676,30,16,1,514,268,63,935,935.0
677,30,14,4,222,406,27,404,404.0
COMMODITIES,400
0,11,19,47,31,59,459,891.0
1,30,3,59,28,67,415,1011.0
2,19,17,72,27,52,391,789.0
3,28,4,70,25,61,369,917.0
4,24,5,53,25,69,362,1041.0
5,7,15,55,24,49,349,735.0
6,9,25,36,26,59,386,889.0
7,5,14,21,30,44,441,663.0
8,3,8,19,28,56,411,846.0
9,28,25,49,25,66,372,996.0
10,19,23,57,29,60,434,903.0
11,19,6,31,28,55,410,837.0
12,10,2,63,26,53,388,807.0
13,8,14,59,27,71,400,1077.0
14,11,21,50,26,60,387,901.0
15,1,11,60,25,66,365,997.0
16,20,9,27,29,61,428,916.0
17,23,15,55,25,66,363,999.0
18,24,1,61,26,60,388,911.0
19,16,21,50,27,59,401,893.0
20,7,28,67,24,60,346,902.0
21,9,3,42,28,63,416,958.0
22,1,5,50,28,61,406,917.0
23,10,25,72,26,66,385,998.0
24,24,11,17,26,50,390,763.0
25,1,17,17,26,57,387,868.0
26,10,12,29,23,50,344,751.0
27,28,19,74,26,66,390,993.0
28,21,20,52,27,55,391,829.0
29,20,5,30,25,66,374,1001.0
30,30,7,62,24,44,356,665.0
31,26,12,47,29,62,428,937.0
32,26,3,36,25,53,362,796.0
33,16,12,54,26,52,383,787.0
34,23,16,53,22,39,329,591.0
35,15,23,52,22,57,328,867.0
36,15,28,31,25,53,365,801.0
37,7,9,59,25,63,375,955.0
38,24,15,48,23,37,336,561.0
39,19,25,46,24,40,352,601.0
40,2,28,51,24,58,346,872.0
41,8,5,44,26,61,376,915.0
42,9,19,20,27,70,395,1056.0
43,9,6,35,29,63,422,951.0
44,12,10,46,27,63,393,953.0
45,6,23,27,30,70,444,1053.0
46,10,30,20,24,52,353,784.0
47,28,9,18,29,71,430,1078.0
48,30,9,33,31,62,458,942.0
49,21,22,67,24,55,350,828.0
50,10,17,23,26,62,377,934.0
51,25,2,70,23,54,345,821.0
52,19,24,44,22,53,317,795.0
53,30,2,30,25,64,369,963.0
54,3,30,56,25,45,364,688.0
55,13,7,73,24,47,351,713.0
56,15,11,36,34,65,503,985.0
57,1,20,48,27,63,401,954.0
58,13,14,56,26,48,380,729.0
59,2,25,64,27,43,404,659.0
60,1,9,15,26,64,385,963.0
61,11,5,60,27,59,392,896.0
62,4,15,39,29,78,424,1183.0
63,26,18,69,25,37,371,565.0
64,28,20,31,28,64,406,963.0
65,21,30,49,32,64,475,966.0
66,1,26,19,28,44,410,660.0
67,10,29,72,26,73,379,1106.0
68,2,6,62,29,58,423,871.0
69,23,20,40,27,56,402,846.0
70,25,23,24,25,45,367,687.0
71,24,27,37,25,47,361,707.0
72,24,7,73,22,60,328,905.0
73,5,9,40,23,50,331,752.0
74,13,30,17,32,46,468,697.0
75,23,22,30,24,58,356,879.0
76,15,22,41,22,53,327,801.0
77,17,23,70,28,43,409,653.0
78,19,18,43,24,42,351,640.0
79,2,29,22,27,69,401,1040.0
80,19,16,17,26,48,383,732.0
81,19,8,49,23,53,339,801.0
82,1,8,68,25,58,361,876.0
83,24,29,69,28,56,408,846.0
84,18,9,22,25,50,368,759.0
85,24,10,20,22,55,329,830.0
86,29,13,44,24,40,350,606.0
87,13,29,45,25,54,371,811.0
88,27,23,34,30,62,445,930.0
89,3,25,25,26,53,384,806.0
90,6,29,49,33,80,485,1209.0
91,27,12,41,22,43,324,646.0
92,13,1,50,24,63,352,955.0
93,30,25,15,22,63,321,958.0
94,10,20,48,26,58,379,883.0
95,16,9,42,31,65,457,988.0
96,16,20,34,28,44,406,667.0
97,3,18,66,31,50,459,758.0
98,10,4,49,26,52,386,793.0
99,10,15,40,23,70,343,1052.0
100,3,24,27,29,53,428,797.0
101,23,29,58,28,64,409,962.0
102,4,9,55,26,53,377,808.0
103,11,24,33,23,46,332,701.0
104,23,9,54,21,40,304,602.0
105,29,8,56,30,60,440,908.0
106,24,12,54,30,64,448,970.0
107,9,21,18,24,70,351,1063.0
108,25,3,52,27,63,400,952.0
109,20,8,35,25,39,361,592.0
110,16,26,69,28,49,413,742.0
111,8,11,52,31,68,455,1024.0
112,27,20,44,24,36,350,545.0
113,30,1,39,27,71,400,1075.0
114,30,22,66,27,58,403,876.0
115,12,15,35,31,61,454,919.0
116,13,21,54,25,52,364,785.0
117,3,27,55,29,58,425,871.0
118,19,9,62,26,38,380,584.0
119,21,24,21,27,55,394,826.0
120,13,20,71,31,64,452,967.0
121,16,18,67,24,52,354,794.0
122,20,22,53,27,53,400,804.0
123,9,5,40,30,75,437,1133.0
124,8,22,31,24,70,358,1052.0
125,9,29,17,32,79,470,1185.0
126,15,9,64,27,71,401,1072.0
127,28,15,17,25,64,366,960.0
128,1,4,33,25,59,363,895.0
129,26,25,24,31,66,455,1002.0
130,10,16,46,25,55,375,829.0
131,25,26,51,22,53,320,805.0
132,7,2,46,24,58,351,882.0
133,27,21,31,28,64,415,973.0
134,25,21,43,23,55,340,835.0
135,30,4,66,27,60,394,906.0
136,21,18,46,26,60,384,905.0
137,5,27,22,26,39,390,587.0
138,2,22,36,23,43,341,659.0
139,27,15,19,27,53,396,797.0
140,27,14,32,25,61,370,924.0
141,20,10,38,24,39,348,590.0
142,25,11,61,31,45,461,683.0
143,2,3,29,26,46,383,693.0
144,4,12,45,29,71,425,1075.0
145,5,18,70,28,66,418,990.0
146,15,8,64,28,58,412,878.0
147,24,6,56,28,68,417,1021.0
148,3,10,69,23,57,340,864.0
149,13,19,71,28,54,420,819.0
150,2,26,73,27,42,395,631.0
151,7,20,37,26,44,388,663.0
152,7,12,41,29,55,431,829.0
153,7,25,49,28,53,417,805.0
154,20,13,45,26,60,377,905.0
155,21,15,24,27,60,396,910.0
156,24,22,58,23,65,332,984.0
157,25,6,33,27,61,401,927.0
158,16,24,39,22,62,330,931.0
159,13,9,20,28,60,412,909.0
160,14,28,41,25,48,369,734.0
161,25,18,44,27,64,394,961.0
162,15,1,23,26,69,388,1044.0
163,22,17,37,23,64,339,963.0
164,20,21,61,25,68,373,1034.0
165,12,14,55,26,70,381,1052.0
166,15,30,32,27,65,398,985.0
167,22,5,24,30,53,438,803.0
168,26,4,32,26,50,382,763.0
169,30,27,27,21,48,311,720.0
170,25,16,29,23,53,338,795.0
171,27,24,71,22,42,326,636.0
172,5,23,18,29,62,433,944.0
173,16,3,40,27,55,405,827.0
174,26,16,29,22,63,321,948.0
175,12,2,15,25,63,368,956.0
176,10,23,69,25,41,362,628.0
177,22,29,73,24,58,360,879.0
178,27,16,19,25,55,362,829.0
179,13,26,23,27,50,393,750.0
180,12,4,17,25,65,370,989.0
181,2,21,43,27,49,392,742.0
182,4,17,54,27,60,405,905.0
183,17,6,26,26,60,383,913.0
184,6,7,59,26,65,383,987.0
185,13,24,42,29,57,428,864.0
186,14,8,23,31,57,461,857.0
187,13,8,39,28,45,410,681.0
188,6,3,49,23,53,333,808.0
189,23,14,55,25,63,369,954.0
190,29,2,15,28,59,410,887.0
191,22,11,43,29,61,433,919.0
192,20,4,68,30,64,441,966.0
193,13,17,65,23,61,343,929.0
194,3,9,23,21,43,306,649.0
195,19,15,45,24,45,357,684.0
196,29,4,28,26,47,383,710.0
197,23,2,41,25,42,361,642.0
198,9,14,47,23,49,345,742.0
199,26,1,63,26,72,390,1094.0
200,16,13,42,23,52,334,780.0
201,28,11,70,27,74,400,1118.0
202,27,25,20,26,55,379,839.0
203,21,3,44,21,44,310,670.0
204,11,16,55,28,55,408,828.0
205,27,4,21,21,35,314,538.0
206,6,9,16,22,59,322,891.0
207,8,26,19,29,65,426,987.0
208,1,18,52,26,49,389,737.0
209,23,27,59,29,60,423,907.0
210,30,18,18,24,47,353,718.0
211,6,18,23,26,44,376,666.0
212,9,30,67,22,57,323,859.0
213,4,20,64,30,71,449,1073.0
214,23,7,50,25,59,368,890.0
215,30,24,62,28,60,417,907.0
216,13,6,42,22,64,328,968.0
217,15,29,40,29,66,426,998.0
218,2,23,32,23,45,341,684.0
219,14,4,68,26,59,384,885.0
220,2,18,33,28,47,411,712.0
221,6,24,15,25,52,375,793.0
222,1,23,47,25,53,366,795.0
223,29,7,56,30,64,437,962.0
224,15,4,29,27,51,402,766.0
225,19,11,70,26,52,386,781.0
226,19,1,36,28,57,410,860.0
227,14,3,21,24,61,347,921.0
228,19,26,20,30,59,437,885.0
229,30,12,48,27,68,405,1024.0
230,9,4,67,23,59,334,895.0
231,29,17,15,27,42,403,637.0
232,28,21,30,28,58,409,879.0
233,1,15,24,26,59,385,890.0
234,16,28,63,27,39,404,597.0
235,17,1,21,29,68,430,1031.0
236,14,20,29,27,54,399,811.0
237,30,29,31,30,70,442,1061.0
238,3,22,41,31,70,451,1058.0
239,12,13,49,31,66,456,1004.0
240,1,2,30,27,68,404,1026.0
241,13,22,65,26,62,383,936.0
242,28,1,45,30,80,440,1201.0
243,9,2,40,24,57,355,857.0
244,4,24,74,24,67,360,1008.0
245,27,22,63,28,61,412,923.0
246,21,19,31,23,56,343,847.0
247,13,25,56,24,61,347,925.0
248,25,9,70,27,58,404,877.0
249,13,5,52,24,45,358,675.0
250,9,24,64,22,60,320,910.0
251,13,3,18,27,44,401,665.0
252,4,13,47,24,73,360,1106.0
253,15,13,47,27,66,395,1003.0
254,16,6,32,24,41,352,617.0
255,14,30,35,27,40,396,606.0
256,6,14,16,27,67,401,1018.0
257,28,18,21,26,57,385,866.0
258,26,28,70,27,69,397,1036.0
259,14,12,16,30,66,441,992.0
260,27,5,22,30,75,440,1134.0
261,29,14,28,22,53,324,799.0
262,29,11,48,28,63,410,955.0
263,4,7,68,25,72,370,1090.0
264,26,13,44,26,67,381,1005.0
265,22,8,42,18,60,269,914.0
266,13,12,41,25,59,372,888.0
267,29,16,49,18,51,266,770.0
268,15,12,56,28,57,407,856.0
269,4,25,29,26,70,383,1062.0
270,25,14,46,27,62,395,931.0
271,23,18,72,29,57,421,858.0
272,12,19,24,28,75,409,1139.0
273,20,27,73,24,50,355,762.0
274,10,24,38,26,65,377,976.0
275,18,20,29,26,49,379,735.0
276,4,5,18,24,67,360,1009.0
277,29,9,18,28,65,413,983.0
278,12,1,43,26,70,390,1057.0
279,25,13,74,20,59,299,885.0
280,25,4,19,30,45,450,675.0
281,11,12,44,28,54,409,816.0
282,28,14,40,24,55,359,828.0
283,30,14,55,26,60,378,910.0
284,15,26,48,29,64,425,960.0
285,15,21,46,27,69,391,1046.0
286,5,28,65,22,45,319,678.0
287,7,4,17,33,67,481,1018.0
288,29,28,43,29,57,431,859.0
289,29,3,65,23,44,334,665.0
290,15,27,67,27,59,396,898.0
291,1,3,51,26,64,379,971.0
292,18,4,71,28,49,419,745.0
293,1,21,71,27,49,404,744.0
294,1,30,36,25,63,361,955.0
295,26,14,28,27,62,393,933.0
296,5,17,74,24,45,349,685.0
297,11,29,22,26,65,385,988.0
298,20,26,49,26,50,376,755.0
299,7,11,46,27,60,401,914.0
300,14,25,57,26,58,380,876.0
301,11,8,40,33,48,485,720.0
302,18,30,74,26,61,390,922.0
303,2,9,61,24,52,349,783.0
304,24,25,52,25,41,369,621.0
305,2,13,40,24,47,355,706.0
306,4,29,54,25,77,363,1167.0
307,29,27,65,22,59,330,889.0
308,25,10,58,24,55,354,838.0
309,22,26,44,27,76,399,1153.0
310,27,2,29,26,55,390,831.0
311,30,15,73,25,65,367,987.0
312,15,25,65,26,50,382,764.0
313,2,24,69,26,56,379,854.0
314,12,20,15,25,61,370,922.0
315,22,4,34,27,40,403,610.0
316,24,21,52,24,68,348,1029.0
317,25,22,15,29,68,423,1029.0
318,26,10,55,24,53,349,801.0
319,11,26,21,23,51,345,779.0
320,21,11,61,27,62,393,943.0
321,5,4,74,24,45,346,688.0
322,7,10,51,25,53,374,805.0
323,16,7,18,26,63,390,951.0
324,28,12,47,25,72,363,1087.0
325,25,17,49,26,53,378,808.0
326,20,29,55,27,63,396,946.0
327,20,15,18,24,58,354,884.0
328,10,19,17,24,56,359,853.0
329,9,11,29,27,46,391,703.0
330,1,12,70,24,63,351,956.0
331,19,30,32,25,45,363,679.0
332,2,20,57,26,58,377,874.0
333,4,1,71,30,64,450,968.0
334,26,17,16,27,47,399,709.0
335,5,7,59,21,39,312,587.0
336,25,24,17,24,50,346,755.0
337,25,8,59,28,53,406,805.0
338,24,13,56,27,64,401,971.0
339,12,17,17,27,64,395,968.0
340,2,19,30,29,49,430,738.0
341,20,11,15,29,61,431,916.0
342,26,7,30,20,52,296,793.0
343,13,23,29,25,63,366,959.0
344,26,8,49,28,57,410,855.0
345,12,30,44,27,42,403,644.0
346,20,23,59,30,53,442,796.0
347,11,17,60,21,43,305,648.0
348,13,11,40,27,67,403,1011.0
349,15,17,35,26,59,383,897.0
350,16,1,17,30,62,438,942.0
351,15,2,38,28,54,418,816.0
352,13,18,62,24,56,352,844.0
353,10,21,48,25,66,370,995.0
354,30,5,51,27,60,397,909.0
355,4,27,40,28,65,410,985.0
356,20,19,16,23,54,337,818.0
357,10,11,58,24,56,354,846.0
358,26,9,27,28,63,419,955.0
359,22,21,15,24,55,355,834.0
360,4,22,26,24,72,359,1089.0
361,25,20,46,28,49,418,741.0
362,8,18,54,26,70,382,1053.0
363,21,26,59,27,54,393,821.0
364,29,10,62,24,47,348,715.0
365,19,3,24,29,61,426,916.0
366,19,10,26,26,60,390,904.0
367,10,22,64,20,61,292,918.0
368,3,15,46,29,52,431,781.0
369,7,17,59,25,47,362,716.0
370,17,3,41,22,37,330,563.0
371,2,4,66,28,54,417,810.0
372,19,12,22,23,57,344,856.0
373,18,7,68,28,54,417,810.0
374,2,7,43,26,52,381,785.0
375,2,10,22,19,40,285,610.0
376,9,18,31,26,68,380,1026.0
377,15,14,69,25,66,371,992.0
378,2,8,62,26,51,376,769.0
379,11,2,17,27,52,392,785.0
380,22,27,58,26,59,389,888.0
381,17,20,27,29,63,431,948.0
382,8,28,18,24,54,353,811.0
383,3,16,19,29,52,426,785.0
384,27,7,68,24,59,358,899.0
385,16,8,26,29,47,426,705.0
386,16,19,36,20,49,299,740.0
387,21,5,35,28,44,406,663.0
388,13,2,48,25,59,372,891.0
389,20,2,24,27,50,405,754.0
390,30,17,56,27,58,398,871.0
391,30,26,46,27,42,392,633.0
392,9,8,39,24,51,352,767.0
393,17,14,35,24,45,351,685.0
394,27,11,18,23,53,334,806.0
395,2,11,43,24,39,356,596.0
396,2,12,50,22,56,327,850.0
397,6,13,62,31,73,458,1107.0
398,29,21,68,28,66,417,996.0
399,6,2,32,27,54,394,820.0
horizon=80
