NODES,30
1,1,-,-
2,2,-,-
3,3,-,-
4,4,-,-
5,5,-,-
6,6,-,-
7,7,-,-
8,8,-,-
9,9,-,-
10,10,-,-
11,11,-,-
12,12,-,-
13,13,-,-
14,14,-,-
15,15,-,-
16,16,-,-
17,17,-,-
18,18,-,-
19,19,-,-
20,20,-,-
21,21,-,-
22,22,-,-
23,23,-,-
24,24,-,-
25,25,-,-
26,26,-,-
27,27,-,-
28,28,-,-
29,29,-,-
30,30,-,-
ARCS,678
0,1,9,2,485,523,59,882,882.0
1,1,6,4,111,454,14,202,202.0
2,1,13,9,479,536,59,871,871.0
3,1,19,4,508,527,62,924,924.0
4,1,7,3,245,497,30,446,446.0
5,1,4,9,333,282,41,606,606.0
6,1,23,8,181,432,22,330,330.0
7,1,5,9,549,355,67,999,999.0
8,1,2,2,315,523,39,573,573.0
9,1,20,7,572,461,70,1040,1040.0
10,1,16,2,397,381,49,722,722.0
11,1,11,9,531,465,65,966,966.0
12,1,12,4,380,544,47,691,691.0
13,1,21,4,140,222,17,255,255.0
14,1,26,8,88,290,11,160,160.0
15,1,18,2,555,509,68,1010,1010.0
16,1,15,2,205,317,25,373,373.0
17,1,3,6,455,377,56,828,828.0
18,1,28,5,525,354,64,955,955.0
19,1,24,4,356,528,44,648,648.0
20,1,25,8,234,245,29,426,426.0
21,1,29,2,228,498,28,415,415.0
22,2,14,6,170,289,21,310,310.0
23,2,5,1,578,187,71,1051,1051.0
24,2,25,3,88,196,11,160,160.0
25,2,6,6,199,194,25,362,362.0
26,2,18,1,455,295,56,828,828.0
27,2,4,3,432,404,53,786,786.0
28,2,21,3,152,259,19,277,277.0
29,2,24,9,210,449,26,382,382.0
30,2,27,9,310,295,38,564,564.0
31,2,15,2,199,312,25,362,362.0
32,2,29,1,333,164,41,606,606.0
33,2,28,7,228,293,28,415,415.0
34,2,11,5,65,520,8,119,119.0
35,2,1,9,257,328,32,468,468.0
36,2,13,2,135,328,17,246,246.0
37,2,19,4,123,528,15,224,224.0
38,2,8,1,333,534,41,606,606.0
39,2,3,2,560,549,68,1019,1019.0
40,2,9,3,333,176,41,606,606.0
41,2,17,2,59,221,8,108,108.0
42,2,7,2,531,223,65,966,966.0
43,2,22,8,135,485,17,246,246.0
44,2,12,5,356,126,44,648,648.0
45,2,23,7,444,300,54,808,808.0
46,2,26,8,76,401,10,139,139.0
47,3,27,3,292,255,36,531,531.0
48,3,4,2,350,486,43,637,637.0
49,3,29,4,520,333,64,946,946.0
50,3,8,4,175,204,22,319,319.0
51,3,5,4,245,430,30,446,446.0
52,3,9,6,572,354,70,1040,1040.0
53,3,1,9,263,521,32,479,479.0
54,3,10,6,234,326,29,426,426.0
55,3,2,1,140,560,17,255,255.0
56,3,24,1,420,541,51,764,764.0
57,3,7,4,65,498,8,119,119.0
58,3,6,8,257,324,32,468,468.0
59,3,14,5,65,396,8,119,119.0
60,3,23,6,385,514,47,700,700.0
61,3,19,2,94,144,12,171,171.0
62,3,11,2,496,180,61,902,902.0
63,3,16,4,467,308,57,850,850.0
64,3,15,7,257,479,32,468,468.0
65,3,26,1,152,208,19,277,277.0
66,3,18,2,129,528,16,235,235.0
67,3,17,3,257,220,32,468,468.0
68,3,20,2,444,571,54,808,808.0
69,4,19,4,286,302,35,520,520.0
70,4,9,4,181,255,22,330,330.0
71,4,2,5,572,134,70,1040,1040.0
72,4,23,3,275,188,34,500,500.0
73,4,15,5,409,502,50,744,744.0
74,4,17,4,216,268,27,393,393.0
75,4,22,6,520,510,64,946,946.0
76,4,14,1,350,390,43,637,637.0
77,4,11,2,140,247,17,255,255.0
78,4,13,7,531,134,65,966,966.0
79,4,6,1,170,355,21,310,310.0
80,4,5,1,310,574,38,564,564.0
81,4,10,2,170,376,21,310,310.0
82,4,18,6,345,269,42,628,628.0
83,4,20,2,403,178,49,733,733.0
84,4,27,8,269,160,33,490,490.0
85,5,3,1,502,447,61,913,913.0
86,5,10,3,467,174,57,850,850.0
87,5,15,8,327,524,40,595,595.0
88,5,26,2,403,512,49,733,733.0
89,5,14,2,70,442,9,128,128.0
90,5,24,1,525,356,64,955,955.0
91,5,25,3,280,235,34,510,510.0
92,5,21,3,59,174,8,108,108.0
93,5,16,8,82,127,10,150,150.0
94,5,8,7,531,535,65,966,966.0
95,5,4,7,280,378,34,510,510.0
96,5,9,6,286,388,35,520,520.0
97,5,7,3,105,406,13,191,191.0
98,5,27,5,65,144,8,119,119.0
99,5,1,6,315,477,39,573,573.0
100,5,12,8,473,289,58,860,860.0
101,5,6,2,304,443,37,553,553.0
102,5,2,5,485,413,59,882,882.0
103,5,19,2,251,264,31,457,457.0
104,5,22,9,310,360,38,564,564.0
105,5,13,2,514,433,63,935,935.0
106,5,17,1,146,554,18,266,266.0
107,5,20,2,240,272,30,437,437.0
108,5,29,5,65,152,8,119,119.0
109,5,11,2,199,338,25,362,362.0
110,5,30,8,123,426,15,224,224.0
111,5,28,5,187,357,23,340,340.0
112,6,23,4,409,226,50,744,744.0
113,6,11,7,327,277,40,595,595.0
114,6,16,7,205,215,25,373,373.0
115,6,17,5,385,192,47,700,700.0
116,6,12,9,450,247,55,819,819.0
117,6,9,6,263,473,32,479,479.0
118,6,19,1,333,230,41,606,606.0
119,6,20,4,310,166,38,564,564.0
120,6,15,7,385,222,47,700,700.0
121,6,3,6,210,572,26,382,382.0
122,6,7,2,520,151,64,946,946.0
123,6,14,9,432,559,53,786,786.0
124,6,10,2,397,471,49,722,722.0
125,6,8,3,105,556,13,191,191.0
126,6,30,4,485,505,59,882,882.0
127,6,29,9,560,366,68,1019,1019.0
128,6,24,7,368,176,45,670,670.0
129,6,28,9,555,255,68,1010,1010.0
130,6,21,5,228,170,28,415,415.0
131,6,18,7,94,245,12,171,171.0
132,6,5,8,514,455,63,935,935.0
133,6,22,8,210,189,26,382,382.0
134,6,25,9,455,446,56,828,828.0
135,6,2,3,187,351,23,340,340.0
136,6,26,7,240,208,30,437,437.0
137,6,27,3,88,319,11,160,160.0
138,7,14,3,257,277,32,468,468.0
139,7,24,2,82,173,10,150,150.0
140,7,6,8,263,381,32,479,479.0
141,7,8,4,438,516,54,797,797.0
142,7,4,5,298,324,37,542,542.0
143,7,17,1,420,135,51,764,764.0
144,7,18,8,467,118,57,850,850.0
145,7,5,2,94,181,12,171,171.0
146,7,10,2,175,119,22,319,319.0
147,7,3,5,170,458,21,310,310.0
148,7,28,9,251,259,31,457,457.0
149,7,22,1,514,342,63,935,935.0
150,7,20,3,88,575,11,160,160.0
151,7,27,8,356,144,44,648,648.0
152,7,15,2,490,542,60,891,891.0
153,7,26,2,520,203,64,946,946.0
154,7,16,5,555,136,68,1010,1010.0
155,7,30,4,350,141,43,637,637.0
156,8,10,2,415,480,51,755,755.0
157,8,28,7,263,291,32,479,479.0
158,8,6,4,228,236,28,415,415.0
159,8,20,4,164,440,20,299,299.0
160,8,3,8,397,349,49,722,722.0
161,8,29,6,315,574,39,573,573.0
162,8,1,7,210,417,26,382,382.0
163,8,12,2,123,517,15,224,224.0
164,8,2,6,234,486,29,426,426.0
165,8,30,4,321,545,39,584,584.0
166,8,4,1,461,435,56,839,839.0
167,8,14,8,485,546,59,882,882.0
168,8,23,1,537,425,66,977,977.0
169,8,25,2,572,500,70,1040,1040.0
170,8,5,1,251,466,31,457,457.0
171,8,18,3,345,480,42,628,628.0
172,8,16,1,135,250,17,246,246.0
173,8,21,7,310,211,38,564,564.0
174,9,25,6,216,484,27,393,393.0
175,9,30,9,479,368,59,871,871.0
176,9,20,7,105,231,13,191,191.0
177,9,11,4,117,403,15,213,213.0
178,9,4,9,263,232,32,479,479.0
179,9,27,2,362,440,44,659,659.0
180,9,14,5,175,529,22,319,319.0
181,9,28,5,473,548,58,860,860.0
182,9,6,8,251,265,31,457,457.0
183,9,5,7,467,213,57,850,850.0
184,9,24,7,525,306,64,955,955.0
185,9,23,8,152,238,19,277,277.0
186,9,17,9,467,291,57,850,850.0
187,9,2,4,251,129,31,457,457.0
188,9,8,9,514,510,63,935,935.0
189,9,22,6,170,556,21,310,310.0
190,9,18,7,362,164,44,659,659.0
191,9,29,3,426,361,52,775,775.0
192,9,26,2,385,537,47,700,700.0
193,9,13,7,362,174,44,659,659.0
194,10,15,1,403,568,49,733,733.0
195,10,7,1,292,289,36,531,531.0
196,10,28,4,164,167,20,299,299.0
197,10,2,6,479,217,59,871,871.0
198,10,9,5,566,300,69,1030,1030.0
199,10,17,5,578,184,71,1051,1051.0
200,10,19,9,350,486,43,637,637.0
201,10,21,7,275,233,34,500,500.0
202,10,22,7,333,528,41,606,606.0
203,10,11,3,210,302,26,382,382.0
204,10,3,6,566,468,69,1030,1030.0
205,10,5,8,473,469,58,860,860.0
206,10,20,8,508,368,62,924,924.0
207,10,18,9,117,192,15,213,213.0
208,10,12,8,292,199,36,531,531.0
209,10,13,8,199,397,25,362,362.0
210,10,4,8,175,246,22,319,319.0
211,10,27,1,164,167,20,299,299.0
212,10,24,3,485,549,59,882,882.0
213,10,6,5,560,273,68,1019,1019.0
214,10,23,1,88,412,11,160,160.0
215,10,16,2,490,125,60,891,891.0
216,10,8,8,362,338,44,659,659.0
217,10,30,1,193,408,24,351,351.0
218,10,26,5,356,254,44,648,648.0
219,11,2,5,327,455,40,595,595.0
220,11,18,5,327,401,40,595,595.0
221,11,25,1,187,539,23,340,340.0
222,11,21,1,502,385,61,913,913.0
223,11,6,9,222,280,27,404,404.0
224,11,28,3,333,430,41,606,606.0
225,11,9,4,525,536,64,955,955.0
226,11,24,9,158,376,20,288,288.0
227,11,1,4,94,389,12,171,171.0
228,11,4,2,286,209,35,520,520.0
229,11,29,1,525,400,64,955,955.0
230,11,8,9,88,356,11,160,160.0
231,11,23,3,70,391,9,128,128.0
232,11,30,2,193,221,24,351,351.0
233,11,22,5,549,249,67,999,999.0
234,11,15,8,380,558,47,691,691.0
235,11,5,5,210,192,26,382,382.0
236,11,20,9,345,301,42,628,628.0
237,11,14,6,333,164,41,606,606.0
238,11,16,3,549,440,67,999,999.0
239,11,19,9,187,357,23,340,340.0
240,11,17,9,146,316,18,266,266.0
241,11,13,9,210,283,26,382,382.0
242,11,7,4,543,435,66,988,988.0
243,12,25,5,327,485,40,595,595.0
244,12,22,4,473,291,58,860,860.0
245,12,11,7,304,166,37,553,553.0
246,12,20,2,245,243,30,446,446.0
247,12,7,6,304,381,37,553,553.0
248,12,30,3,94,560,12,171,171.0
249,12,26,7,222,544,27,404,404.0
250,12,3,2,327,543,40,595,595.0
251,12,17,3,339,542,42,617,617.0
252,12,27,3,426,471,52,775,775.0
253,12,14,4,525,131,64,955,955.0
254,12,4,8,397,404,49,722,722.0
255,12,24,7,368,122,45,670,670.0
256,12,28,3,263,403,32,479,479.0
257,12,9,4,496,574,61,902,902.0
258,12,18,9,286,204,35,520,520.0
259,12,8,5,245,284,30,446,446.0
260,12,15,7,205,541,25,373,373.0
261,12,6,3,263,464,32,479,479.0
262,12,16,7,415,492,51,755,755.0
263,12,2,6,292,470,36,531,531.0
264,12,29,3,164,340,20,299,299.0
265,12,1,8,321,359,39,584,584.0
266,12,23,9,397,420,49,722,722.0
267,12,10,2,245,560,30,446,446.0
268,12,13,6,380,348,47,691,691.0
269,12,21,2,397,424,49,722,722.0
270,13,29,8,514,131,63,935,935.0
271,13,3,9,82,209,10,150,150.0
272,13,22,2,444,351,54,808,808.0
273,13,7,6,397,233,49,722,722.0
274,13,25,3,269,575,33,490,490.0
275,13,18,5,409,417,50,744,744.0
276,13,24,2,181,222,22,330,330.0
277,13,28,7,100,537,13,182,182.0
278,13,16,7,496,379,61,902,902.0
279,13,8,3,105,192,13,191,191.0
280,13,4,5,385,366,47,700,700.0
281,13,21,2,181,138,22,330,330.0
282,13,5,6,129,483,16,235,235.0
283,13,9,1,362,333,44,659,659.0
284,13,30,3,70,302,9,128,128.0
285,13,20,6,368,167,45,670,670.0
286,13,1,7,485,217,59,882,882.0
287,13,10,3,170,297,21,310,310.0
288,13,11,7,578,221,71,1051,1051.0
289,14,16,4,70,155,9,128,128.0
290,14,18,8,549,386,67,999,999.0
291,14,19,8,490,422,60,891,891.0
292,14,5,8,333,520,41,606,606.0
293,14,6,7,135,404,17,246,246.0
294,14,22,6,310,428,38,564,564.0
295,14,1,8,135,181,17,246,246.0
296,14,23,4,479,545,59,871,871.0
297,14,9,7,100,216,13,182,182.0
298,14,3,8,473,412,58,860,860.0
299,14,15,2,76,545,10,139,139.0
300,14,10,3,409,297,50,744,744.0
301,14,26,6,257,400,32,468,468.0
302,14,12,8,560,312,68,1019,1019.0
303,14,29,8,164,355,20,299,299.0
304,14,27,4,205,120,25,373,373.0
305,14,7,7,438,390,54,797,797.0
306,14,24,9,560,145,68,1019,1019.0
307,14,30,2,65,295,8,119,119.0
308,15,4,4,140,475,17,255,255.0
309,15,18,2,257,311,32,468,468.0
310,15,30,5,543,195,66,988,988.0
311,15,12,8,193,406,24,351,351.0
312,15,17,1,514,261,63,935,935.0
313,15,20,6,473,352,58,860,860.0
314,15,27,4,467,345,57,850,850.0
315,15,19,6,409,308,50,744,744.0
316,15,11,7,280,426,34,510,510.0
317,15,22,2,210,539,26,382,382.0
318,15,2,5,502,443,61,913,913.0
319,15,8,6,210,283,26,382,382.0
320,15,26,4,555,137,68,1010,1010.0
321,15,10,9,374,335,46,680,680.0
322,15,16,3,100,130,13,182,182.0
323,15,24,5,70,330,9,128,128.0
324,15,3,5,543,305,66,988,988.0
325,16,17,2,164,459,20,299,299.0
326,16,14,4,187,135,23,340,340.0
327,16,23,2,572,218,70,1040,1040.0
328,16,5,1,385,507,47,700,700.0
329,16,11,8,269,243,33,490,490.0
330,16,10,6,531,320,65,966,966.0
331,16,6,1,105,277,13,191,191.0
332,16,30,8,170,435,21,310,310.0
333,16,3,9,187,459,23,340,340.0
334,16,27,6,356,296,44,648,648.0
335,16,12,8,257,211,32,468,468.0
336,16,1,8,397,375,49,722,722.0
337,16,21,9,356,479,44,648,648.0
338,16,2,5,59,558,8,108,108.0
339,16,26,3,385,218,47,700,700.0
340,16,22,3,315,566,39,573,573.0
341,16,7,8,292,229,36,531,531.0
342,16,25,1,146,138,18,266,266.0
343,16,8,9,94,122,12,171,171.0
344,16,28,6,70,371,9,128,128.0
345,16,20,4,100,323,13,182,182.0
346,17,23,8,82,177,10,150,150.0
347,17,22,5,129,140,16,235,235.0
348,17,18,7,537,512,66,977,977.0
349,17,30,5,140,237,17,255,255.0
350,17,1,7,350,125,43,637,637.0
351,17,19,2,514,367,63,935,935.0
352,17,10,4,70,524,9,128,128.0
353,17,9,6,175,286,22,319,319.0
354,17,5,1,525,312,64,955,955.0
355,17,25,2,310,516,38,564,564.0
356,17,29,6,321,521,39,584,584.0
357,17,2,7,286,118,35,520,520.0
358,17,26,3,105,472,13,191,191.0
359,17,3,1,65,545,8,119,119.0
360,17,28,7,251,269,31,457,457.0
361,17,4,3,502,172,61,913,913.0
362,17,8,5,450,291,55,819,819.0
363,17,15,5,187,235,23,340,340.0
364,17,11,1,251,156,31,457,457.0
365,17,12,7,280,147,34,510,510.0
366,17,7,3,257,497,32,468,468.0
367,17,20,4,275,476,34,500,500.0
368,17,21,2,432,228,53,786,786.0
369,17,6,6,432,255,53,786,786.0
370,17,13,5,187,170,23,340,340.0
371,18,5,2,181,466,22,330,330.0
372,18,21,8,275,288,34,500,500.0
373,18,23,1,251,171,31,457,457.0
374,18,4,6,391,515,48,711,711.0
375,18,11,2,560,172,68,1019,1019.0
376,18,19,8,111,471,14,202,202.0
377,18,15,3,438,472,54,797,797.0
378,18,28,8,240,513,30,437,437.0
379,18,10,2,455,566,56,828,828.0
380,18,30,7,520,514,64,946,946.0
381,18,2,8,304,158,37,553,553.0
382,18,9,5,572,515,70,1040,1040.0
383,18,27,3,82,495,10,150,150.0
384,18,26,2,555,546,68,1010,1010.0
385,18,7,3,170,370,21,310,310.0
386,18,22,9,164,142,20,299,299.0
387,18,17,1,473,384,58,860,860.0
388,18,25,8,374,396,46,680,680.0
389,18,6,6,82,249,10,150,150.0
390,19,23,3,444,247,54,808,808.0
391,19,1,4,222,413,27,404,404.0
392,19,24,4,333,564,41,606,606.0
393,19,5,5,111,290,14,202,202.0
394,19,29,3,432,194,53,786,786.0
395,19,27,2,94,494,12,171,171.0
396,19,2,4,345,127,42,628,628.0
397,19,17,8,496,566,61,902,902.0
398,19,21,6,82,530,10,150,150.0
399,19,28,2,263,486,32,479,479.0
400,19,16,2,380,225,47,691,691.0
401,19,7,1,473,509,58,860,860.0
402,19,25,8,88,233,11,160,160.0
403,19,20,7,514,236,63,935,935.0
404,19,30,5,181,400,22,330,330.0
405,19,18,7,100,354,13,182,182.0
406,19,22,6,240,334,30,437,437.0
407,19,9,9,59,444,8,108,108.0
408,19,6,9,531,520,65,966,966.0
409,19,13,6,444,425,54,808,808.0
410,19,3,4,275,136,34,500,500.0
411,19,14,9,65,323,8,119,119.0
412,19,11,4,415,255,51,755,755.0
413,20,13,6,339,439,42,617,617.0
414,20,25,7,158,141,20,288,288.0
415,20,28,5,502,281,61,913,913.0
416,20,4,9,298,500,37,542,542.0
417,20,11,9,339,466,42,617,617.0
418,20,30,9,205,500,25,373,373.0
419,20,12,5,76,147,10,139,139.0
420,20,1,8,315,305,39,573,573.0
421,20,14,4,438,254,54,797,797.0
422,20,22,6,280,419,34,510,510.0
423,20,6,3,170,568,21,310,310.0
424,20,5,1,415,544,51,755,755.0
425,20,19,7,566,568,69,1030,1030.0
426,20,23,2,409,159,50,744,744.0
427,20,29,8,397,497,49,722,722.0
428,20,9,9,368,492,45,670,670.0
429,20,17,3,59,401,8,108,108.0
430,20,21,6,450,392,55,819,819.0
431,20,24,5,286,545,35,520,520.0
432,20,7,5,339,397,42,617,617.0
433,20,27,8,181,528,22,330,330.0
434,20,2,5,140,201,17,255,255.0
435,20,8,6,76,473,10,139,139.0
436,20,10,1,76,310,10,139,139.0
437,20,3,7,525,537,64,955,955.0
438,21,10,8,181,523,22,330,330.0
439,21,15,6,578,164,71,1051,1051.0
440,21,22,2,280,134,34,510,510.0
441,21,25,9,391,211,48,711,711.0
442,21,28,9,444,179,54,808,808.0
443,21,11,5,403,404,49,733,733.0
444,21,27,6,444,186,54,808,808.0
445,21,2,2,321,118,39,584,584.0
446,21,23,7,385,405,47,700,700.0
447,21,3,6,310,282,38,564,564.0
448,21,6,8,321,351,39,584,584.0
449,21,17,8,82,206,10,150,150.0
450,21,4,2,105,159,13,191,191.0
451,21,30,1,467,454,57,850,850.0
452,21,29,5,175,386,22,319,319.0
453,21,26,1,438,288,54,797,797.0
454,21,18,6,450,425,55,819,819.0
455,21,16,1,543,337,66,988,988.0
456,21,1,1,450,388,55,819,819.0
457,21,20,1,181,143,22,330,330.0
458,21,5,3,88,266,11,160,160.0
459,21,13,5,496,386,61,902,902.0
460,21,14,6,473,303,58,860,860.0
461,21,12,3,543,447,66,988,988.0
462,21,24,4,473,131,58,860,860.0
463,21,19,2,205,549,25,373,373.0
464,21,7,6,94,174,12,171,171.0
465,22,9,4,339,545,42,617,617.0
466,22,15,8,310,491,38,564,564.0
467,22,4,6,76,463,10,139,139.0
468,22,23,4,321,150,39,584,584.0
469,22,13,7,350,481,43,637,637.0
470,22,24,7,397,568,49,722,722.0
471,22,1,2,444,515,54,808,808.0
472,22,16,1,572,397,70,1040,1040.0
473,22,19,2,537,128,66,977,977.0
474,22,7,6,374,297,46,680,680.0
475,22,17,9,415,398,51,755,755.0
476,22,8,9,403,312,49,733,733.0
477,22,14,7,549,361,67,999,999.0
478,22,5,5,158,129,20,288,288.0
479,22,11,9,426,430,52,775,775.0
480,22,2,7,467,506,57,850,850.0
481,22,30,8,374,264,46,680,680.0
482,22,18,9,555,443,68,1010,1010.0
483,22,29,2,339,501,42,617,617.0
484,22,20,7,245,490,30,446,446.0
485,22,25,9,210,523,26,382,382.0
486,22,12,2,234,393,29,426,426.0
487,23,24,1,479,224,59,871,871.0
488,23,26,9,117,398,15,213,213.0
489,23,25,4,560,522,68,1019,1019.0
490,23,4,3,490,217,60,891,891.0
491,23,27,2,397,174,49,722,722.0
492,23,13,4,415,252,51,755,755.0
493,23,17,7,199,428,25,362,362.0
494,23,9,8,88,288,11,160,160.0
495,23,12,8,94,530,12,171,171.0
496,23,18,9,193,399,24,351,351.0
497,23,2,3,100,325,13,182,182.0
498,23,30,4,105,391,13,191,191.0
499,23,8,6,152,129,19,277,277.0
500,23,14,5,432,345,53,786,786.0
501,23,16,3,105,382,13,191,191.0
502,23,10,2,385,162,47,700,700.0
503,23,19,6,315,552,39,573,573.0
504,23,20,9,193,369,24,351,351.0
505,23,21,7,315,319,39,573,573.0
506,23,11,8,193,403,24,351,351.0
507,23,5,1,275,276,34,500,500.0
508,23,6,4,210,561,26,382,382.0
509,23,15,7,327,182,40,595,595.0
510,23,28,3,146,243,18,266,266.0
511,23,29,3,280,311,34,510,510.0
512,24,25,4,88,578,11,160,160.0
513,24,8,9,146,395,18,266,266.0
514,24,20,7,140,384,17,255,255.0
515,24,19,5,432,338,53,786,786.0
516,24,7,7,251,202,31,457,457.0
517,24,14,1,310,501,38,564,564.0
518,24,4,4,485,532,59,882,882.0
519,24,28,5,193,429,24,351,351.0
520,24,30,4,345,233,42,628,628.0
521,24,11,3,450,520,55,819,819.0
522,24,22,8,426,177,52,775,775.0
523,24,10,2,566,386,69,1030,1030.0
524,24,12,6,350,379,43,637,637.0
525,24,2,9,175,323,22,319,319.0
526,24,9,4,298,311,37,542,542.0
527,24,18,7,210,274,26,382,382.0
528,24,21,2,350,173,43,637,637.0
529,24,17,8,280,279,34,510,510.0
530,24,13,4,257,320,32,468,468.0
531,24,27,7,234,311,29,426,426.0
532,24,29,7,187,177,23,340,340.0
533,24,6,3,292,507,36,531,531.0
534,24,26,1,520,159,64,946,946.0
535,24,3,9,228,271,28,415,415.0
536,24,15,1,76,463,10,139,139.0
537,24,16,1,234,348,29,426,426.0
538,25,20,4,531,352,65,966,966.0
539,25,7,3,385,237,47,700,700.0
540,25,3,4,245,564,30,446,446.0
541,25,23,7,111,410,14,202,202.0
542,25,12,1,199,123,25,362,362.0
543,25,22,7,280,452,34,510,510.0
544,25,11,2,65,348,8,119,119.0
545,25,15,7,100,390,13,182,182.0
546,25,16,1,380,238,47,691,691.0
547,25,13,2,537,439,66,977,977.0
548,25,5,7,228,174,28,415,415.0
549,25,27,2,70,300,9,128,128.0
550,25,18,9,269,151,33,490,490.0
551,25,1,2,140,226,17,255,255.0
552,25,6,6,280,167,34,510,510.0
553,25,10,1,205,255,25,373,373.0
554,25,28,6,444,557,54,808,808.0
555,25,14,3,245,217,30,446,446.0
556,25,17,2,298,216,37,542,542.0
557,25,8,2,432,573,53,786,786.0
558,25,21,3,222,388,27,404,404.0
559,25,26,1,415,388,51,755,755.0
560,25,19,5,403,351,49,733,733.0
561,25,4,1,70,400,9,128,128.0
562,25,24,1,216,552,27,393,393.0
563,26,8,8,508,491,62,924,924.0
564,26,5,3,315,295,39,573,573.0
565,26,19,4,304,370,37,553,553.0
566,26,2,4,420,523,51,764,764.0
567,26,9,3,485,479,59,882,882.0
568,26,12,5,362,192,44,659,659.0
569,26,7,1,350,412,43,637,637.0
570,26,18,5,59,530,8,108,108.0
571,26,11,5,327,150,40,595,595.0
572,26,30,7,490,341,60,891,891.0
573,26,6,4,537,181,66,977,977.0
574,26,13,1,350,126,43,637,637.0
575,26,24,2,327,351,40,595,595.0
576,26,21,4,420,512,51,764,764.0
577,26,27,9,100,207,13,182,182.0
578,26,17,1,123,291,15,224,224.0
579,26,23,8,549,228,67,999,999.0
580,26,14,2,257,309,32,468,468.0
581,26,3,3,333,272,41,606,606.0
582,26,16,9,409,143,50,744,744.0
583,26,15,5,560,465,68,1019,1019.0
584,26,20,5,164,375,20,299,299.0
585,26,1,2,339,332,42,617,617.0
586,26,29,2,210,384,26,382,382.0
587,26,22,7,129,327,16,235,235.0
588,26,25,5,310,477,38,564,564.0
589,26,28,6,508,529,62,924,924.0
590,26,10,9,327,186,40,595,595.0
591,26,4,1,257,568,32,468,468.0
592,27,25,7,263,419,32,479,479.0
593,27,22,2,409,144,50,744,744.0
594,27,23,8,228,222,28,415,415.0
595,27,6,6,310,456,38,564,564.0
596,27,14,6,525,537,64,955,955.0
597,27,17,9,525,418,64,955,955.0
598,27,4,9,59,196,8,108,108.0
599,27,28,5,275,522,34,500,500.0
600,27,16,4,193,237,24,351,351.0
601,27,21,8,257,435,32,468,468.0
602,27,19,6,432,204,53,786,786.0
603,27,10,3,403,252,49,733,733.0
604,27,12,5,263,472,32,479,479.0
605,27,24,6,100,338,13,182,182.0
606,27,8,4,111,537,14,202,202.0
607,27,3,4,181,300,22,330,330.0
608,27,1,3,286,400,35,520,520.0
609,27,18,4,572,456,70,1040,1040.0
610,27,5,2,438,503,54,797,797.0
611,27,20,6,59,440,8,108,108.0
612,28,18,3,205,296,25,373,373.0
613,28,4,5,450,191,55,819,819.0
614,28,29,2,380,578,47,691,691.0
615,28,1,2,380,304,47,691,691.0
616,28,24,8,205,269,25,373,373.0
617,28,22,7,578,300,71,1051,1051.0
618,28,5,5,140,302,17,255,255.0
619,28,14,2,315,216,39,573,573.0
620,28,10,3,222,140,27,404,404.0
621,28,17,7,181,339,22,330,330.0
622,28,3,6,199,384,25,362,362.0
623,28,30,3,473,129,58,860,860.0
624,28,6,3,403,282,49,733,733.0
625,28,9,8,473,428,58,860,860.0
626,28,21,7,292,158,36,531,531.0
627,29,27,8,380,507,47,691,691.0
628,29,4,4,135,536,17,246,246.0
629,29,24,1,88,501,11,160,160.0
630,29,3,3,175,515,22,319,319.0
631,29,28,6,251,182,31,457,457.0
632,29,12,3,152,527,19,277,277.0
633,29,23,6,566,276,69,1030,1030.0
634,29,19,8,193,269,24,351,351.0
635,29,5,3,321,349,39,584,584.0
636,29,18,9,234,159,29,426,426.0
637,29,16,8,240,554,30,437,437.0
638,29,21,2,496,185,61,902,902.0
639,29,2,4,222,243,27,404,404.0
640,29,25,8,362,141,44,659,659.0
641,29,30,8,537,353,66,977,977.0
642,29,14,6,537,180,66,977,977.0
643,29,20,2,135,379,17,246,246.0
644,29,8,7,292,379,36,531,531.0
645,29,17,1,88,539,11,160,160.0
646,29,9,5,356,437,44,648,648.0
647,29,11,4,438,391,54,797,797.0
648,29,22,9,327,512,40,595,595.0
649,29,6,6,234,259,29,426,426.0
650,29,26,7,572,123,70,1040,1040.0
651,29,15,8,152,425,19,277,277.0
652,29,7,9,275,225,34,500,500.0
653,29,10,8,135,475,17,246,246.0
654,29,1,4,350,446,43,637,637.0
655,29,13,6,88,334,11,160,160.0
656,30,7,2,129,541,16,235,235.0
657,30,2,9,263,362,32,479,479.0
658,30,21,2,350,531,43,637,637.0
659,30,4,4,549,342,67,999,999.0
660,30,28,7,100,206,13,182,182.0
661,30,10,8,175,454,22,319,319.0
662,30,22,3,485,369,59,882,882.0
663,30,11,3,537,266,66,977,977.0
664,30,3,1,298,137,37,542,542.0
665,30,24,2,292,370,36,531,531.0
666,30,6,9,432,557,53,786,786.0
667,30,9,1,216,536,27,393,393.0
668,30,20,9,461,382,56,839,839.0
669,30,18,5,467,481,57,850,850.0
670,30,13,4,420,275,51,764,764.0
671,30,1,6,321,497,39,584,584.0
672,30,27,3,362,151,44,659,659.0
673,30,15,7,479,192,59,871,871.0
674,30,26,1,76,401,10,139,139.0
675,30,23,8,450,217,55,819,819.0
676,30,16,1,514,268,63,935,935.0
677,30,14,4,222,406,27,404,404.0
COMMODITIES,400
0,11,19,47,19,53,279,804.0
1,30,3,59,25,71,364,1066.0
2,19,17,72,28,60,406,904.0
3,28,4,70,22,61,326,922.0
4,24,5,53,31,83,461,1250.0
5,7,15,55,25,57,370,861.0
6,9,25,36,21,59,313,894.0
7,5,14,21,28,50,410,752.0
8,3,8,19,18,50,269,755.0
9,28,25,49,24,68,354,1023.0
10,19,23,57,25,61,365,927.0
11,19,6,31,28,61,420,924.0
12,10,2,63,24,60,352,900.0
13,8,14,59,30,82,438,1242.0
14,11,21,50,29,70,430,1063.0
15,1,11,60,29,74,424,1112.0
16,20,9,27,19,57,276,869.0
17,23,15,55,30,80,450,1202.0
18,24,1,61,24,62,358,932.0
19,16,21,50,30,67,442,1012.0
20,7,28,67,24,66,347,998.0
21,9,3,42,27,68,399,1022.0
22,1,5,50,31,74,459,1117.0
23,10,25,72,26,72,379,1081.0
24,24,11,17,26,58,381,883.0
25,1,17,17,21,59,314,887.0
26,10,12,29,25,62,372,930.0
27,28,19,74,21,70,308,1064.0
28,21,20,52,21,52,310,794.0
29,20,5,30,30,77,444,1168.0
30,30,7,62,31,58,455,876.0
31,26,12,47,25,61,367,929.0
32,26,3,36,23,60,339,903.0
33,16,12,54,34,71,496,1068.0
34,23,16,53,21,43,310,658.0
35,15,23,52,26,68,386,1032.0
36,15,28,31,25,57,367,855.0
37,7,9,59,28,72,406,1085.0
38,24,15,48,30,47,442,712.0
39,19,25,46,31,56,452,854.0
40,2,28,51,25,67,367,1006.0
41,8,5,44,16,61,229,925.0
42,9,19,20,30,79,436,1186.0
43,9,6,35,19,64,276,967.0
44,12,10,46,27,66,399,991.0
45,6,23,27,27,73,400,1105.0
46,10,30,20,27,59,401,895.0
47,28,9,18,24,72,348,1092.0
48,30,9,33,23,62,342,932.0
49,21,22,67,28,65,417,987.0
50,10,17,23,32,72,475,1093.0
51,25,2,70,24,59,347,888.0
52,19,24,44,31,67,454,1010.0
53,30,2,30,25,67,368,1005.0
54,3,30,56,22,48,322,721.0
55,13,7,73,17,46,249,704.0
56,15,11,36,27,64,391,966.0
57,1,20,48,30,71,436,1070.0
58,13,14,56,28,58,419,872.0
59,2,25,64,22,45,319,683.0
60,1,9,15,23,72,335,1092.0
61,11,5,60,20,59,300,886.0
62,4,15,39,29,86,433,1297.0
63,26,18,69,22,41,328,628.0
64,28,20,31,25,70,361,1052.0
65,21,30,49,27,67,391,1013.0
66,1,26,19,23,48,337,732.0
67,10,29,72,20,73,292,1106.0
68,2,6,62,27,67,405,1009.0
69,23,20,40,20,53,297,800.0
70,25,23,24,23,48,338,734.0
71,24,27,37,24,57,355,856.0
72,24,7,73,24,67,357,1006.0
73,5,9,40,21,57,301,869.0
74,13,30,17,29,50,434,750.0
75,23,22,30,23,64,341,963.0
76,15,22,41,27,70,402,1054.0
77,17,23,70,19,41,284,619.0
78,19,18,43,28,53,406,803.0
79,2,29,22,27,72,398,1091.0
80,19,16,17,23,54,340,812.0
81,19,8,49,23,58,332,871.0
82,1,8,68,29,70,431,1055.0
83,24,29,69,26,60,376,907.0
84,18,9,22,28,60,407,901.0
85,24,10,20,23,61,333,915.0
86,29,13,44,23,46,333,702.0
87,13,29,45,23,60,344,910.0
88,27,23,34,33,75,481,1134.0
89,3,25,25,26,59,384,887.0
90,6,29,49,24,80,359,1205.0
91,27,12,41,25,52,364,786.0
92,13,1,50,24,67,349,1009.0
93,30,25,15,33,80,483,1205.0
94,10,20,48,28,67,411,1007.0
95,16,9,42,25,61,362,918.0
96,16,20,34,22,44,328,663.0
97,3,18,66,33,59,481,885.0
98,10,4,49,28,62,418,943.0
99,10,15,40,26,78,381,1184.0
100,3,24,27,33,64,490,970.0
101,23,29,58,28,69,407,1049.0
102,4,9,55,21,56,314,845.0
103,11,24,33,25,54,364,819.0
104,23,9,54,27,52,393,785.0
105,29,8,56,25,60,375,914.0
106,24,12,54,23,61,341,923.0
107,9,21,18,21,75,311,1132.0
108,25,3,52,19,65,285,988.0
109,20,8,35,24,45,349,689.0
110,16,26,69,25,53,362,809.0
111,8,11,52,19,63,279,948.0
112,27,20,44,24,42,347,639.0
113,30,1,39,25,72,368,1090.0
114,30,22,66,25,58,375,873.0
115,12,15,35,27,65,396,977.0
116,13,21,54,24,55,346,831.0
117,3,27,55,27,62,399,932.0
118,19,9,62,29,45,421,676.0
119,21,24,21,29,63,434,959.0
120,13,20,71,19,59,284,890.0
121,16,18,67,22,60,322,904.0
122,20,22,53,26,62,379,938.0
123,9,5,40,24,70,349,1050.0
124,8,22,31,22,75,321,1139.0
125,9,29,17,26,83,388,1256.0
126,15,9,64,32,85,470,1275.0
127,28,15,17,21,68,314,1020.0
128,1,4,33,18,58,263,880.0
129,26,25,24,22,64,325,966.0
130,10,16,46,32,69,477,1046.0
131,25,26,51,27,65,397,985.0
132,7,2,46,28,68,420,1028.0
133,27,21,31,28,68,408,1021.0
134,25,21,43,29,67,434,1008.0
135,30,4,66,25,64,364,962.0
136,21,18,46,21,64,312,966.0
137,5,27,22,31,53,463,797.0
138,2,22,36,38,65,570,975.0
139,27,15,19,34,67,506,1005.0
140,27,14,32,20,67,295,1011.0
141,20,10,38,25,48,365,725.0
142,25,11,61,28,47,408,715.0
143,2,3,29,32,58,470,884.0
144,4,12,45,26,76,387,1153.0
145,5,18,70,24,68,352,1028.0
146,15,8,64,31,65,465,988.0
147,24,6,56,25,68,367,1031.0
148,3,10,69,28,66,410,1004.0
149,13,19,71,24,61,355,917.0
150,2,26,73,28,46,418,692.0
151,7,20,37,23,46,334,704.0
152,7,12,41,22,57,324,866.0
153,7,25,49,16,48,237,725.0
154,20,13,45,33,77,483,1162.0
155,21,15,24,29,71,425,1075.0
156,24,22,58,26,72,382,1081.0
157,25,6,33,30,70,440,1050.0
158,16,24,39,25,71,374,1069.0
159,13,9,20,27,70,403,1054.0
160,14,28,41,30,61,442,917.0
161,25,18,44,25,68,364,1022.0
162,15,1,23,21,69,305,1037.0
163,22,17,37,29,78,422,1175.0
164,20,21,61,29,79,432,1188.0
165,12,14,55,21,72,309,1081.0
166,15,30,32,28,71,408,1075.0
167,22,5,24,24,52,358,793.0
168,26,4,32,24,58,358,879.0
169,30,27,27,26,59,387,897.0
170,25,16,29,26,63,390,958.0
171,27,24,71,17,41,254,618.0
172,5,23,18,26,64,378,962.0
173,16,3,40,30,64,443,969.0
174,26,16,29,29,79,434,1190.0
175,12,2,15,24,71,359,1073.0
176,10,23,69,27,48,391,721.0
177,22,29,73,20,61,290,916.0
178,27,16,19,31,63,458,945.0
179,13,26,23,25,53,370,807.0
180,12,4,17,32,81,476,1221.0
181,2,21,43,29,63,426,946.0
182,4,17,54,31,70,457,1050.0
183,17,6,26,30,70,442,1051.0
184,6,7,59,24,67,348,1019.0
185,13,24,42,23,56,345,844.0
186,14,8,23,23,52,342,792.0
187,13,8,39,28,48,413,727.0
188,6,3,49,20,58,296,879.0
189,23,14,55,24,72,358,1080.0
190,29,2,15,22,60,330,910.0
191,22,11,43,20,58,290,872.0
192,20,4,68,22,59,316,893.0
193,13,17,65,26,68,389,1033.0
194,3,9,23,22,49,323,744.0
195,19,15,45,30,60,437,907.0
196,29,4,28,33,63,489,952.0
197,23,2,41,31,58,452,881.0
198,9,14,47,27,64,392,971.0
199,26,1,63,28,83,408,1245.0
200,16,13,42,28,62,408,933.0
201,28,11,70,22,73,319,1102.0
202,27,25,20,26,62,382,941.0
203,21,3,44,24,51,351,779.0
204,11,16,55,19,54,285,814.0
205,27,4,21,23,41,336,623.0
206,6,9,16,36,79,536,1186.0
207,8,26,19,28,74,414,1113.0
208,1,18,52,25,53,364,799.0
209,23,27,59,30,68,449,1025.0
210,30,18,18,24,51,352,768.0
211,6,18,23,26,50,380,764.0
212,9,30,67,34,74,504,1118.0
213,4,20,64,27,72,405,1091.0
214,23,7,50,25,67,371,1008.0
215,30,24,62,33,66,486,1000.0
216,13,6,42,17,59,254,887.0
217,15,29,40,15,57,213,866.0
218,2,23,32,23,50,334,751.0
219,14,4,68,23,59,340,898.0
220,2,18,33,25,55,370,829.0
221,6,24,15,29,65,424,975.0
222,1,23,47,26,61,388,917.0
223,29,7,56,30,67,440,1008.0
224,15,4,29,25,53,367,800.0
225,19,11,70,26,57,383,858.0
226,19,1,36,26,64,389,961.0
227,14,3,21,22,64,318,964.0
228,19,26,20,19,52,274,780.0
229,30,12,48,25,72,370,1087.0
230,9,4,67,25,63,362,950.0
231,29,17,15,25,49,374,745.0
232,28,21,30,29,64,431,966.0
233,1,15,24,28,60,410,905.0
234,16,28,63,30,48,445,726.0
235,17,1,21,22,63,330,958.0
236,14,20,29,29,61,433,921.0
237,30,29,31,23,68,341,1032.0
238,3,22,41,30,75,448,1128.0
239,12,13,49,27,71,391,1072.0
240,1,2,30,23,68,341,1028.0
241,13,22,65,22,69,328,1043.0
242,28,1,45,30,85,447,1282.0
243,9,2,40,26,68,377,1023.0
244,4,24,74,28,80,418,1203.0
245,27,22,63,31,72,457,1093.0
246,21,19,31,30,68,448,1022.0
247,13,25,56,31,72,452,1087.0
248,25,9,70,29,67,429,1011.0
249,13,5,52,28,58,414,881.0
250,9,24,64,32,79,467,1186.0
251,13,3,18,25,47,373,709.0
252,4,13,47,26,80,382,1208.0
253,15,13,47,22,69,325,1036.0
254,16,6,32,24,51,354,774.0
255,14,30,35,28,49,415,745.0
256,6,14,16,27,74,400,1122.0
257,28,18,21,28,66,420,1003.0
258,26,28,70,23,73,339,1106.0
259,14,12,16,18,62,269,940.0
260,27,5,22,30,80,438,1214.0
261,29,14,28,29,65,423,978.0
262,29,11,48,27,70,396,1057.0
263,4,7,68,31,84,454,1263.0
264,26,13,44,26,75,386,1131.0
265,22,8,42,26,77,377,1156.0
266,13,12,41,26,65,380,987.0
267,29,16,49,26,66,377,1001.0
268,15,12,56,32,66,476,997.0
269,4,25,29,23,73,332,1104.0
270,25,14,46,24,67,353,1019.0
271,23,18,72,30,60,440,913.0
272,12,19,24,26,75,385,1128.0
273,20,27,73,22,54,316,824.0
274,10,24,38,27,72,393,1086.0
275,18,20,29,29,58,435,883.0
276,4,5,18,25,73,374,1108.0
277,29,9,18,22,64,326,971.0
278,12,1,43,23,74,337,1116.0
279,25,13,74,29,76,431,1147.0
280,25,4,19,26,43,389,652.0
281,11,12,44,26,54,376,815.0
282,28,14,40,25,63,362,945.0
283,30,14,55,26,68,387,1027.0
284,15,26,48,20,62,296,933.0
285,15,21,46,20,69,295,1039.0
286,5,28,65,29,58,421,879.0
287,7,4,17,25,63,375,957.0
288,29,28,43,32,65,466,983.0
289,29,3,65,37,65,551,987.0
290,15,27,67,30,70,446,1056.0
291,1,3,51,24,71,354,1068.0
292,18,4,71,29,63,421,951.0
293,1,21,71,21,49,312,736.0
294,1,30,36,25,70,366,1057.0
295,26,14,28,25,65,367,986.0
296,5,17,74,22,54,329,821.0
297,11,29,22,27,73,399,1104.0
298,20,26,49,24,58,357,873.0
299,7,11,46,22,62,320,937.0
300,14,25,57,23,62,334,935.0
301,11,8,40,21,44,312,663.0
302,18,30,74,32,76,466,1141.0
303,2,9,61,27,62,391,936.0
304,24,25,52,26,52,380,780.0
305,2,13,40,25,56,371,853.0
306,4,29,54,24,82,350,1243.0
307,29,27,65,25,69,367,1039.0
308,25,10,58,29,65,434,979.0
309,22,26,44,31,85,455,1277.0
310,27,2,29,24,61,350,922.0
311,30,15,73,25,76,371,1146.0
312,15,25,65,22,50,327,751.0
313,2,24,69,24,58,357,880.0
314,12,20,15,25,68,370,1032.0
315,22,4,34,30,50,444,760.0
316,24,21,52,22,76,329,1140.0
317,25,22,15,26,71,383,1067.0
318,26,10,55,30,69,436,1047.0
319,11,26,21,29,67,430,1014.0
320,21,11,61,31,72,459,1090.0
321,5,4,74,29,59,431,891.0
322,7,10,51,28,61,409,923.0
323,16,7,18,25,65,363,982.0
324,28,12,47,28,79,414,1193.0
325,25,17,49,29,65,428,983.0
326,20,29,55,24,61,359,929.0
327,20,15,18,34,72,496,1083.0
328,10,19,17,22,61,316,920.0
329,9,11,29,25,50,373,750.0
330,1,12,70,27,74,396,1110.0
331,19,30,32,26,52,384,793.0
332,2,20,57,34,72,505,1083.0
333,4,1,71,27,71,397,1067.0
334,26,17,16,26,55,387,828.0
335,5,7,59,19,42,273,639.0
336,25,24,17,24,58,355,881.0
337,25,8,59,21,52,301,783.0
338,24,13,56,33,80,485,1205.0
339,12,17,17,33,74,481,1121.0
340,2,19,30,30,57,448,856.0
341,20,11,15,27,65,401,977.0
342,26,7,30,25,66,366,993.0
343,13,23,29,21,67,315,1005.0
344,26,8,49,31,68,461,1030.0
345,12,30,44,19,43,281,650.0
346,20,23,59,29,56,426,840.0
347,11,17,60,21,54,308,818.0
348,13,11,40,24,68,349,1024.0
349,15,17,35,33,72,495,1081.0
350,16,1,17,23,62,336,931.0
351,15,2,38,29,63,423,954.0
352,13,18,62,28,63,411,948.0
353,10,21,48,27,71,404,1079.0
354,30,5,51,24,59,352,889.0
355,4,27,40,20,63,299,948.0
356,20,19,16,31,73,462,1096.0
357,10,11,58,34,70,498,1060.0
358,26,9,27,20,63,297,949.0
359,22,21,15,24,64,360,974.0
360,4,22,26,24,76,348,1151.0
361,25,20,46,30,59,446,898.0
362,8,18,54,27,77,403,1164.0
363,21,26,59,19,55,283,829.0
364,29,10,62,33,59,488,898.0
365,19,3,24,26,68,390,1031.0
366,19,10,26,31,70,462,1056.0
367,10,22,64,28,73,415,1105.0
368,3,15,46,27,55,394,829.0
369,7,17,59,15,44,217,674.0
370,17,3,41,33,54,490,819.0
371,2,4,66,38,74,559,1114.0
372,19,12,22,32,74,475,1111.0
373,18,7,68,30,65,442,985.0
374,2,7,43,30,67,446,1019.0
375,2,10,22,21,54,314,817.0
376,9,18,31,26,76,381,1142.0
377,15,14,69,25,70,371,1055.0
378,2,8,62,33,60,486,913.0
379,11,2,17,24,56,353,843.0
380,22,27,58,23,63,338,949.0
381,17,20,27,24,65,356,978.0
382,8,28,18,31,67,452,1017.0
383,3,16,19,20,48,291,733.0
384,27,7,68,19,60,282,914.0
385,16,8,26,25,48,368,721.0
386,16,19,36,25,61,371,918.0
387,21,5,35,28,48,416,725.0
388,13,2,48,31,68,459,1023.0
389,20,2,24,27,54,397,810.0
390,30,17,56,24,64,359,965.0
391,30,26,46,26,47,387,713.0
392,9,8,39,23,59,340,889.0
393,17,14,35,23,52,332,788.0
394,27,11,18,26,57,388,861.0
395,2,11,43,31,51,465,778.0
396,2,12,50,34,69,503,1038.0
397,6,13,62,24,76,359,1142.0
398,29,21,68,27,71,394,1068.0
399,6,2,32,23,56,343,854.0
horizon=86
