NODES,30
1,1,-,-
2,2,-,-
3,3,-,-
4,4,-,-
5,5,-,-
6,6,-,-
7,7,-,-
8,8,-,-
9,9,-,-
10,10,-,-
11,11,-,-
12,12,-,-
13,13,-,-
14,14,-,-
15,15,-,-
16,16,-,-
17,17,-,-
18,18,-,-
19,19,-,-
20,20,-,-
21,21,-,-
22,22,-,-
23,23,-,-
24,24,-,-
25,25,-,-
26,26,-,-
27,27,-,-
28,28,-,-
29,29,-,-
30,30,-,-
ARCS,683
0,1,13,4,310,345,38,564,564.0
1,1,17,2,275,220,34,500,500.0
2,1,5,7,620,421,76,1128,1128.0
3,1,8,3,977,500,119,1777,1777.0
4,1,16,4,549,599,67,999,999.0
5,1,21,5,334,558,41,608,608.0
6,1,30,6,322,297,40,586,586.0
7,1,4,5,870,476,106,1582,1582.0
8,1,18,5,191,234,24,348,348.0
9,1,28,6,1097,385,133,1995,1995.0
10,1,23,1,632,593,77,1150,1150.0
11,1,7,4,143,591,18,260,260.0
12,1,22,6,1097,452,133,1995,1995.0
13,1,20,7,668,150,81,1215,1215.0
14,1,27,3,882,297,107,1604,1604.0
15,1,11,6,775,470,94,1410,1410.0
16,1,25,5,1097,205,133,1995,1995.0
17,1,2,4,191,325,24,348,348.0
18,1,14,9,715,480,87,1300,1300.0
19,1,26,6,751,198,92,1366,1366.0
20,1,29,9,489,228,60,890,890.0
21,2,27,6,668,194,81,1215,1215.0
22,2,10,1,429,396,52,780,780.0
23,2,5,4,906,247,110,1648,1648.0
24,2,13,9,954,398,116,1735,1735.0
25,2,9,5,143,167,18,260,260.0
26,2,21,3,358,383,44,651,651.0
27,2,30,8,727,527,89,1322,1322.0
28,2,16,3,870,226,106,1582,1582.0
29,2,1,2,1073,582,131,1951,1951.0
30,2,4,1,1144,511,139,2080,2080.0
31,2,3,4,572,283,70,1040,1040.0
32,2,12,3,668,477,81,1215,1215.0
33,2,26,9,406,477,50,739,739.0
34,2,19,1,644,541,79,1171,1171.0
35,2,11,2,346,406,42,630,630.0
36,2,20,6,382,175,47,695,695.0
37,2,18,5,1013,305,123,1842,1842.0
38,2,14,7,346,384,42,630,630.0
39,2,28,4,715,315,87,1300,1300.0
40,2,17,8,334,158,41,608,608.0
41,2,22,6,191,242,24,348,348.0
42,2,7,6,751,450,92,1366,1366.0
43,2,29,8,703,289,86,1279,1279.0
44,3,30,3,167,228,21,304,304.0
45,3,14,6,834,409,102,1517,1517.0
46,3,9,4,572,441,70,1040,1040.0
47,3,6,4,727,294,89,1322,1322.0
48,3,29,9,310,314,38,564,564.0
49,3,21,4,632,156,77,1150,1150.0
50,3,13,3,918,188,112,1670,1670.0
51,3,23,8,846,354,103,1539,1539.0
52,3,26,4,703,137,86,1279,1279.0
53,3,25,4,417,206,51,759,759.0
54,3,4,3,382,234,47,695,695.0
55,3,1,4,1108,318,135,2015,2015.0
56,3,15,1,167,340,21,304,304.0
57,3,11,9,894,271,109,1626,1626.0
58,3,22,8,513,287,63,933,933.0
59,3,5,5,739,431,90,1344,1344.0
60,3,18,7,715,256,87,1300,1300.0
61,3,28,2,132,560,16,240,240.0
62,3,19,7,632,193,77,1150,1150.0
63,3,16,6,763,591,93,1388,1388.0
64,4,14,7,167,390,21,304,304.0
65,4,30,2,882,283,107,1604,1604.0
66,4,6,7,1037,589,126,1886,1886.0
67,4,22,2,918,300,112,1670,1670.0
68,4,16,8,227,233,28,413,413.0
69,4,7,8,215,328,27,391,391.0
70,4,15,2,394,508,48,717,717.0
71,4,19,8,870,537,106,1582,1582.0
72,4,28,6,406,138,50,739,739.0
73,4,23,8,572,480,70,1040,1040.0
74,4,11,8,453,156,55,824,824.0
75,4,5,9,894,258,109,1626,1626.0
76,4,10,5,846,265,103,1539,1539.0
77,4,8,5,1144,333,139,2080,2080.0
78,4,26,1,739,589,90,1344,1344.0
79,4,24,8,942,538,115,1713,1713.0
80,4,3,7,1180,301,144,2146,2146.0
81,4,17,2,1001,426,122,1820,1820.0
82,4,1,8,1108,181,135,2015,2015.0
83,4,2,8,1001,456,122,1820,1820.0
84,4,21,2,477,297,58,868,868.0
85,4,18,8,1144,278,139,2080,2080.0
86,4,20,1,811,149,99,1475,1475.0
87,4,25,8,1073,126,131,1951,1951.0
88,4,13,4,537,145,66,977,977.0
89,4,12,4,882,605,107,1604,1604.0
90,5,21,1,1013,292,123,1842,1842.0
91,5,19,4,656,204,80,1193,1193.0
92,5,7,8,572,586,70,1040,1040.0
93,5,27,7,1049,421,128,1908,1908.0
94,5,3,7,132,547,16,240,240.0
95,5,13,8,358,301,44,651,651.0
96,5,24,8,525,122,64,955,955.0
97,5,11,5,394,387,48,717,717.0
98,5,12,6,977,421,119,1777,1777.0
99,5,10,1,334,498,41,608,608.0
100,5,22,5,298,404,37,542,542.0
101,5,6,3,834,582,102,1517,1517.0
102,5,16,9,179,599,22,326,326.0
103,5,30,5,465,460,57,846,846.0
104,5,29,4,239,498,29,435,435.0
105,5,4,1,596,579,73,1084,1084.0
106,5,8,5,846,593,103,1539,1539.0
107,5,20,6,143,236,18,260,260.0
108,5,18,7,811,473,99,1475,1475.0
109,5,1,4,346,337,42,630,630.0
110,5,9,4,680,359,83,1237,1237.0
111,5,23,9,477,476,58,868,868.0
112,6,1,6,429,143,52,780,780.0
113,6,4,8,441,170,54,802,802.0
114,6,21,4,1073,407,131,1951,1951.0
115,6,15,1,775,339,94,1410,1410.0
116,6,8,9,763,356,93,1388,1388.0
117,6,16,7,441,435,54,802,802.0
118,6,28,2,215,496,27,391,391.0
119,6,20,5,739,605,90,1344,1344.0
120,6,12,8,429,172,52,780,780.0
121,6,25,1,608,214,74,1106,1106.0
122,6,14,1,1013,506,123,1842,1842.0
123,6,9,1,489,387,60,890,890.0
124,6,24,5,1049,128,128,1908,1908.0
125,6,13,9,394,255,48,717,717.0
126,6,19,6,155,413,19,282,282.0
127,6,17,6,489,301,60,890,890.0
128,6,11,5,1061,571,129,1930,1930.0
129,6,5,7,1132,463,138,2059,2059.0
130,6,22,3,346,270,42,630,630.0
131,6,3,3,1025,524,125,1864,1864.0
132,6,10,9,251,315,31,457,457.0
133,6,27,7,1168,139,142,2124,2124.0
134,6,2,8,215,607,27,391,391.0
135,6,30,2,632,468,77,1150,1150.0
136,6,29,8,668,605,81,1215,1215.0
137,6,7,9,132,222,16,240,240.0
138,6,23,6,584,267,71,1062,1062.0
139,7,10,2,751,215,92,1366,1366.0
140,7,6,2,465,237,57,846,846.0
141,7,30,6,906,141,110,1648,1648.0
142,7,9,3,1156,332,141,2102,2102.0
143,7,24,6,394,238,48,717,717.0
144,7,25,5,811,282,99,1475,1475.0
145,7,28,8,537,462,66,977,977.0
146,7,16,8,406,483,50,739,739.0
147,7,20,1,656,431,80,1193,1193.0
148,7,17,3,489,534,60,890,890.0
149,7,23,8,1132,239,138,2059,2059.0
150,7,22,7,656,279,80,1193,1193.0
151,7,26,7,1120,555,136,2037,2037.0
152,7,21,9,715,479,87,1300,1300.0
153,7,5,5,894,555,109,1626,1626.0
154,7,15,1,846,468,103,1539,1539.0
155,7,18,4,656,127,80,1193,1193.0
156,7,14,3,1097,323,133,1995,1995.0
157,7,8,1,608,202,74,1106,1106.0
158,8,1,7,846,488,103,1539,1539.0
159,8,28,6,513,180,63,933,933.0
160,8,19,1,203,244,25,370,370.0
161,8,15,7,465,297,57,846,846.0
162,8,11,1,954,422,116,1735,1735.0
163,8,29,1,179,378,22,326,326.0
164,8,5,4,834,284,102,1517,1517.0
165,8,4,4,1001,557,122,1820,1820.0
166,8,18,8,1132,328,138,2059,2059.0
167,8,24,5,1049,288,128,1908,1908.0
168,8,12,3,406,275,50,739,739.0
169,8,10,6,823,357,100,1497,1497.0
170,8,13,3,823,215,100,1497,1497.0
171,8,26,6,453,376,55,824,824.0
172,8,6,3,668,142,81,1215,1215.0
173,8,25,8,417,518,51,759,759.0
174,8,16,5,1049,383,128,1908,1908.0
175,8,3,1,1120,398,136,2037,2037.0
176,8,21,1,143,206,18,260,260.0
177,8,14,7,775,316,94,1410,1410.0
178,8,30,9,310,517,38,564,564.0
179,8,9,6,167,254,21,304,304.0
180,8,23,8,1025,188,125,1864,1864.0
181,9,5,3,977,455,119,1777,1777.0
182,9,2,7,537,518,66,977,977.0
183,9,6,2,1061,412,129,1930,1930.0
184,9,30,6,668,331,81,1215,1215.0
185,9,18,7,310,208,38,564,564.0
186,9,20,3,1061,465,129,1930,1930.0
187,9,4,2,739,551,90,1344,1344.0
188,9,22,7,525,305,64,955,955.0
189,9,23,5,179,145,22,326,326.0
190,9,16,7,1025,187,125,1864,1864.0
191,9,26,4,191,590,24,348,348.0
192,9,10,1,668,176,81,1215,1215.0
193,9,3,9,799,413,97,1453,1453.0
194,9,15,3,215,170,27,391,391.0
195,9,13,1,799,465,97,1453,1453.0
196,9,17,6,668,173,81,1215,1215.0
197,9,28,8,179,192,22,326,326.0
198,9,21,9,834,584,102,1517,1517.0
199,9,7,1,239,565,29,435,435.0
200,9,27,4,632,468,77,1150,1150.0
201,9,29,6,560,546,68,1019,1019.0
202,9,14,3,429,404,52,780,780.0
203,10,6,3,811,323,99,1475,1475.0
204,10,22,5,358,135,44,651,651.0
205,10,9,8,549,499,67,999,999.0
206,10,28,2,1132,604,138,2059,2059.0
207,10,25,3,382,223,47,695,695.0
208,10,5,4,263,314,32,479,479.0
209,10,4,8,811,562,99,1475,1475.0
210,10,2,3,251,412,31,457,457.0
211,10,24,6,1097,416,133,1995,1995.0
212,10,29,9,370,265,45,673,673.0
213,10,23,6,739,131,90,1344,1344.0
214,10,7,8,1180,485,144,2146,2146.0
215,10,3,2,179,249,22,326,326.0
216,10,15,1,227,281,28,413,413.0
217,10,18,5,286,445,35,520,520.0
218,10,21,8,560,546,68,1019,1019.0
219,10,13,9,263,370,32,479,479.0
220,10,11,5,417,221,51,759,759.0
221,10,26,3,179,513,22,326,326.0
222,10,19,9,632,243,77,1150,1150.0
223,10,14,8,966,485,118,1757,1757.0
224,10,27,4,632,165,77,1150,1150.0
225,10,20,9,989,432,120,1799,1799.0
226,10,8,3,132,158,16,240,240.0
227,10,17,4,966,232,118,1757,1757.0
228,10,16,4,727,423,89,1322,1322.0
229,11,5,2,572,597,70,1040,1040.0
230,11,28,5,346,288,42,630,630.0
231,11,25,3,334,314,41,608,608.0
232,11,10,7,584,500,71,1062,1062.0
233,11,13,5,501,466,61,911,911.0
234,11,9,4,751,198,92,1366,1366.0
235,11,23,1,882,127,107,1604,1604.0
236,11,6,6,1144,203,139,2080,2080.0
237,11,4,3,525,540,64,955,955.0
238,11,29,1,263,234,32,479,479.0
239,11,22,8,954,392,116,1735,1735.0
240,11,26,8,608,505,74,1106,1106.0
241,11,30,3,501,298,61,911,911.0
242,11,20,6,918,521,112,1670,1670.0
243,11,18,7,560,189,68,1019,1019.0
244,11,15,5,501,432,61,911,911.0
245,11,21,8,1108,404,135,2015,2015.0
246,12,2,1,930,298,113,1691,1691.0
247,12,20,7,930,456,113,1691,1691.0
248,12,9,1,954,508,116,1735,1735.0
249,12,30,7,453,470,55,824,824.0
250,12,8,7,632,165,77,1150,1150.0
251,12,13,6,1037,155,126,1886,1886.0
252,12,14,1,251,495,31,457,457.0
253,12,27,6,263,315,32,479,479.0
254,12,6,2,894,456,109,1626,1626.0
255,12,26,7,930,563,113,1691,1691.0
256,12,3,4,239,310,29,435,435.0
257,12,19,1,1156,136,141,2102,2102.0
258,12,29,2,644,311,79,1171,1171.0
259,12,5,5,1120,202,136,2037,2037.0
260,12,21,5,227,549,28,413,413.0
261,13,18,3,382,465,47,695,695.0
262,13,7,9,179,367,22,326,326.0
263,13,29,4,620,560,76,1128,1128.0
264,13,11,2,298,438,37,542,542.0
265,13,1,7,787,410,96,1431,1431.0
266,13,12,9,989,377,120,1799,1799.0
267,13,27,4,191,321,24,348,348.0
268,13,19,6,406,404,50,739,739.0
269,13,8,2,858,230,104,1560,1560.0
270,13,5,9,1013,539,123,1842,1842.0
271,13,24,8,275,293,34,500,500.0
272,13,22,9,787,333,96,1431,1431.0
273,13,4,5,799,381,97,1453,1453.0
274,13,10,6,1108,535,135,2015,2015.0
275,13,2,7,215,154,27,391,391.0
276,13,16,9,703,199,86,1279,1279.0
277,13,23,4,989,148,120,1799,1799.0
278,13,9,6,966,500,118,1757,1757.0
279,13,21,5,846,494,103,1539,1539.0
280,13,6,3,417,289,51,759,759.0
281,13,20,5,1168,220,142,2124,2124.0
282,13,26,1,1013,137,123,1842,1842.0
283,13,14,9,572,282,70,1040,1040.0
284,14,27,5,310,356,38,564,564.0
285,14,1,8,644,444,79,1171,1171.0
286,14,12,1,1144,135,139,2080,2080.0
287,14,15,3,203,192,25,370,370.0
288,14,26,8,823,370,100,1497,1497.0
289,14,8,4,298,599,37,542,542.0
290,14,24,9,977,415,119,1777,1777.0
291,14,20,1,179,572,22,326,326.0
292,14,28,6,275,413,34,500,500.0
293,14,29,2,906,125,110,1648,1648.0
294,14,17,3,882,202,107,1604,1604.0
295,14,6,5,1120,334,136,2037,2037.0
296,14,16,8,739,438,90,1344,1344.0
297,14,2,1,954,204,116,1735,1735.0
298,14,22,7,632,522,77,1150,1150.0
299,14,25,5,787,366,96,1431,1431.0
300,14,9,2,513,597,63,933,933.0
301,14,10,4,680,446,83,1237,1237.0
302,14,18,2,680,270,83,1237,1237.0
303,14,19,5,1097,394,133,1995,1995.0
304,14,5,1,977,192,119,1777,1777.0
305,14,21,1,632,502,77,1150,1150.0
306,15,26,5,477,332,58,868,868.0
307,15,9,7,429,579,52,780,780.0
308,15,19,4,191,158,24,348,348.0
309,15,21,5,513,499,63,933,933.0
310,15,25,7,1108,200,135,2015,2015.0
311,15,14,1,155,426,19,282,282.0
312,15,22,4,215,597,27,391,391.0
313,15,29,9,406,413,50,739,739.0
314,15,11,4,1108,197,135,2015,2015.0
315,15,6,6,799,599,97,1453,1453.0
316,15,2,7,215,210,27,391,391.0
317,15,1,7,155,561,19,282,282.0
318,15,16,5,477,333,58,868,868.0
319,15,13,1,692,376,84,1259,1259.0
320,15,8,2,132,283,16,240,240.0
321,15,5,3,227,480,28,413,413.0
322,15,23,7,465,544,57,846,846.0
323,15,24,1,441,550,54,802,802.0
324,15,27,6,608,219,74,1106,1106.0
325,15,20,8,620,315,76,1128,1128.0
326,15,4,1,525,399,64,955,955.0
327,15,17,4,143,374,18,260,260.0
328,15,3,8,692,320,84,1259,1259.0
329,15,28,8,370,413,45,673,673.0
330,15,30,7,596,323,73,1084,1084.0
331,15,7,4,513,406,63,933,933.0
332,15,18,1,513,522,63,933,933.0
333,15,10,8,858,579,104,1560,1560.0
334,15,12,5,560,459,68,1019,1019.0
335,16,14,9,954,160,116,1735,1735.0
336,16,26,3,692,597,84,1259,1259.0
337,16,6,9,870,153,106,1582,1582.0
338,16,10,4,1180,243,144,2146,2146.0
339,16,5,1,382,215,47,695,695.0
340,16,4,5,620,262,76,1128,1128.0
341,16,3,4,751,165,92,1366,1366.0
342,16,9,4,370,505,45,673,673.0
343,16,27,7,727,601,89,1322,1322.0
344,16,28,3,477,197,58,868,868.0
345,16,30,3,1097,574,133,1995,1995.0
346,16,24,3,441,144,54,802,802.0
347,16,23,2,549,445,67,999,999.0
348,16,13,4,1120,540,136,2037,2037.0
349,16,15,6,239,233,29,435,435.0
350,16,2,8,179,463,22,326,326.0
351,16,1,8,417,551,51,759,759.0
352,16,22,7,560,267,68,1019,1019.0
353,16,8,9,632,594,77,1150,1150.0
354,16,21,8,1132,393,138,2059,2059.0
355,16,20,4,489,345,60,890,890.0
356,16,29,9,322,401,40,586,586.0
357,16,11,4,668,261,81,1215,1215.0
358,17,11,1,692,577,84,1259,1259.0
359,17,2,5,989,540,120,1799,1799.0
360,17,24,7,596,359,73,1084,1084.0
361,17,27,4,298,189,37,542,542.0
362,17,21,5,703,279,86,1279,1279.0
363,17,26,6,763,424,93,1388,1388.0
364,17,14,7,823,316,100,1497,1497.0
365,17,1,6,406,293,50,739,739.0
366,17,3,6,811,222,99,1475,1475.0
367,17,9,4,787,231,96,1431,1431.0
368,17,19,1,191,165,24,348,348.0
369,17,10,6,465,466,57,846,846.0
370,17,15,6,954,226,116,1735,1735.0
371,17,12,1,1108,472,135,2015,2015.0
372,17,28,8,775,407,94,1410,1410.0
373,17,30,3,620,368,76,1128,1128.0
374,17,16,7,811,349,99,1475,1475.0
375,17,7,8,155,270,19,282,282.0
376,17,20,5,1097,149,133,1995,1995.0
377,17,22,8,394,244,48,717,717.0
378,17,13,9,132,183,16,240,240.0
379,17,5,5,1013,429,123,1842,1842.0
380,17,4,8,358,571,44,651,651.0
381,17,25,4,155,186,19,282,282.0
382,17,18,1,143,446,18,260,260.0
383,17,6,9,143,403,18,260,260.0
384,17,23,9,906,493,110,1648,1648.0
385,18,11,4,132,474,16,240,240.0
386,18,24,1,596,561,73,1084,1084.0
387,18,3,2,227,334,28,413,413.0
388,18,20,2,763,141,93,1388,1388.0
389,18,25,7,251,418,31,457,457.0
390,18,13,5,966,297,118,1757,1757.0
391,18,4,4,179,554,22,326,326.0
392,18,23,6,1180,188,144,2146,2146.0
393,18,9,6,489,371,60,890,890.0
394,18,19,3,739,125,90,1344,1344.0
395,18,16,4,692,250,84,1259,1259.0
396,18,22,8,692,393,84,1259,1259.0
397,18,8,2,1180,292,144,2146,2146.0
398,18,28,4,191,214,24,348,348.0
399,18,5,3,1013,393,123,1842,1842.0
400,18,21,4,1013,583,123,1842,1842.0
401,18,29,3,286,266,35,520,520.0
402,18,6,2,120,132,15,219,219.0
403,18,12,6,584,362,71,1062,1062.0
404,18,2,4,858,524,104,1560,1560.0
405,18,7,2,143,604,18,260,260.0
406,19,7,8,334,294,41,608,608.0
407,19,10,9,1037,604,126,1886,1886.0
408,19,26,7,358,227,44,651,651.0
409,19,29,5,763,556,93,1388,1388.0
410,19,22,7,370,524,45,673,673.0
411,19,2,5,560,394,68,1019,1019.0
412,19,28,9,823,543,100,1497,1497.0
413,19,9,3,215,529,27,391,391.0
414,19,13,7,191,468,24,348,348.0
415,19,6,7,811,571,99,1475,1475.0
416,19,3,1,1108,189,135,2015,2015.0
417,19,18,9,632,470,77,1150,1150.0
418,19,21,3,239,276,29,435,435.0
419,19,8,5,1013,155,123,1842,1842.0
420,19,4,3,680,562,83,1237,1237.0
421,19,14,5,632,267,77,1150,1150.0
422,19,1,2,882,200,107,1604,1604.0
423,19,27,7,1037,292,126,1886,1886.0
424,19,25,3,1061,518,129,1930,1930.0
425,19,30,2,918,506,112,1670,1670.0
426,19,15,3,1037,281,126,1886,1886.0
427,19,5,5,513,605,63,933,933.0
428,19,12,9,906,178,110,1648,1648.0
429,19,11,8,763,316,93,1388,1388.0
430,19,17,5,322,484,40,586,586.0
431,19,24,6,489,143,60,890,890.0
432,19,16,4,823,160,100,1497,1497.0
433,20,11,8,584,537,71,1062,1062.0
434,20,16,6,489,606,60,890,890.0
435,20,28,4,656,410,80,1193,1193.0
436,20,10,7,882,345,107,1604,1604.0
437,20,7,7,811,526,99,1475,1475.0
438,20,18,1,1156,505,141,2102,2102.0
439,20,25,8,1013,404,123,1842,1842.0
440,20,6,1,501,282,61,911,911.0
441,20,27,8,834,496,102,1517,1517.0
442,20,30,2,906,443,110,1648,1648.0
443,20,19,3,346,368,42,630,630.0
444,20,24,3,227,507,28,413,413.0
445,20,29,9,191,310,24,348,348.0
446,20,2,3,525,462,64,955,955.0
447,20,4,5,942,432,115,1713,1713.0
448,20,14,3,918,170,112,1670,1670.0
449,20,9,8,668,512,81,1215,1215.0
450,20,1,6,1001,451,122,1820,1820.0
451,20,26,1,560,152,68,1019,1019.0
452,20,22,4,692,276,84,1259,1259.0
453,21,16,5,1025,534,125,1864,1864.0
454,21,25,6,715,167,87,1300,1300.0
455,21,5,4,406,415,50,739,739.0
456,21,24,3,763,258,93,1388,1388.0
457,21,22,5,441,446,54,802,802.0
458,21,14,8,1061,573,129,1930,1930.0
459,21,18,5,918,333,112,1670,1670.0
460,21,1,8,942,305,115,1713,1713.0
461,21,27,8,477,546,58,868,868.0
462,21,12,8,155,360,19,282,282.0
463,21,10,2,1120,293,136,2037,2037.0
464,21,28,9,870,191,106,1582,1582.0
465,21,13,8,1085,299,132,1973,1973.0
466,21,17,2,322,144,40,586,586.0
467,21,30,5,1013,232,123,1842,1842.0
468,21,3,8,954,310,116,1735,1735.0
469,21,11,1,954,306,116,1735,1735.0
470,21,8,4,191,360,24,348,348.0
471,21,7,9,334,546,41,608,608.0
472,21,2,9,930,496,113,1691,1691.0
473,22,12,7,513,227,63,933,933.0
474,22,5,4,1037,513,126,1886,1886.0
475,22,23,5,406,456,50,739,739.0
476,22,30,8,1180,232,144,2146,2146.0
477,22,1,7,263,596,32,479,479.0
478,22,26,7,882,208,107,1604,1604.0
479,22,6,5,1120,494,136,2037,2037.0
480,22,14,2,715,143,87,1300,1300.0
481,22,3,7,703,232,86,1279,1279.0
482,22,7,7,215,602,27,391,391.0
483,22,8,3,501,556,61,911,911.0
484,22,19,7,286,465,35,520,520.0
485,22,25,9,727,251,89,1322,1322.0
486,22,11,1,382,473,47,695,695.0
487,22,15,9,465,248,57,846,846.0
488,22,28,6,120,284,15,219,219.0
489,22,18,1,382,552,47,695,695.0
490,22,10,8,120,407,15,219,219.0
491,22,17,7,346,449,42,630,630.0
492,22,16,4,275,401,34,500,500.0
493,22,20,1,584,340,71,1062,1062.0
494,22,29,8,1156,294,141,2102,2102.0
495,23,2,8,143,500,18,260,260.0
496,23,15,4,1085,528,132,1973,1973.0
497,23,29,5,1156,557,141,2102,2102.0
498,23,14,5,215,367,27,391,391.0
499,23,20,7,1180,159,144,2146,2146.0
500,23,27,2,715,359,87,1300,1300.0
501,23,26,8,930,132,113,1691,1691.0
502,23,4,6,1097,563,133,1995,1995.0
503,23,5,9,572,318,70,1040,1040.0
504,23,3,2,1073,354,131,1951,1951.0
505,23,8,2,906,392,110,1648,1648.0
506,23,25,4,453,332,55,824,824.0
507,23,17,8,489,357,60,890,890.0
508,23,24,3,167,508,21,304,304.0
509,23,19,7,1037,493,126,1886,1886.0
510,23,16,3,739,279,90,1344,1344.0
511,23,13,1,489,463,60,890,890.0
512,23,9,9,441,187,54,802,802.0
513,23,21,7,215,243,27,391,391.0
514,23,12,9,775,593,94,1410,1410.0
515,23,11,8,846,446,103,1539,1539.0
516,24,8,4,167,312,21,304,304.0
517,24,5,2,692,440,84,1259,1259.0
518,24,23,9,632,202,77,1150,1150.0
519,24,9,4,263,227,32,479,479.0
520,24,22,8,930,480,113,1691,1691.0
521,24,27,8,1013,566,123,1842,1842.0
522,24,13,7,763,239,93,1388,1388.0
523,24,6,9,572,298,70,1040,1040.0
524,24,29,8,1097,317,133,1995,1995.0
525,24,30,9,1168,495,142,2124,2124.0
526,24,10,7,703,304,86,1279,1279.0
527,24,25,8,191,239,24,348,348.0
528,24,16,3,560,372,68,1019,1019.0
529,24,20,3,894,539,109,1626,1626.0
530,24,12,9,763,222,93,1388,1388.0
531,24,2,2,1061,184,129,1930,1930.0
532,24,1,7,584,390,71,1062,1062.0
533,24,19,5,537,345,66,977,977.0
534,24,14,8,322,437,40,586,586.0
535,25,12,6,608,164,74,1106,1106.0
536,25,28,4,906,470,110,1648,1648.0
537,25,23,5,417,144,51,759,759.0
538,25,5,5,1144,294,139,2080,2080.0
539,25,22,1,692,405,84,1259,1259.0
540,25,21,3,1120,448,136,2037,2037.0
541,25,10,4,346,212,42,630,630.0
542,25,1,8,191,233,24,348,348.0
543,25,14,4,811,528,99,1475,1475.0
544,25,11,4,429,233,52,780,780.0
545,25,20,1,870,220,106,1582,1582.0
546,25,30,5,715,528,87,1300,1300.0
547,25,9,6,465,234,57,846,846.0
548,25,15,5,132,413,16,240,240.0
549,25,24,1,143,461,18,260,260.0
550,25,26,9,870,260,106,1582,1582.0
551,25,29,2,1073,338,131,1951,1951.0
552,25,16,5,298,187,37,542,542.0
553,25,19,7,870,187,106,1582,1582.0
554,25,13,2,1073,255,131,1951,1951.0
555,25,3,1,537,348,66,977,977.0
556,25,8,1,977,188,119,1777,1777.0
557,25,6,8,799,189,97,1453,1453.0
558,25,17,9,882,413,107,1604,1604.0
559,25,18,9,823,448,100,1497,1497.0
560,25,4,3,751,267,92,1366,1366.0
561,26,9,3,644,597,79,1171,1171.0
562,26,27,9,286,195,35,520,520.0
563,26,17,3,167,205,21,304,304.0
564,26,22,7,811,126,99,1475,1475.0
565,26,24,8,203,311,25,370,370.0
566,26,12,3,775,288,94,1410,1410.0
567,26,8,6,1120,605,136,2037,2037.0
568,26,30,7,286,556,35,520,520.0
569,26,25,9,143,142,18,260,260.0
570,26,20,1,799,424,97,1453,1453.0
571,26,1,9,763,222,93,1388,1388.0
572,26,21,5,572,223,70,1040,1040.0
573,26,6,8,1097,248,133,1995,1995.0
574,26,29,5,191,264,24,348,348.0
575,26,3,1,513,273,63,933,933.0
576,26,23,1,703,322,86,1279,1279.0
577,26,16,9,775,596,94,1410,1410.0
578,26,14,6,286,133,35,520,520.0
579,26,11,6,1001,186,122,1820,1820.0
580,26,2,9,1037,309,126,1886,1886.0
581,26,5,7,382,459,47,695,695.0
582,26,7,3,203,154,25,370,370.0
583,26,28,2,155,350,19,282,282.0
584,26,19,7,834,563,102,1517,1517.0
585,26,18,4,1037,232,126,1886,1886.0
586,26,13,9,215,560,27,391,391.0
587,26,4,2,692,431,84,1259,1259.0
588,26,10,9,251,333,31,457,457.0
589,27,29,5,834,410,102,1517,1517.0
590,27,5,9,882,338,107,1604,1604.0
591,27,6,4,501,290,61,911,911.0
592,27,25,9,823,267,100,1497,1497.0
593,27,11,5,1168,484,142,2124,2124.0
594,27,9,5,346,334,42,630,630.0
595,27,18,6,966,393,118,1757,1757.0
596,27,20,3,334,546,41,608,608.0
597,27,30,7,1001,195,122,1820,1820.0
598,27,3,1,715,267,87,1300,1300.0
599,27,21,3,477,346,58,868,868.0
600,27,7,7,239,316,29,435,435.0
601,27,19,8,513,292,63,933,933.0
602,27,23,6,346,281,42,630,630.0
603,27,4,1,549,406,67,999,999.0
604,27,26,5,310,605,38,564,564.0
605,27,22,3,382,491,47,695,695.0
606,27,24,5,1132,295,138,2059,2059.0
607,27,13,7,453,339,55,824,824.0
608,28,6,6,167,429,21,304,304.0
609,28,21,3,358,428,44,651,651.0
610,28,17,7,608,345,74,1106,1106.0
611,28,3,8,632,590,77,1150,1150.0
612,28,18,4,1156,173,141,2102,2102.0
613,28,23,1,1085,245,132,1973,1973.0
614,28,9,6,1061,243,129,1930,1930.0
615,28,2,8,239,385,29,435,435.0
616,28,10,3,739,211,90,1344,1344.0
617,28,13,3,441,209,54,802,802.0
618,28,16,8,406,147,50,739,739.0
619,28,12,8,703,494,86,1279,1279.0
620,28,25,5,203,210,25,370,370.0
621,28,26,7,608,429,74,1106,1106.0
622,28,27,1,227,454,28,413,413.0
623,28,15,3,715,239,87,1300,1300.0
624,28,5,1,263,259,32,479,479.0
625,28,11,5,1168,273,142,2124,2124.0
626,28,30,1,191,184,24,348,348.0
627,28,7,1,560,317,68,1019,1019.0
628,28,24,6,751,297,92,1366,1366.0
629,28,29,6,751,596,92,1366,1366.0
630,28,14,4,608,227,74,1106,1106.0
631,28,22,6,286,540,35,520,520.0
632,28,1,3,179,605,22,326,326.0
633,28,20,9,382,378,47,695,695.0
634,28,8,6,656,608,80,1193,1193.0
635,29,17,3,882,136,107,1604,1604.0
636,29,12,5,382,301,47,695,695.0
637,29,10,6,298,254,37,542,542.0
638,29,20,8,1132,286,138,2059,2059.0
639,29,11,3,263,383,32,479,479.0
640,29,22,5,227,499,28,413,413.0
641,29,4,3,1001,565,122,1820,1820.0
642,29,13,9,763,583,93,1388,1388.0
643,29,28,5,358,177,44,651,651.0
644,29,30,6,1168,422,142,2124,2124.0
645,29,2,1,739,599,90,1344,1344.0
646,29,23,1,703,220,86,1279,1279.0
647,29,25,9,608,420,74,1106,1106.0
648,29,5,3,977,317,119,1777,1777.0
649,29,7,1,465,435,57,846,846.0
650,29,21,5,1156,247,141,2102,2102.0
651,29,14,8,477,164,58,868,868.0
652,29,16,9,298,169,37,542,542.0
653,29,15,8,834,471,102,1517,1517.0
654,29,19,3,191,374,24,348,348.0
655,29,9,8,799,438,97,1453,1453.0
656,29,1,8,668,288,81,1215,1215.0
657,29,24,8,239,409,29,435,435.0
658,29,18,9,846,428,103,1539,1539.0
659,29,26,7,799,197,97,1453,1453.0
660,29,6,6,334,538,41,608,608.0
661,30,18,2,966,192,118,1757,1757.0
662,30,29,4,703,590,86,1279,1279.0
663,30,13,5,1037,550,126,1886,1886.0
664,30,27,9,1025,186,125,1864,1864.0
665,30,11,8,453,329,55,824,824.0
666,30,23,2,251,226,31,457,457.0
667,30,21,5,465,326,57,846,846.0
668,30,26,8,656,153,80,1193,1193.0
669,30,20,4,1061,243,129,1930,1930.0
670,30,16,1,727,480,89,1322,1322.0
671,30,19,4,155,488,19,282,282.0
672,30,17,9,1120,141,136,2037,2037.0
673,30,10,2,358,289,44,651,651.0
674,30,14,5,989,562,120,1799,1799.0
675,30,5,5,787,160,96,1431,1431.0
676,30,12,9,692,466,84,1259,1259.0
677,30,9,9,775,248,94,1410,1410.0
678,30,6,5,1037,337,126,1886,1886.0
679,30,3,2,286,368,35,520,520.0
680,30,15,7,155,178,19,282,282.0
681,30,4,8,1156,227,141,2102,2102.0
682,30,22,2,870,145,106,1582,1582.0
COMMODITIES,400
0,26,28,24,47,78,699,1180.0
1,27,28,49,53,121,792,1819.0
2,13,22,68,62,125,925,1889.0
3,26,14,53,48,93,711,1404.0
4,26,8,41,56,112,833,1683.0
5,14,1,50,45,105,668,1588.0
6,9,22,20,53,115,789,1730.0
7,21,29,23,52,110,773,1658.0
8,16,12,61,46,139,685,2093.0
9,1,13,54,55,105,820,1588.0
10,9,19,46,52,114,768,1716.0
11,9,14,22,58,115,870,1736.0
12,15,25,38,48,95,717,1435.0
13,2,28,43,67,118,1005,1775.0
14,20,3,50,46,140,686,2101.0
15,23,24,53,51,84,755,1270.0
16,24,21,29,47,98,698,1482.0
17,11,25,52,47,100,693,1501.0
18,29,2,33,55,123,824,1858.0
19,1,14,26,56,134,839,2014.0
20,1,7,30,52,82,771,1243.0
21,29,21,49,47,113,694,1695.0
22,28,20,36,45,103,664,1558.0
23,26,11,72,61,126,911,1897.0
24,12,22,30,55,135,812,2039.0
25,12,27,43,46,89,687,1337.0
26,15,26,43,55,126,822,1902.0
27,29,23,35,51,134,759,2021.0
28,20,11,64,50,118,748,1782.0
29,14,15,43,67,103,998,1555.0
30,15,2,17,60,98,899,1483.0
31,10,11,44,58,125,856,1875.0
32,4,7,73,55,93,814,1408.0
33,15,8,54,50,75,742,1133.0
34,14,27,72,47,94,704,1417.0
35,30,26,58,47,121,694,1829.0
36,3,21,46,51,117,756,1759.0
37,20,17,38,52,145,776,2186.0
38,24,28,29,59,128,878,1921.0
39,5,13,50,55,109,813,1641.0
40,5,8,65,54,116,799,1746.0
41,14,12,52,49,134,725,2016.0
42,17,5,61,51,121,757,1827.0
43,25,24,32,52,80,769,1202.0
44,1,5,17,48,139,706,2090.0
45,15,6,27,47,94,701,1423.0
46,5,3,17,43,72,632,1081.0
47,3,23,67,56,116,831,1744.0
48,1,2,49,45,77,667,1168.0
49,12,26,66,47,125,697,1880.0
50,13,16,22,44,124,652,1871.0
51,20,30,40,55,150,817,2263.0
52,25,30,26,50,122,737,1831.0
53,3,5,38,56,119,840,1799.0
54,25,14,25,58,105,856,1584.0
55,20,15,72,54,133,806,1998.0
56,8,29,22,48,85,715,1277.0
57,2,23,54,52,100,773,1501.0
58,16,30,73,53,149,786,2248.0
59,27,8,52,47,138,691,2080.0
60,18,26,52,61,144,908,2167.0
61,26,17,64,52,82,768,1235.0
62,18,2,15,54,108,798,1634.0
63,24,13,49,51,132,757,1989.0
64,30,7,61,49,118,732,1784.0
65,29,11,40,59,107,884,1610.0
66,28,5,31,47,91,697,1378.0
67,6,11,27,45,122,671,1833.0
68,16,15,19,56,99,829,1495.0
69,13,21,38,67,146,1005,2204.0
70,21,20,60,53,132,786,1991.0
71,23,15,34,50,116,741,1749.0
72,3,26,42,50,142,745,2133.0
73,29,30,31,48,125,709,1881.0
74,24,7,32,62,134,926,2024.0
75,25,10,63,61,116,902,1742.0
76,19,21,44,58,98,858,1481.0
77,20,8,74,43,104,640,1569.0
78,19,15,58,59,122,873,1835.0
79,12,28,67,39,99,582,1492.0
80,9,12,18,51,129,762,1936.0
81,4,30,17,60,147,895,2213.0
82,10,17,62,54,104,800,1564.0
83,26,13,74,57,95,844,1437.0
84,27,19,74,54,126,802,1892.0
85,10,25,28,55,102,813,1544.0
86,5,20,55,55,81,811,1229.0
87,3,14,33,52,104,770,1566.0
88,27,25,36,53,120,786,1807.0
89,7,11,57,53,157,782,2358.0
90,16,7,38,49,129,725,1937.0
91,8,28,63,53,103,790,1551.0
92,1,9,56,50,102,740,1532.0
93,5,23,58,56,127,834,1914.0
94,12,6,64,58,140,866,2109.0
95,24,27,51,51,139,756,2088.0
96,17,30,29,54,127,798,1911.0
97,9,21,19,52,108,768,1634.0
98,16,28,18,41,112,608,1685.0
99,5,28,64,59,101,881,1525.0
100,26,6,41,53,102,787,1540.0
101,11,28,15,50,107,739,1608.0
102,10,12,61,63,130,939,1964.0
103,19,25,70,65,134,970,2015.0
104,22,24,51,43,112,639,1693.0
105,10,24,44,59,119,876,1788.0
106,18,7,64,52,81,778,1225.0
107,23,30,23,52,144,773,2164.0
108,24,11,56,57,138,843,2081.0
109,16,13,47,63,136,938,2049.0
110,6,22,50,47,100,691,1507.0
111,29,13,28,53,113,781,1705.0
112,27,7,46,58,98,868,1478.0
113,8,5,19,45,122,672,1835.0
114,18,5,49,48,114,710,1724.0
115,26,22,67,52,117,779,1756.0
116,30,24,40,52,116,777,1740.0
117,17,6,29,61,93,908,1405.0
118,14,19,42,50,109,742,1639.0
119,17,7,38,50,80,747,1210.0
120,28,10,62,51,113,765,1709.0
121,6,10,23,60,102,887,1538.0
122,15,10,57,61,111,901,1667.0
123,15,22,51,45,88,671,1326.0
124,16,25,18,50,126,741,1898.0
125,19,2,31,54,118,804,1778.0
126,13,25,49,58,123,864,1847.0
127,29,10,27,51,98,764,1480.0
128,13,15,57,49,131,731,1977.0
129,11,6,26,47,123,700,1854.0
130,6,30,64,48,110,711,1661.0
131,8,22,27,47,110,704,1661.0
132,11,3,40,58,159,862,2385.0
133,1,28,55,61,121,901,1827.0
134,18,1,17,50,109,747,1648.0
135,1,3,28,46,108,681,1631.0
136,25,18,33,47,104,699,1567.0
137,19,5,57,49,123,732,1853.0
138,3,27,15,53,109,783,1638.0
139,30,6,43,35,102,524,1536.0
140,14,4,32,53,148,787,2222.0
141,1,22,15,55,118,814,1781.0
142,16,18,32,52,126,766,1899.0
143,23,26,67,56,126,833,1899.0
144,30,12,47,49,130,735,1960.0
145,12,21,41,50,89,744,1344.0
146,15,24,73,49,110,730,1650.0
147,15,29,63,49,101,733,1520.0
148,23,11,16,56,126,837,1892.0
149,6,20,40,49,139,725,2088.0
150,24,14,53,47,100,700,1503.0
151,20,22,56,55,118,825,1775.0
152,25,6,74,54,118,801,1776.0
153,9,5,56,63,127,937,1908.0
154,10,28,60,66,118,979,1774.0
155,15,11,36,53,113,794,1702.0
156,5,6,31,62,124,929,1861.0
157,21,13,39,54,123,806,1848.0
158,28,4,38,55,133,822,1997.0
159,1,27,70,63,132,944,1984.0
160,11,26,61,55,142,819,2141.0
161,18,16,47,47,112,698,1693.0
162,13,27,35,48,84,713,1266.0
163,30,8,41,52,98,770,1484.0
164,25,20,25,46,114,679,1712.0
165,26,19,38,58,113,870,1702.0
166,26,10,19,59,104,882,1564.0
167,19,26,54,47,107,697,1614.0
168,26,30,15,58,104,868,1560.0
169,9,16,34,51,132,765,1993.0
170,15,9,73,57,107,847,1616.0
171,14,21,70,56,119,834,1786.0
172,16,1,36,60,118,886,1780.0
173,9,25,44,49,100,727,1512.0
174,15,27,49,45,112,661,1689.0
175,19,14,20,55,139,820,2094.0
176,6,1,54,48,107,710,1617.0
177,3,18,55,56,125,830,1885.0
178,4,15,21,55,113,825,1698.0
179,25,13,51,49,111,723,1674.0
180,16,19,28,48,113,716,1696.0
181,16,24,56,62,128,916,1920.0
182,12,30,72,51,112,753,1690.0
183,20,28,66,56,132,829,1994.0
184,3,2,59,52,107,780,1617.0
185,30,17,72,51,99,765,1497.0
186,14,18,48,63,134,941,2013.0
187,25,21,30,51,116,761,1742.0
188,24,1,39,45,105,665,1586.0
189,25,26,67,59,136,874,2042.0
190,18,28,15,48,84,719,1267.0
191,20,6,20,46,118,690,1784.0
192,19,18,43,53,122,784,1834.0
193,25,2,31,54,106,798,1603.0
194,21,14,72,56,117,836,1765.0
195,3,24,71,48,120,713,1804.0
196,10,4,40,40,110,591,1659.0
197,30,23,43,52,91,766,1375.0
198,13,23,52,53,130,786,1964.0
199,11,20,41,64,161,954,2422.0
200,24,3,57,51,146,752,2204.0
201,28,27,23,49,88,721,1320.0
202,24,8,28,52,87,775,1307.0
203,15,18,64,56,104,831,1562.0
204,6,29,57,56,137,835,2064.0
205,26,12,43,45,126,673,1901.0
206,26,5,39,59,115,874,1735.0
207,27,24,70,52,125,775,1885.0
208,12,4,45,58,148,862,2221.0
209,16,3,72,61,136,904,2043.0
210,13,18,39,52,107,773,1617.0
211,10,14,52,44,100,660,1506.0
212,15,4,68,39,109,582,1639.0
213,25,9,52,57,122,844,1840.0
214,26,3,37,52,111,770,1676.0
215,4,25,39,57,143,854,2152.0
216,4,22,15,69,151,1026,2276.0
217,2,18,44,57,127,853,1911.0
218,17,2,49,58,115,869,1725.0
219,2,26,56,48,101,715,1518.0
220,21,16,35,49,132,725,1993.0
221,13,26,31,55,127,813,1916.0
222,8,12,21,55,106,817,1595.0
223,15,3,37,53,106,791,1600.0
224,30,25,50,55,121,812,1815.0
225,22,3,36,48,95,720,1435.0
226,17,4,65,53,106,790,1596.0
227,29,15,60,48,124,719,1873.0
228,24,16,59,59,132,880,1984.0
229,10,1,53,47,103,705,1558.0
230,19,9,71,55,92,815,1388.0
231,6,17,44,61,131,915,1965.0
232,3,29,33,40,92,589,1385.0
233,24,17,17,45,114,670,1712.0
234,23,2,35,44,73,653,1098.0
235,24,30,36,45,114,673,1716.0
236,23,28,74,54,121,806,1816.0
237,3,8,68,54,101,797,1523.0
238,21,12,45,47,78,696,1177.0
239,5,22,62,47,94,691,1421.0
240,14,28,38,60,101,886,1519.0
241,9,26,47,58,92,859,1383.0
242,24,4,71,61,161,901,2415.0
243,25,5,56,59,116,872,1744.0
244,18,8,49,47,115,693,1733.0
245,4,18,31,47,140,701,2110.0
246,21,6,69,59,126,871,1892.0
247,30,11,53,44,109,660,1647.0
248,19,22,39,52,110,771,1650.0
249,10,29,40,38,89,560,1346.0
250,2,11,64,57,109,846,1644.0
251,23,10,54,44,114,655,1715.0
252,22,7,31,47,90,704,1352.0
253,20,14,57,55,133,813,1998.0
254,7,21,47,53,148,793,2233.0
255,7,30,49,51,151,764,2279.0
256,30,29,19,49,119,722,1789.0
257,14,10,57,53,129,782,1948.0
258,3,17,45,50,102,739,1544.0
259,10,26,28,55,89,825,1341.0
260,2,17,23,65,117,966,1764.0
261,23,29,71,64,137,958,2067.0
262,29,17,58,46,119,678,1794.0
263,10,15,52,52,90,775,1354.0
264,10,22,44,58,114,866,1720.0
265,9,6,38,50,101,746,1526.0
266,11,24,61,40,110,588,1660.0
267,14,8,27,49,100,733,1503.0
268,24,10,57,61,135,912,2034.0
269,6,2,21,60,93,899,1406.0
270,4,14,17,55,85,820,1281.0
271,1,20,71,46,122,690,1837.0
272,7,22,70,56,150,826,2256.0
273,27,22,15,56,111,836,1668.0
274,25,29,73,64,131,949,1973.0
275,16,2,45,58,94,864,1422.0
276,5,24,17,53,113,795,1699.0
277,9,27,68,57,121,851,1820.0
278,3,15,64,57,86,841,1295.0
279,14,20,17,43,78,645,1173.0
280,24,12,54,50,121,750,1816.0
281,5,2,45,50,107,749,1608.0
282,6,23,38,52,130,775,1953.0
283,8,20,71,42,142,624,2138.0
284,24,22,38,51,130,756,1958.0
285,28,3,21,53,109,792,1639.0
286,10,23,53,55,121,823,1828.0
287,17,1,69,52,106,776,1593.0
288,16,21,33,49,123,728,1847.0
289,3,12,22,56,141,834,2119.0
290,13,29,16,60,139,900,2098.0
291,25,3,27,37,107,554,1612.0
292,3,9,72,56,123,830,1855.0
293,12,5,73,54,143,809,2151.0
294,17,14,38,52,115,768,1735.0
295,28,11,22,61,135,912,2037.0
296,22,10,44,51,76,751,1152.0
297,17,24,30,52,103,775,1547.0
298,12,19,27,55,133,817,2000.0
299,12,13,41,50,143,740,2151.0
300,18,9,61,51,123,758,1847.0
301,7,10,21,50,150,747,2257.0
302,30,28,21,48,106,718,1597.0
303,19,1,39,49,132,733,1991.0
304,14,22,37,51,116,753,1754.0
305,15,1,23,55,87,812,1314.0
306,20,24,58,62,96,918,1447.0
307,6,8,67,47,108,703,1630.0
308,7,27,64,56,162,835,2443.0
309,7,3,68,61,178,911,2675.0
310,7,5,18,48,157,719,2357.0
311,12,11,63,52,164,779,2460.0
312,13,19,30,53,114,781,1724.0
313,22,6,53,55,107,822,1616.0
314,9,29,48,54,115,800,1726.0
315,1,19,20,47,115,701,1736.0
316,27,10,40,58,128,868,1921.0
317,22,27,37,52,105,778,1578.0
318,1,24,59,57,131,846,1975.0
319,20,27,47,58,158,865,2383.0
320,22,12,68,54,127,810,1911.0
321,19,7,42,51,105,765,1577.0
322,11,13,63,47,119,692,1789.0
323,11,23,55,50,151,745,2269.0
324,7,26,71,54,169,810,2542.0
325,27,20,40,46,98,685,1477.0
326,23,6,71,54,145,809,2176.0
327,16,29,26,49,101,726,1515.0
328,5,4,59,54,127,806,1917.0
329,13,4,15,52,132,768,1992.0
330,30,9,69,53,107,791,1606.0
331,20,26,20,49,132,727,1987.0
332,6,5,49,54,124,802,1872.0
333,3,28,15,42,74,630,1117.0
334,23,9,15,46,92,686,1385.0
335,19,17,17,45,95,662,1435.0
336,2,1,42,65,135,968,2028.0
337,8,10,20,58,122,859,1841.0
338,29,16,55,52,103,779,1559.0
339,28,12,55,53,127,783,1911.0
340,17,13,53,59,86,876,1303.0
341,28,22,71,46,93,682,1406.0
342,21,3,31,53,113,793,1701.0
343,4,24,19,45,126,661,1899.0
344,10,21,69,55,100,816,1509.0
345,7,20,50,54,147,803,2216.0
346,21,9,58,50,107,750,1606.0
347,13,17,15,54,131,808,1971.0
348,2,29,65,53,130,785,1950.0
349,19,16,18,54,144,809,2163.0
350,20,10,69,43,113,636,1703.0
351,29,20,61,48,137,712,2069.0
352,18,22,73,39,104,572,1573.0
353,21,15,37,53,133,782,1998.0
354,13,11,38,53,103,788,1550.0
355,16,10,62,58,129,859,1938.0
356,22,23,22,51,111,763,1677.0
357,18,6,36,56,82,836,1233.0
358,17,12,35,61,144,914,2164.0
359,30,19,46,61,88,908,1327.0
360,12,24,43,54,146,797,2200.0
361,27,23,45,62,118,919,1771.0
362,28,15,72,60,109,893,1649.0
363,27,1,26,48,138,711,2076.0
364,13,9,43,47,104,700,1561.0
365,8,3,44,57,133,841,1998.0
366,10,18,65,59,106,878,1595.0
367,27,6,31,53,127,786,1911.0
368,11,8,23,58,142,864,2141.0
369,4,5,22,37,119,554,1788.0
370,26,2,61,46,109,690,1636.0
371,18,29,17,44,90,650,1362.0
372,7,14,22,54,153,797,2300.0
373,4,6,46,52,132,776,1987.0
374,28,7,44,47,94,692,1414.0
375,23,1,58,52,129,767,1936.0
376,19,24,38,56,127,836,1909.0
377,22,26,46,59,104,884,1567.0
378,14,29,51,57,116,847,1741.0
379,6,14,28,56,138,827,2082.0
380,25,23,70,46,109,680,1636.0
381,21,30,32,54,125,799,1888.0
382,8,1,31,48,124,708,1862.0
383,13,12,34,45,143,664,2147.0
384,4,11,72,54,122,806,1836.0
385,14,2,58,52,116,779,1741.0
386,5,30,57,62,108,920,1634.0
387,6,27,52,52,119,777,1799.0
388,5,7,26,42,116,627,1746.0
389,27,29,71,52,123,769,1845.0
390,27,14,45,57,137,851,2057.0
391,22,25,26,52,105,774,1577.0
392,19,4,32,42,134,624,2017.0
393,26,7,49,64,101,958,1529.0
394,2,30,62,54,124,807,1874.0
395,21,17,32,58,108,858,1628.0
396,26,1,61,43,95,639,1436.0
397,30,3,71,63,109,940,1637.0
398,2,16,62,52,120,778,1800.0
399,16,8,68,54,110,802,1654.0
horizon=178
