NODES,30
1,1,-,-
2,2,-,-
3,3,-,-
4,4,-,-
5,5,-,-
6,6,-,-
7,7,-,-
8,8,-,-
9,9,-,-
10,10,-,-
11,11,-,-
12,12,-,-
13,13,-,-
14,14,-,-
15,15,-,-
16,16,-,-
17,17,-,-
18,18,-,-
19,19,-,-
20,20,-,-
21,21,-,-
22,22,-,-
23,23,-,-
24,24,-,-
25,25,-,-
26,26,-,-
27,27,-,-
28,28,-,-
29,29,-,-
30,30,-,-
ARCS,683
0,1,13,4,310,345,38,564,564.0
1,1,17,2,275,220,34,500,500.0
2,1,5,7,620,421,76,1128,1128.0
3,1,8,3,977,500,119,1777,1777.0
4,1,16,4,549,599,67,999,999.0
5,1,21,5,334,558,41,608,608.0
6,1,30,6,322,297,40,586,586.0
7,1,4,5,870,476,106,1582,1582.0
8,1,18,5,191,234,24,348,348.0
9,1,28,6,1097,385,133,1995,1995.0
10,1,23,1,632,593,77,1150,1150.0
11,1,7,4,143,591,18,260,260.0
12,1,22,6,1097,452,133,1995,1995.0
13,1,20,7,668,150,81,1215,1215.0
14,1,27,3,882,297,107,1604,1604.0
15,1,11,6,775,470,94,1410,1410.0
16,1,25,5,1097,205,133,1995,1995.0
17,1,2,4,191,325,24,348,348.0
18,1,14,9,715,480,87,1300,1300.0
19,1,26,6,751,198,92,1366,1366.0
20,1,29,9,489,228,60,890,890.0
21,2,27,6,668,194,81,1215,1215.0
22,2,10,1,429,396,52,780,780.0
23,2,5,4,906,247,110,1648,1648.0
24,2,13,9,954,398,116,1735,1735.0
25,2,9,5,143,167,18,260,260.0
26,2,21,3,358,383,44,651,651.0
27,2,30,8,727,527,89,1322,1322.0
28,2,16,3,870,226,106,1582,1582.0
29,2,1,2,1073,582,131,1951,1951.0
30,2,4,1,1144,511,139,2080,2080.0
31,2,3,4,572,283,70,1040,1040.0
32,2,12,3,668,477,81,1215,1215.0
33,2,26,9,406,477,50,739,739.0
34,2,19,1,644,541,79,1171,1171.0
35,2,11,2,346,406,42,630,630.0
36,2,20,6,382,175,47,695,695.0
37,2,18,5,1013,305,123,1842,1842.0
38,2,14,7,346,384,42,630,630.0
39,2,28,4,715,315,87,1300,1300.0
40,2,17,8,334,158,41,608,608.0
41,2,22,6,191,242,24,348,348.0
42,2,7,6,751,450,92,1366,1366.0
43,2,29,8,703,289,86,1279,1279.0
44,3,30,3,167,228,21,304,304.0
45,3,14,6,834,409,102,1517,1517.0
46,3,9,4,572,441,70,1040,1040.0
47,3,6,4,727,294,89,1322,1322.0
48,3,29,9,310,314,38,564,564.0
49,3,21,4,632,156,77,1150,1150.0
50,3,13,3,918,188,112,1670,1670.0
51,3,23,8,846,354,103,1539,1539.0
52,3,26,4,703,137,86,1279,1279.0
53,3,25,4,417,206,51,759,759.0
54,3,4,3,382,234,47,695,695.0
55,3,1,4,1108,318,135,2015,2015.0
56,3,15,1,167,340,21,304,304.0
57,3,11,9,894,271,109,1626,1626.0
58,3,22,8,513,287,63,933,933.0
59,3,5,5,739,431,90,1344,1344.0
60,3,18,7,715,256,87,1300,1300.0
61,3,28,2,132,560,16,240,240.0
62,3,19,7,632,193,77,1150,1150.0
63,3,16,6,763,591,93,1388,1388.0
64,4,14,7,167,390,21,304,304.0
65,4,30,2,882,283,107,1604,1604.0
66,4,6,7,1037,589,126,1886,1886.0
67,4,22,2,918,300,112,1670,1670.0
68,4,16,8,227,233,28,413,413.0
69,4,7,8,215,328,27,391,391.0
70,4,15,2,394,508,48,717,717.0
71,4,19,8,870,537,106,1582,1582.0
72,4,28,6,406,138,50,739,739.0
73,4,23,8,572,480,70,1040,1040.0
74,4,11,8,453,156,55,824,824.0
75,4,5,9,894,258,109,1626,1626.0
76,4,10,5,846,265,103,1539,1539.0
77,4,8,5,1144,333,139,2080,2080.0
78,4,26,1,739,589,90,1344,1344.0
79,4,24,8,942,538,115,1713,1713.0
80,4,3,7,1180,301,144,2146,2146.0
81,4,17,2,1001,426,122,1820,1820.0
82,4,1,8,1108,181,135,2015,2015.0
83,4,2,8,1001,456,122,1820,1820.0
84,4,21,2,477,297,58,868,868.0
85,4,18,8,1144,278,139,2080,2080.0
86,4,20,1,811,149,99,1475,1475.0
87,4,25,8,1073,126,131,1951,1951.0
88,4,13,4,537,145,66,977,977.0
89,4,12,4,882,605,107,1604,1604.0
90,5,21,1,1013,292,123,1842,1842.0
91,5,19,4,656,204,80,1193,1193.0
92,5,7,8,572,586,70,1040,1040.0
93,5,27,7,1049,421,128,1908,1908.0
94,5,3,7,132,547,16,240,240.0
95,5,13,8,358,301,44,651,651.0
96,5,24,8,525,122,64,955,955.0
97,5,11,5,394,387,48,717,717.0
98,5,12,6,977,421,119,1777,1777.0
99,5,10,1,334,498,41,608,608.0
100,5,22,5,298,404,37,542,542.0
101,5,6,3,834,582,102,1517,1517.0
102,5,16,9,179,599,22,326,326.0
103,5,30,5,465,460,57,846,846.0
104,5,29,4,239,498,29,435,435.0
105,5,4,1,596,579,73,1084,1084.0
106,5,8,5,846,593,103,1539,1539.0
107,5,20,6,143,236,18,260,260.0
108,5,18,7,811,473,99,1475,1475.0
109,5,1,4,346,337,42,630,630.0
110,5,9,4,680,359,83,1237,1237.0
111,5,23,9,477,476,58,868,868.0
112,6,1,6,429,143,52,780,780.0
113,6,4,8,441,170,54,802,802.0
114,6,21,4,1073,407,131,1951,1951.0
115,6,15,1,775,339,94,1410,1410.0
116,6,8,9,763,356,93,1388,1388.0
117,6,16,7,441,435,54,802,802.0
118,6,28,2,215,496,27,391,391.0
119,6,20,5,739,605,90,1344,1344.0
120,6,12,8,429,172,52,780,780.0
121,6,25,1,608,214,74,1106,1106.0
122,6,14,1,1013,506,123,1842,1842.0
123,6,9,1,489,387,60,890,890.0
124,6,24,5,1049,128,128,1908,1908.0
125,6,13,9,394,255,48,717,717.0
126,6,19,6,155,413,19,282,282.0
127,6,17,6,489,301,60,890,890.0
128,6,11,5,1061,571,129,1930,1930.0
129,6,5,7,1132,463,138,2059,2059.0
130,6,22,3,346,270,42,630,630.0
131,6,3,3,1025,524,125,1864,1864.0
132,6,10,9,251,315,31,457,457.0
133,6,27,7,1168,139,142,2124,2124.0
134,6,2,8,215,607,27,391,391.0
135,6,30,2,632,468,77,1150,1150.0
136,6,29,8,668,605,81,1215,1215.0
137,6,7,9,132,222,16,240,240.0
138,6,23,6,584,267,71,1062,1062.0
139,7,10,2,751,215,92,1366,1366.0
140,7,6,2,465,237,57,846,846.0
141,7,30,6,906,141,110,1648,1648.0
142,7,9,3,1156,332,141,2102,2102.0
143,7,24,6,394,238,48,717,717.0
144,7,25,5,811,282,99,1475,1475.0
145,7,28,8,537,462,66,977,977.0
146,7,16,8,406,483,50,739,739.0
147,7,20,1,656,431,80,1193,1193.0
148,7,17,3,489,534,60,890,890.0
149,7,23,8,1132,239,138,2059,2059.0
150,7,22,7,656,279,80,1193,1193.0
151,7,26,7,1120,555,136,2037,2037.0
152,7,21,9,715,479,87,1300,1300.0
153,7,5,5,894,555,109,1626,1626.0
154,7,15,1,846,468,103,1539,1539.0
155,7,18,4,656,127,80,1193,1193.0
156,7,14,3,1097,323,133,1995,1995.0
157,7,8,1,608,202,74,1106,1106.0
158,8,1,7,846,488,103,1539,1539.0
159,8,28,6,513,180,63,933,933.0
160,8,19,1,203,244,25,370,370.0
161,8,15,7,465,297,57,846,846.0
162,8,11,1,954,422,116,1735,1735.0
163,8,29,1,179,378,22,326,326.0
164,8,5,4,834,284,102,1517,1517.0
165,8,4,4,1001,557,122,1820,1820.0
166,8,18,8,1132,328,138,2059,2059.0
167,8,24,5,1049,288,128,1908,1908.0
168,8,12,3,406,275,50,739,739.0
169,8,10,6,823,357,100,1497,1497.0
170,8,13,3,823,215,100,1497,1497.0
171,8,26,6,453,376,55,824,824.0
172,8,6,3,668,142,81,1215,1215.0
173,8,25,8,417,518,51,759,759.0
174,8,16,5,1049,383,128,1908,1908.0
175,8,3,1,1120,398,136,2037,2037.0
176,8,21,1,143,206,18,260,260.0
177,8,14,7,775,316,94,1410,1410.0
178,8,30,9,310,517,38,564,564.0
179,8,9,6,167,254,21,304,304.0
180,8,23,8,1025,188,125,1864,1864.0
181,9,5,3,977,455,119,1777,1777.0
182,9,2,7,537,518,66,977,977.0
183,9,6,2,1061,412,129,1930,1930.0
184,9,30,6,668,331,81,1215,1215.0
185,9,18,7,310,208,38,564,564.0
186,9,20,3,1061,465,129,1930,1930.0
187,9,4,2,739,551,90,1344,1344.0
188,9,22,7,525,305,64,955,955.0
189,9,23,5,179,145,22,326,326.0
190,9,16,7,1025,187,125,1864,1864.0
191,9,26,4,191,590,24,348,348.0
192,9,10,1,668,176,81,1215,1215.0
193,9,3,9,799,413,97,1453,1453.0
194,9,15,3,215,170,27,391,391.0
195,9,13,1,799,465,97,1453,1453.0
196,9,17,6,668,173,81,1215,1215.0
197,9,28,8,179,192,22,326,326.0
198,9,21,9,834,584,102,1517,1517.0
199,9,7,1,239,565,29,435,435.0
200,9,27,4,632,468,77,1150,1150.0
201,9,29,6,560,546,68,1019,1019.0
202,9,14,3,429,404,52,780,780.0
203,10,6,3,811,323,99,1475,1475.0
204,10,22,5,358,135,44,651,651.0
205,10,9,8,549,499,67,999,999.0
206,10,28,2,1132,604,138,2059,2059.0
207,10,25,3,382,223,47,695,695.0
208,10,5,4,263,314,32,479,479.0
209,10,4,8,811,562,99,1475,1475.0
210,10,2,3,251,412,31,457,457.0
211,10,24,6,1097,416,133,1995,1995.0
212,10,29,9,370,265,45,673,673.0
213,10,23,6,739,131,90,1344,1344.0
214,10,7,8,1180,485,144,2146,2146.0
215,10,3,2,179,249,22,326,326.0
216,10,15,1,227,281,28,413,413.0
217,10,18,5,286,445,35,520,520.0
218,10,21,8,560,546,68,1019,1019.0
219,10,13,9,263,370,32,479,479.0
220,10,11,5,417,221,51,759,759.0
221,10,26,3,179,513,22,326,326.0
222,10,19,9,632,243,77,1150,1150.0
223,10,14,8,966,485,118,1757,1757.0
224,10,27,4,632,165,77,1150,1150.0
225,10,20,9,989,432,120,1799,1799.0
226,10,8,3,132,158,16,240,240.0
227,10,17,4,966,232,118,1757,1757.0
228,10,16,4,727,423,89,1322,1322.0
229,11,5,2,572,597,70,1040,1040.0
230,11,28,5,346,288,42,630,630.0
231,11,25,3,334,314,41,608,608.0
232,11,10,7,584,500,71,1062,1062.0
233,11,13,5,501,466,61,911,911.0
234,11,9,4,751,198,92,1366,1366.0
235,11,23,1,882,127,107,1604,1604.0
236,11,6,6,1144,203,139,2080,2080.0
237,11,4,3,525,540,64,955,955.0
238,11,29,1,263,234,32,479,479.0
239,11,22,8,954,392,116,1735,1735.0
240,11,26,8,608,505,74,1106,1106.0
241,11,30,3,501,298,61,911,911.0
242,11,20,6,918,521,112,1670,1670.0
243,11,18,7,560,189,68,1019,1019.0
244,11,15,5,501,432,61,911,911.0
245,11,21,8,1108,404,135,2015,2015.0
246,12,2,1,930,298,113,1691,1691.0
247,12,20,7,930,456,113,1691,1691.0
248,12,9,1,954,508,116,1735,1735.0
249,12,30,7,453,470,55,824,824.0
250,12,8,7,632,165,77,1150,1150.0
251,12,13,6,1037,155,126,1886,1886.0
252,12,14,1,251,495,31,457,457.0
253,12,27,6,263,315,32,479,479.0
254,12,6,2,894,456,109,1626,1626.0
255,12,26,7,930,563,113,1691,1691.0
256,12,3,4,239,310,29,435,435.0
257,12,19,1,1156,136,141,2102,2102.0
258,12,29,2,644,311,79,1171,1171.0
259,12,5,5,1120,202,136,2037,2037.0
260,12,21,5,227,549,28,413,413.0
261,13,18,3,382,465,47,695,695.0
262,13,7,9,179,367,22,326,326.0
263,13,29,4,620,560,76,1128,1128.0
264,13,11,2,298,438,37,542,542.0
265,13,1,7,787,410,96,1431,1431.0
266,13,12,9,989,377,120,1799,1799.0
267,13,27,4,191,321,24,348,348.0
268,13,19,6,406,404,50,739,739.0
269,13,8,2,858,230,104,1560,1560.0
270,13,5,9,1013,539,123,1842,1842.0
271,13,24,8,275,293,34,500,500.0
272,13,22,9,787,333,96,1431,1431.0
273,13,4,5,799,381,97,1453,1453.0
274,13,10,6,1108,535,135,2015,2015.0
275,13,2,7,215,154,27,391,391.0
276,13,16,9,703,199,86,1279,1279.0
277,13,23,4,989,148,120,1799,1799.0
278,13,9,6,966,500,118,1757,1757.0
279,13,21,5,846,494,103,1539,1539.0
280,13,6,3,417,289,51,759,759.0
281,13,20,5,1168,220,142,2124,2124.0
282,13,26,1,1013,137,123,1842,1842.0
283,13,14,9,572,282,70,1040,1040.0
284,14,27,5,310,356,38,564,564.0
285,14,1,8,644,444,79,1171,1171.0
286,14,12,1,1144,135,139,2080,2080.0
287,14,15,3,203,192,25,370,370.0
288,14,26,8,823,370,100,1497,1497.0
289,14,8,4,298,599,37,542,542.0
290,14,24,9,977,415,119,1777,1777.0
291,14,20,1,179,572,22,326,326.0
292,14,28,6,275,413,34,500,500.0
293,14,29,2,906,125,110,1648,1648.0
294,14,17,3,882,202,107,1604,1604.0
295,14,6,5,1120,334,136,2037,2037.0
296,14,16,8,739,438,90,1344,1344.0
297,14,2,1,954,204,116,1735,1735.0
298,14,22,7,632,522,77,1150,1150.0
299,14,25,5,787,366,96,1431,1431.0
300,14,9,2,513,597,63,933,933.0
301,14,10,4,680,446,83,1237,1237.0
302,14,18,2,680,270,83,1237,1237.0
303,14,19,5,1097,394,133,1995,1995.0
304,14,5,1,977,192,119,1777,1777.0
305,14,21,1,632,502,77,1150,1150.0
306,15,26,5,477,332,58,868,868.0
307,15,9,7,429,579,52,780,780.0
308,15,19,4,191,158,24,348,348.0
309,15,21,5,513,499,63,933,933.0
310,15,25,7,1108,200,135,2015,2015.0
311,15,14,1,155,426,19,282,282.0
312,15,22,4,215,597,27,391,391.0
313,15,29,9,406,413,50,739,739.0
314,15,11,4,1108,197,135,2015,2015.0
315,15,6,6,799,599,97,1453,1453.0
316,15,2,7,215,210,27,391,391.0
317,15,1,7,155,561,19,282,282.0
318,15,16,5,477,333,58,868,868.0
319,15,13,1,692,376,84,1259,1259.0
320,15,8,2,132,283,16,240,240.0
321,15,5,3,227,480,28,413,413.0
322,15,23,7,465,544,57,846,846.0
323,15,24,1,441,550,54,802,802.0
324,15,27,6,608,219,74,1106,1106.0
325,15,20,8,620,315,76,1128,1128.0
326,15,4,1,525,399,64,955,955.0
327,15,17,4,143,374,18,260,260.0
328,15,3,8,692,320,84,1259,1259.0
329,15,28,8,370,413,45,673,673.0
330,15,30,7,596,323,73,1084,1084.0
331,15,7,4,513,406,63,933,933.0
332,15,18,1,513,522,63,933,933.0
333,15,10,8,858,579,104,1560,1560.0
334,15,12,5,560,459,68,1019,1019.0
335,16,14,9,954,160,116,1735,1735.0
336,16,26,3,692,597,84,1259,1259.0
337,16,6,9,870,153,106,1582,1582.0
338,16,10,4,1180,243,144,2146,2146.0
339,16,5,1,382,215,47,695,695.0
340,16,4,5,620,262,76,1128,1128.0
341,16,3,4,751,165,92,1366,1366.0
342,16,9,4,370,505,45,673,673.0
343,16,27,7,727,601,89,1322,1322.0
344,16,28,3,477,197,58,868,868.0
345,16,30,3,1097,574,133,1995,1995.0
346,16,24,3,441,144,54,802,802.0
347,16,23,2,549,445,67,999,999.0
348,16,13,4,1120,540,136,2037,2037.0
349,16,15,6,239,233,29,435,435.0
350,16,2,8,179,463,22,326,326.0
351,16,1,8,417,551,51,759,759.0
352,16,22,7,560,267,68,1019,1019.0
353,16,8,9,632,594,77,1150,1150.0
354,16,21,8,1132,393,138,2059,2059.0
355,16,20,4,489,345,60,890,890.0
356,16,29,9,322,401,40,586,586.0
357,16,11,4,668,261,81,1215,1215.0
358,17,11,1,692,577,84,1259,1259.0
359,17,2,5,989,540,120,1799,1799.0
360,17,24,7,596,359,73,1084,1084.0
361,17,27,4,298,189,37,542,542.0
362,17,21,5,703,279,86,1279,1279.0
363,17,26,6,763,424,93,1388,1388.0
364,17,14,7,823,316,100,1497,1497.0
365,17,1,6,406,293,50,739,739.0
366,17,3,6,811,222,99,1475,1475.0
367,17,9,4,787,231,96,1431,1431.0
368,17,19,1,191,165,24,348,348.0
369,17,10,6,465,466,57,846,846.0
370,17,15,6,954,226,116,1735,1735.0
371,17,12,1,1108,472,135,2015,2015.0
372,17,28,8,775,407,94,1410,1410.0
373,17,30,3,620,368,76,1128,1128.0
374,17,16,7,811,349,99,1475,1475.0
375,17,7,8,155,270,19,282,282.0
376,17,20,5,1097,149,133,1995,1995.0
377,17,22,8,394,244,48,717,717.0
378,17,13,9,132,183,16,240,240.0
379,17,5,5,1013,429,123,1842,1842.0
380,17,4,8,358,571,44,651,651.0
381,17,25,4,155,186,19,282,282.0
382,17,18,1,143,446,18,260,260.0
383,17,6,9,143,403,18,260,260.0
384,17,23,9,906,493,110,1648,1648.0
385,18,11,4,132,474,16,240,240.0
386,18,24,1,596,561,73,1084,1084.0
387,18,3,2,227,334,28,413,413.0
388,18,20,2,763,141,93,1388,1388.0
389,18,25,7,251,418,31,457,457.0
390,18,13,5,966,297,118,1757,1757.0
391,18,4,4,179,554,22,326,326.0
392,18,23,6,1180,188,144,2146,2146.0
393,18,9,6,489,371,60,890,890.0
394,18,19,3,739,125,90,1344,1344.0
395,18,16,4,692,250,84,1259,1259.0
396,18,22,8,692,393,84,1259,1259.0
397,18,8,2,1180,292,144,2146,2146.0
398,18,28,4,191,214,24,348,348.0
399,18,5,3,1013,393,123,1842,1842.0
400,18,21,4,1013,583,123,1842,1842.0
401,18,29,3,286,266,35,520,520.0
402,18,6,2,120,132,15,219,219.0
403,18,12,6,584,362,71,1062,1062.0
404,18,2,4,858,524,104,1560,1560.0
405,18,7,2,143,604,18,260,260.0
406,19,7,8,334,294,41,608,608.0
407,19,10,9,1037,604,126,1886,1886.0
408,19,26,7,358,227,44,651,651.0
409,19,29,5,763,556,93,1388,1388.0
410,19,22,7,370,524,45,673,673.0
411,19,2,5,560,394,68,1019,1019.0
412,19,28,9,823,543,100,1497,1497.0
413,19,9,3,215,529,27,391,391.0
414,19,13,7,191,468,24,348,348.0
415,19,6,7,811,571,99,1475,1475.0
416,19,3,1,1108,189,135,2015,2015.0
417,19,18,9,632,470,77,1150,1150.0
418,19,21,3,239,276,29,435,435.0
419,19,8,5,1013,155,123,1842,1842.0
420,19,4,3,680,562,83,1237,1237.0
421,19,14,5,632,267,77,1150,1150.0
422,19,1,2,882,200,107,1604,1604.0
423,19,27,7,1037,292,126,1886,1886.0
424,19,25,3,1061,518,129,1930,1930.0
425,19,30,2,918,506,112,1670,1670.0
426,19,15,3,1037,281,126,1886,1886.0
427,19,5,5,513,605,63,933,933.0
428,19,12,9,906,178,110,1648,1648.0
429,19,11,8,763,316,93,1388,1388.0
430,19,17,5,322,484,40,586,586.0
431,19,24,6,489,143,60,890,890.0
432,19,16,4,823,160,100,1497,1497.0
433,20,11,8,584,537,71,1062,1062.0
434,20,16,6,489,606,60,890,890.0
435,20,28,4,656,410,80,1193,1193.0
436,20,10,7,882,345,107,1604,1604.0
437,20,7,7,811,526,99,1475,1475.0
438,20,18,1,1156,505,141,2102,2102.0
439,20,25,8,1013,404,123,1842,1842.0
440,20,6,1,501,282,61,911,911.0
441,20,27,8,834,496,102,1517,1517.0
442,20,30,2,906,443,110,1648,1648.0
443,20,19,3,346,368,42,630,630.0
444,20,24,3,227,507,28,413,413.0
445,20,29,9,191,310,24,348,348.0
446,20,2,3,525,462,64,955,955.0
447,20,4,5,942,432,115,1713,1713.0
448,20,14,3,918,170,112,1670,1670.0
449,20,9,8,668,512,81,1215,1215.0
450,20,1,6,1001,451,122,1820,1820.0
451,20,26,1,560,152,68,1019,1019.0
452,20,22,4,692,276,84,1259,1259.0
453,21,16,5,1025,534,125,1864,1864.0
454,21,25,6,715,167,87,1300,1300.0
455,21,5,4,406,415,50,739,739.0
456,21,24,3,763,258,93,1388,1388.0
457,21,22,5,441,446,54,802,802.0
458,21,14,8,1061,573,129,1930,1930.0
459,21,18,5,918,333,112,1670,1670.0
460,21,1,8,942,305,115,1713,1713.0
461,21,27,8,477,546,58,868,868.0
462,21,12,8,155,360,19,282,282.0
463,21,10,2,1120,293,136,2037,2037.0
464,21,28,9,870,191,106,1582,1582.0
465,21,13,8,1085,299,132,1973,1973.0
466,21,17,2,322,144,40,586,586.0
467,21,30,5,1013,232,123,1842,1842.0
468,21,3,8,954,310,116,1735,1735.0
469,21,11,1,954,306,116,1735,1735.0
470,21,8,4,191,360,24,348,348.0
471,21,7,9,334,546,41,608,608.0
472,21,2,9,930,496,113,1691,1691.0
473,22,12,7,513,227,63,933,933.0
474,22,5,4,1037,513,126,1886,1886.0
475,22,23,5,406,456,50,739,739.0
476,22,30,8,1180,232,144,2146,2146.0
477,22,1,7,263,596,32,479,479.0
478,22,26,7,882,208,107,1604,1604.0
479,22,6,5,1120,494,136,2037,2037.0
480,22,14,2,715,143,87,1300,1300.0
481,22,3,7,703,232,86,1279,1279.0
482,22,7,7,215,602,27,391,391.0
483,22,8,3,501,556,61,911,911.0
484,22,19,7,286,465,35,520,520.0
485,22,25,9,727,251,89,1322,1322.0
486,22,11,1,382,473,47,695,695.0
487,22,15,9,465,248,57,846,846.0
488,22,28,6,120,284,15,219,219.0
489,22,18,1,382,552,47,695,695.0
490,22,10,8,120,407,15,219,219.0
491,22,17,7,346,449,42,630,630.0
492,22,16,4,275,401,34,500,500.0
493,22,20,1,584,340,71,1062,1062.0
494,22,29,8,1156,294,141,2102,2102.0
495,23,2,8,143,500,18,260,260.0
496,23,15,4,1085,528,132,1973,1973.0
497,23,29,5,1156,557,141,2102,2102.0
498,23,14,5,215,367,27,391,391.0
499,23,20,7,1180,159,144,2146,2146.0
500,23,27,2,715,359,87,1300,1300.0
501,23,26,8,930,132,113,1691,1691.0
502,23,4,6,1097,563,133,1995,1995.0
503,23,5,9,572,318,70,1040,1040.0
504,23,3,2,1073,354,131,1951,1951.0
505,23,8,2,906,392,110,1648,1648.0
506,23,25,4,453,332,55,824,824.0
507,23,17,8,489,357,60,890,890.0
508,23,24,3,167,508,21,304,304.0
509,23,19,7,1037,493,126,1886,1886.0
510,23,16,3,739,279,90,1344,1344.0
511,23,13,1,489,463,60,890,890.0
512,23,9,9,441,187,54,802,802.0
513,23,21,7,215,243,27,391,391.0
514,23,12,9,775,593,94,1410,1410.0
515,23,11,8,846,446,103,1539,1539.0
516,24,8,4,167,312,21,304,304.0
517,24,5,2,692,440,84,1259,1259.0
518,24,23,9,632,202,77,1150,1150.0
519,24,9,4,263,227,32,479,479.0
520,24,22,8,930,480,113,1691,1691.0
521,24,27,8,1013,566,123,1842,1842.0
522,24,13,7,763,239,93,1388,1388.0
523,24,6,9,572,298,70,1040,1040.0
524,24,29,8,1097,317,133,1995,1995.0
525,24,30,9,1168,495,142,2124,2124.0
526,24,10,7,703,304,86,1279,1279.0
527,24,25,8,191,239,24,348,348.0
528,24,16,3,560,372,68,1019,1019.0
529,24,20,3,894,539,109,1626,1626.0
530,24,12,9,763,222,93,1388,1388.0
531,24,2,2,1061,184,129,1930,1930.0
532,24,1,7,584,390,71,1062,1062.0
533,24,19,5,537,345,66,977,977.0
534,24,14,8,322,437,40,586,586.0
535,25,12,6,608,164,74,1106,1106.0
536,25,28,4,906,470,110,1648,1648.0
537,25,23,5,417,144,51,759,759.0
538,25,5,5,1144,294,139,2080,2080.0
539,25,22,1,692,405,84,1259,1259.0
540,25,21,3,1120,448,136,2037,2037.0
541,25,10,4,346,212,42,630,630.0
542,25,1,8,191,233,24,348,348.0
543,25,14,4,811,528,99,1475,1475.0
544,25,11,4,429,233,52,780,780.0
545,25,20,1,870,220,106,1582,1582.0
546,25,30,5,715,528,87,1300,1300.0
547,25,9,6,465,234,57,846,846.0
548,25,15,5,132,413,16,240,240.0
549,25,24,1,143,461,18,260,260.0
550,25,26,9,870,260,106,1582,1582.0
551,25,29,2,1073,338,131,1951,1951.0
552,25,16,5,298,187,37,542,542.0
553,25,19,7,870,187,106,1582,1582.0
554,25,13,2,1073,255,131,1951,1951.0
555,25,3,1,537,348,66,977,977.0
556,25,8,1,977,188,119,1777,1777.0
557,25,6,8,799,189,97,1453,1453.0
558,25,17,9,882,413,107,1604,1604.0
559,25,18,9,823,448,100,1497,1497.0
560,25,4,3,751,267,92,1366,1366.0
561,26,9,3,644,597,79,1171,1171.0
562,26,27,9,286,195,35,520,520.0
563,26,17,3,167,205,21,304,304.0
564,26,22,7,811,126,99,1475,1475.0
565,26,24,8,203,311,25,370,370.0
566,26,12,3,775,288,94,1410,1410.0
567,26,8,6,1120,605,136,2037,2037.0
568,26,30,7,286,556,35,520,520.0
569,26,25,9,143,142,18,260,260.0
570,26,20,1,799,424,97,1453,1453.0
571,26,1,9,763,222,93,1388,1388.0
572,26,21,5,572,223,70,1040,1040.0
573,26,6,8,1097,248,133,1995,1995.0
574,26,29,5,191,264,24,348,348.0
575,26,3,1,513,273,63,933,933.0
576,26,23,1,703,322,86,1279,1279.0
577,26,16,9,775,596,94,1410,1410.0
578,26,14,6,286,133,35,520,520.0
579,26,11,6,1001,186,122,1820,1820.0
580,26,2,9,1037,309,126,1886,1886.0
581,26,5,7,382,459,47,695,695.0
582,26,7,3,203,154,25,370,370.0
583,26,28,2,155,350,19,282,282.0
584,26,19,7,834,563,102,1517,1517.0
585,26,18,4,1037,232,126,1886,1886.0
586,26,13,9,215,560,27,391,391.0
587,26,4,2,692,431,84,1259,1259.0
588,26,10,9,251,333,31,457,457.0
589,27,29,5,834,410,102,1517,1517.0
590,27,5,9,882,338,107,1604,1604.0
591,27,6,4,501,290,61,911,911.0
592,27,25,9,823,267,100,1497,1497.0
593,27,11,5,1168,484,142,2124,2124.0
594,27,9,5,346,334,42,630,630.0
595,27,18,6,966,393,118,1757,1757.0
596,27,20,3,334,546,41,608,608.0
597,27,30,7,1001,195,122,1820,1820.0
598,27,3,1,715,267,87,1300,1300.0
599,27,21,3,477,346,58,868,868.0
600,27,7,7,239,316,29,435,435.0
601,27,19,8,513,292,63,933,933.0
602,27,23,6,346,281,42,630,630.0
603,27,4,1,549,406,67,999,999.0
604,27,26,5,310,605,38,564,564.0
605,27,22,3,382,491,47,695,695.0
606,27,24,5,1132,295,138,2059,2059.0
607,27,13,7,453,339,55,824,824.0
608,28,6,6,167,429,21,304,304.0
609,28,21,3,358,428,44,651,651.0
610,28,17,7,608,345,74,1106,1106.0
611,28,3,8,632,590,77,1150,1150.0
612,28,18,4,1156,173,141,2102,2102.0
613,28,23,1,1085,245,132,1973,1973.0
614,28,9,6,1061,243,129,1930,1930.0
615,28,2,8,239,385,29,435,435.0
616,28,10,3,739,211,90,1344,1344.0
617,28,13,3,441,209,54,802,802.0
618,28,16,8,406,147,50,739,739.0
619,28,12,8,703,494,86,1279,1279.0
620,28,25,5,203,210,25,370,370.0
621,28,26,7,608,429,74,1106,1106.0
622,28,27,1,227,454,28,413,413.0
623,28,15,3,715,239,87,1300,1300.0
624,28,5,1,263,259,32,479,479.0
625,28,11,5,1168,273,142,2124,2124.0
626,28,30,1,191,184,24,348,348.0
627,28,7,1,560,317,68,1019,1019.0
628,28,24,6,751,297,92,1366,1366.0
629,28,29,6,751,596,92,1366,1366.0
630,28,14,4,608,227,74,1106,1106.0
631,28,22,6,286,540,35,520,520.0
632,28,1,3,179,605,22,326,326.0
633,28,20,9,382,378,47,695,695.0
634,28,8,6,656,608,80,1193,1193.0
635,29,17,3,882,136,107,1604,1604.0
636,29,12,5,382,301,47,695,695.0
637,29,10,6,298,254,37,542,542.0
638,29,20,8,1132,286,138,2059,2059.0
639,29,11,3,263,383,32,479,479.0
640,29,22,5,227,499,28,413,413.0
641,29,4,3,1001,565,122,1820,1820.0
642,29,13,9,763,583,93,1388,1388.0
643,29,28,5,358,177,44,651,651.0
644,29,30,6,1168,422,142,2124,2124.0
645,29,2,1,739,599,90,1344,1344.0
646,29,23,1,703,220,86,1279,1279.0
647,29,25,9,608,420,74,1106,1106.0
648,29,5,3,977,317,119,1777,1777.0
649,29,7,1,465,435,57,846,846.0
650,29,21,5,1156,247,141,2102,2102.0
651,29,14,8,477,164,58,868,868.0
652,29,16,9,298,169,37,542,542.0
653,29,15,8,834,471,102,1517,1517.0
654,29,19,3,191,374,24,348,348.0
655,29,9,8,799,438,97,1453,1453.0
656,29,1,8,668,288,81,1215,1215.0
657,29,24,8,239,409,29,435,435.0
658,29,18,9,846,428,103,1539,1539.0
659,29,26,7,799,197,97,1453,1453.0
660,29,6,6,334,538,41,608,608.0
661,30,18,2,966,192,118,1757,1757.0
662,30,29,4,703,590,86,1279,1279.0
663,30,13,5,1037,550,126,1886,1886.0
664,30,27,9,1025,186,125,1864,1864.0
665,30,11,8,453,329,55,824,824.0
666,30,23,2,251,226,31,457,457.0
667,30,21,5,465,326,57,846,846.0
668,30,26,8,656,153,80,1193,1193.0
669,30,20,4,1061,243,129,1930,1930.0
670,30,16,1,727,480,89,1322,1322.0
671,30,19,4,155,488,19,282,282.0
672,30,17,9,1120,141,136,2037,2037.0
673,30,10,2,358,289,44,651,651.0
674,30,14,5,989,562,120,1799,1799.0
675,30,5,5,787,160,96,1431,1431.0
676,30,12,9,692,466,84,1259,1259.0
677,30,9,9,775,248,94,1410,1410.0
678,30,6,5,1037,337,126,1886,1886.0
679,30,3,2,286,368,35,520,520.0
680,30,15,7,155,178,19,282,282.0
681,30,4,8,1156,227,141,2102,2102.0
682,30,22,2,870,145,106,1582,1582.0
COMMODITIES,400
0,26,28,24,50,94,750,1421.0
1,27,28,49,41,124,608,1871.0
2,13,22,68,40,124,590,1864.0
3,26,14,53,53,109,789,1649.0
4,26,8,41,45,120,671,1813.0
5,14,1,50,42,105,619,1575.0
6,9,22,20,29,112,434,1693.0
7,21,29,23,21,90,307,1353.0
8,16,12,61,30,134,448,2014.0
9,1,13,54,55,115,813,1733.0
10,9,19,46,49,117,725,1767.0
11,9,14,22,63,135,937,2036.0
12,15,25,38,40,101,596,1527.0
13,2,28,43,81,155,1208,2328.0
14,20,3,50,20,129,288,1949.0
15,23,24,53,58,103,864,1547.0
16,24,21,29,70,134,1042,2010.0
17,11,25,52,59,121,880,1820.0
18,29,2,33,70,152,1043,2292.0
19,1,14,26,32,117,480,1760.0
20,1,7,30,37,83,545,1254.0
21,29,21,49,54,128,807,1929.0
22,28,20,36,46,112,681,1690.0
23,26,11,72,78,160,1169,2402.0
24,12,22,30,66,169,984,2535.0
25,12,27,43,62,111,927,1670.0
26,15,26,43,91,177,1351,2662.0
27,29,23,35,52,147,772,2206.0
28,20,11,64,56,134,831,2016.0
29,14,15,43,85,136,1272,2047.0
30,15,2,17,48,102,715,1535.0
31,10,11,44,71,154,1053,2311.0
32,4,7,73,35,79,511,1199.0
33,15,8,54,68,101,1019,1524.0
34,14,27,72,56,111,838,1676.0
35,30,26,58,62,142,916,2139.0
36,3,21,46,51,135,765,2029.0
37,20,17,38,50,151,738,2268.0
38,24,28,29,77,157,1152,2369.0
39,5,13,50,71,137,1062,2062.0
40,5,8,65,56,129,836,1948.0
41,14,12,52,64,159,950,2396.0
42,17,5,61,56,142,837,2142.0
43,25,24,32,42,82,626,1242.0
44,1,5,17,55,150,819,2259.0
45,15,6,27,96,160,1439,2414.0
46,5,3,17,53,93,794,1398.0
47,3,23,67,37,107,553,1609.0
48,1,2,49,40,87,598,1310.0
49,12,26,66,77,176,1145,2648.0
50,13,16,22,37,129,552,1947.0
51,20,30,40,48,163,720,2446.0
52,25,30,26,58,141,864,2119.0
53,3,5,38,31,100,460,1508.0
54,25,14,25,58,117,857,1766.0
55,20,15,72,58,142,858,2138.0
56,8,29,22,40,79,596,1198.0
57,2,23,54,57,116,841,1745.0
58,16,30,73,54,156,800,2340.0
59,27,8,52,72,180,1079,2711.0
60,18,26,52,43,129,634,1949.0
61,26,17,64,50,99,738,1494.0
62,18,2,15,69,136,1033,2051.0
63,24,13,49,58,147,866,2208.0
64,30,7,61,97,183,1444,2745.0
65,29,11,40,33,86,488,1299.0
66,28,5,31,83,134,1241,2017.0
67,6,11,27,38,128,557,1927.0
68,16,15,19,3,58,42,877.0
69,13,21,38,49,141,733,2119.0
70,21,20,60,46,140,680,2102.0
71,23,15,34,50,129,749,1947.0
72,3,26,42,52,161,776,2419.0
73,29,30,31,40,130,594,1958.0
74,24,7,32,35,109,514,1637.0
75,25,10,63,36,100,528,1511.0
76,19,21,44,42,100,617,1511.0
77,20,8,74,68,147,1014,2213.0
78,19,15,58,34,104,501,1573.0
79,12,28,67,44,119,657,1795.0
80,9,12,18,84,181,1249,2715.0
81,4,30,17,63,158,942,2373.0
82,10,17,62,39,103,579,1548.0
83,26,13,74,59,102,875,1531.0
84,27,19,74,60,151,889,2268.0
85,10,25,28,56,120,837,1805.0
86,5,20,55,67,113,992,1703.0
87,3,14,33,56,121,833,1824.0
88,27,25,36,69,152,1027,2290.0
89,7,11,57,71,194,1062,2913.0
90,16,7,38,53,140,790,2110.0
91,8,28,63,64,134,957,2020.0
92,1,9,56,36,103,539,1550.0
93,5,23,58,25,102,372,1543.0
94,12,6,64,69,159,1022,2387.0
95,24,27,51,46,152,686,2290.0
96,17,30,29,43,135,641,2031.0
97,9,21,19,71,147,1052,2212.0
98,16,28,18,45,128,669,1929.0
99,5,28,64,26,85,383,1277.0
100,26,6,41,53,112,787,1682.0
101,11,28,15,72,136,1073,2044.0
102,10,12,61,58,135,867,2029.0
103,19,25,70,51,132,764,1994.0
104,22,24,51,63,146,943,2195.0
105,10,24,44,52,115,775,1732.0
106,18,7,64,31,73,458,1095.0
107,23,30,23,54,155,807,2337.0
108,24,11,56,31,134,454,2011.0
109,16,13,47,27,110,394,1655.0
110,6,22,50,57,120,852,1803.0
111,29,13,28,46,124,688,1860.0
112,27,7,46,53,99,783,1495.0
113,8,5,19,51,148,765,2231.0
114,18,5,49,50,124,739,1873.0
115,26,22,67,57,130,842,1963.0
116,30,24,40,43,116,643,1750.0
117,17,6,29,62,99,917,1490.0
118,14,19,42,53,133,788,1998.0
119,17,7,38,48,94,714,1415.0
120,28,10,62,82,158,1222,2379.0
121,6,10,23,62,120,929,1811.0
122,15,10,57,48,112,709,1689.0
123,15,22,51,70,132,1049,1993.0
124,16,25,18,50,141,736,2121.0
125,19,2,31,37,113,543,1696.0
126,13,25,49,53,136,788,2045.0
127,29,10,27,30,90,441,1350.0
128,13,15,57,55,146,824,2198.0
129,11,6,26,43,129,644,1945.0
130,6,30,64,35,106,513,1596.0
131,8,22,27,45,116,662,1746.0
132,11,3,40,57,170,846,2553.0
133,1,28,55,61,141,910,2118.0
134,18,1,17,48,115,709,1731.0
135,1,3,28,21,100,307,1511.0
136,25,18,33,77,147,1155,2219.0
137,19,5,57,65,144,971,2173.0
138,3,27,15,28,93,419,1406.0
139,30,6,43,49,128,721,1933.0
140,14,4,32,21,125,302,1884.0
141,1,22,15,53,121,787,1826.0
142,16,18,32,47,139,702,2092.0
143,23,26,67,77,162,1145,2438.0
144,30,12,47,36,125,532,1886.0
145,12,21,41,81,126,1206,1902.0
146,15,24,73,46,127,682,1911.0
147,15,29,63,55,116,817,1748.0
148,23,11,16,80,164,1189,2469.0
149,6,20,40,47,150,699,2253.0
150,24,14,53,31,91,458,1371.0
151,20,22,56,59,139,871,2095.0
152,25,6,74,46,122,690,1843.0
153,9,5,56,55,144,811,2162.0
154,10,28,60,46,106,690,1601.0
155,15,11,36,43,115,638,1733.0
156,5,6,31,70,144,1043,2163.0
157,21,13,39,54,133,803,2000.0
158,28,4,38,56,151,833,2271.0
159,1,27,70,53,134,783,2020.0
160,11,26,61,38,137,566,2067.0
161,18,16,47,68,145,1017,2182.0
162,13,27,35,50,92,747,1380.0
163,30,8,41,39,104,577,1569.0
164,25,20,25,57,138,854,2075.0
165,26,19,38,63,136,940,2048.0
166,26,10,19,56,113,839,1705.0
167,19,26,54,78,146,1169,2200.0
168,26,30,15,49,113,731,1698.0
169,9,16,34,34,139,503,2088.0
170,15,9,73,45,103,665,1555.0
171,14,21,70,67,150,993,2261.0
172,16,1,36,39,113,581,1698.0
173,9,25,44,43,100,642,1500.0
174,15,27,49,27,104,404,1572.0
175,19,14,20,64,159,957,2398.0
176,6,1,54,48,126,713,1898.0
177,3,18,55,68,148,1006,2228.0
178,4,15,21,63,129,932,1943.0
179,25,13,51,72,148,1068,2220.0
180,16,19,28,70,145,1044,2187.0
181,16,24,56,43,116,634,1743.0
182,12,30,72,88,165,1310,2477.0
183,20,28,66,69,152,1024,2290.0
184,3,2,59,13,80,184,1209.0
185,30,17,72,76,133,1136,1998.0
186,14,18,48,34,121,497,1822.0
187,25,21,30,57,134,843,2020.0
188,24,1,39,49,116,725,1743.0
189,25,26,67,74,158,1108,2370.0
190,18,28,15,84,134,1255,2017.0
191,20,6,20,31,115,454,1734.0
192,19,18,43,81,165,1211,2479.0
193,25,2,31,44,113,646,1704.0
194,21,14,72,71,140,1064,2112.0
195,3,24,71,52,131,769,1975.0
196,10,4,40,88,178,1307,2671.0
197,30,23,43,58,119,865,1799.0
198,13,23,52,53,146,794,2192.0
199,11,20,41,48,163,716,2448.0
200,24,3,57,46,150,676,2259.0
201,28,27,23,64,118,957,1774.0
202,24,8,28,54,105,797,1580.0
203,15,18,64,50,113,738,1698.0
204,6,29,57,82,172,1224,2594.0
205,26,12,43,57,154,842,2310.0
206,26,5,39,73,147,1089,2207.0
207,27,24,70,71,160,1065,2405.0
208,12,4,45,58,155,869,2331.0
209,16,3,72,53,138,785,2071.0
210,13,18,39,39,113,577,1699.0
211,10,14,52,52,121,773,1826.0
212,15,4,68,54,132,796,1982.0
213,25,9,52,36,104,526,1572.0
214,26,3,37,84,162,1260,2439.0
215,4,25,39,70,170,1038,2557.0
216,4,22,15,39,141,584,2129.0
217,2,18,44,77,145,1143,2185.0
218,17,2,49,51,121,764,1826.0
219,2,26,56,27,80,404,1207.0
220,21,16,35,66,163,983,2446.0
221,13,26,31,49,135,726,2038.0
222,8,12,21,94,161,1409,2418.0
223,15,3,37,30,99,442,1497.0
224,30,25,50,78,157,1166,2364.0
225,22,3,36,57,120,850,1812.0
226,17,4,65,82,145,1229,2181.0
227,29,15,60,46,129,689,1941.0
228,24,16,59,45,136,675,2040.0
229,10,1,53,72,151,1079,2271.0
230,19,9,71,60,112,889,1688.0
231,6,17,44,63,148,939,2232.0
232,3,29,33,13,84,186,1266.0
233,24,17,17,40,119,593,1797.0
234,23,2,35,58,103,861,1557.0
235,24,30,36,35,114,521,1719.0
236,23,28,74,59,146,881,2190.0
237,3,8,68,58,107,867,1609.0
238,21,12,45,47,81,704,1229.0
239,5,22,62,78,136,1169,2054.0
240,14,28,38,35,92,523,1388.0
241,9,26,47,48,97,706,1463.0
242,24,4,71,59,178,872,2670.0
243,25,5,56,93,160,1389,2400.0
244,18,8,49,56,142,831,2143.0
245,4,18,31,57,161,843,2421.0
246,21,6,69,14,94,203,1420.0
247,30,11,53,45,132,670,1986.0
248,19,22,39,51,127,758,1919.0
249,10,29,40,28,88,413,1325.0
250,2,11,64,35,100,513,1511.0
251,23,10,54,47,123,696,1858.0
252,22,7,31,73,130,1095,1964.0
253,20,14,57,61,152,902,2294.0
254,7,21,47,17,120,251,1803.0
255,7,30,49,66,176,987,2653.0
256,30,29,19,56,129,831,1937.0
257,14,10,57,50,144,750,2165.0
258,3,17,45,57,120,851,1811.0
259,10,26,28,27,72,395,1089.0
260,2,17,23,54,108,809,1633.0
261,23,29,71,44,132,660,1993.0
262,29,17,58,34,133,500,2007.0
263,10,15,52,46,97,689,1467.0
264,10,22,44,26,99,388,1491.0
265,9,6,38,48,119,708,1795.0
266,11,24,61,52,137,771,2058.0
267,14,8,27,41,92,606,1387.0
268,24,10,57,56,151,833,2267.0
269,6,2,21,53,110,784,1651.0
270,4,14,17,34,68,499,1032.0
271,1,20,71,26,123,381,1852.0
272,7,22,70,28,137,418,2055.0
273,27,22,15,65,138,972,2078.0
274,25,29,73,65,146,974,2202.0
275,16,2,45,68,118,1014,1776.0
276,5,24,17,75,141,1122,2116.0
277,9,27,68,20,97,289,1458.0
278,3,15,64,69,123,1029,1847.0
279,14,20,17,66,111,978,1670.0
280,24,12,54,39,124,578,1861.0
281,5,2,45,53,117,788,1760.0
282,6,23,38,65,159,975,2393.0
283,8,20,71,56,166,831,2503.0
284,24,22,38,60,140,892,2111.0
285,28,3,21,87,161,1291,2426.0
286,10,23,53,30,107,443,1609.0
287,17,1,69,73,141,1087,2115.0
288,16,21,33,54,140,802,2113.0
289,3,12,22,47,142,698,2131.0
290,13,29,16,49,138,726,2073.0
291,25,3,27,44,128,650,1925.0
292,3,9,72,55,136,811,2050.0
293,12,5,73,35,134,520,2021.0
294,17,14,38,38,110,561,1661.0
295,28,11,22,55,139,817,2090.0
296,22,10,44,81,122,1215,1831.0
297,17,24,30,70,138,1044,2076.0
298,12,19,27,53,142,785,2131.0
299,12,13,41,45,153,675,2295.0
300,18,9,61,32,108,471,1622.0
301,7,10,21,68,181,1009,2725.0
302,30,28,21,83,153,1233,2296.0
303,19,1,39,27,122,397,1839.0
304,14,22,37,30,102,440,1531.0
305,15,1,23,65,107,967,1619.0
306,20,24,58,68,122,1011,1833.0
307,6,8,67,34,103,508,1547.0
308,7,27,64,78,194,1164,2913.0
309,7,3,68,60,187,889,2812.0
310,7,5,18,37,157,549,2356.0
311,12,11,63,50,172,738,2582.0
312,13,19,30,50,127,744,1906.0
313,22,6,53,46,101,685,1524.0
314,9,29,48,30,102,444,1535.0
315,1,19,20,58,143,865,2150.0
316,27,10,40,77,164,1153,2466.0
317,22,27,37,38,104,568,1570.0
318,1,24,59,58,148,859,2229.0
319,20,27,47,55,171,820,2571.0
320,22,12,68,59,150,885,2254.0
321,19,7,42,8,71,113,1065.0
322,11,13,63,66,148,981,2232.0
323,11,23,55,67,187,1003,2811.0
324,7,26,71,42,169,625,2540.0
325,27,20,40,44,106,659,1600.0
326,23,6,71,59,159,884,2399.0
327,16,29,26,22,86,325,1300.0
328,5,4,59,56,149,829,2240.0
329,13,4,15,52,145,769,2188.0
330,30,9,69,35,113,524,1697.0
331,20,26,20,58,151,866,2269.0
332,6,5,49,72,152,1069,2294.0
333,3,28,15,58,103,867,1551.0
334,23,9,15,23,83,341,1249.0
335,19,17,17,38,96,558,1441.0
336,2,1,42,44,117,650,1765.0
337,8,10,20,30,120,441,1801.0
338,29,16,55,72,135,1068,2030.0
339,28,12,55,28,112,409,1687.0
340,17,13,53,39,82,583,1235.0
341,28,22,71,49,106,734,1604.0
342,21,3,31,53,120,788,1807.0
343,4,24,19,61,162,903,2439.0
344,10,21,69,30,95,442,1439.0
345,7,20,50,87,190,1305,2856.0
346,21,9,58,56,136,830,2050.0
347,13,17,15,65,157,961,2362.0
348,2,29,65,65,156,970,2341.0
349,19,16,18,55,159,825,2393.0
350,20,10,69,55,134,820,2011.0
351,29,20,61,64,170,951,2556.0
352,18,22,73,32,111,469,1668.0
353,21,15,37,43,131,631,1970.0
354,13,11,38,53,113,793,1695.0
355,16,10,62,57,136,842,2050.0
356,22,23,22,53,130,794,1960.0
357,18,6,36,62,101,923,1519.0
358,17,12,35,55,152,823,2286.0
359,30,19,46,55,106,825,1596.0
360,12,24,43,58,159,859,2396.0
361,27,23,45,48,121,709,1823.0
362,28,15,72,65,123,965,1859.0
363,27,1,26,45,143,666,2158.0
364,13,9,43,15,88,217,1326.0
365,8,3,44,60,148,899,2228.0
366,10,18,65,69,134,1030,2017.0
367,27,6,31,27,116,405,1750.0
368,11,8,23,23,120,345,1814.0
369,4,5,22,68,165,1013,2485.0
370,26,2,61,37,104,552,1567.0
371,18,29,17,63,117,944,1756.0
372,7,14,22,47,158,701,2380.0
373,4,6,46,12,104,169,1566.0
374,28,7,44,50,116,740,1743.0
375,23,1,58,50,135,744,2031.0
376,19,24,38,69,154,1025,2322.0
377,22,26,46,58,117,864,1769.0
378,14,29,51,41,116,609,1754.0
379,6,14,28,41,133,613,2007.0
380,25,23,70,76,146,1127,2192.0
381,21,30,32,33,117,481,1755.0
382,8,1,31,53,141,786,2121.0
383,13,12,34,36,155,535,2334.0
384,4,11,72,47,123,692,1850.0
385,14,2,58,44,125,653,1886.0
386,5,30,57,97,162,1455,2439.0
387,6,27,52,57,132,847,1984.0
388,5,7,26,61,149,915,2248.0
389,27,29,71,45,133,669,1998.0
390,27,14,45,36,135,536,2029.0
391,22,25,26,28,86,406,1303.0
392,19,4,32,27,133,404,1997.0
393,26,7,49,24,70,359,1063.0
394,2,30,62,81,168,1201,2533.0
395,21,17,32,66,129,990,1947.0
396,26,1,61,66,128,984,1922.0
397,30,3,71,88,144,1320,2171.0
398,2,16,62,50,131,750,1975.0
399,16,8,68,56,123,832,1853.0
horizon=194
