NODES,30
1,1,-,-
2,2,-,-
3,3,-,-
4,4,-,-
5,5,-,-
6,6,-,-
7,7,-,-
8,8,-,-
9,9,-,-
10,10,-,-
11,11,-,-
12,12,-,-
13,13,-,-
14,14,-,-
15,15,-,-
16,16,-,-
17,17,-,-
18,18,-,-
19,19,-,-
20,20,-,-
21,21,-,-
22,22,-,-
23,23,-,-
24,24,-,-
25,25,-,-
26,26,-,-
27,27,-,-
28,28,-,-
29,29,-,-
30,30,-,-
ARCS,683
0,1,13,4,310,345,38,564,564.0
1,1,17,2,275,220,34,500,500.0
2,1,5,7,620,421,76,1128,1128.0
3,1,8,3,977,500,119,1777,1777.0
4,1,16,4,549,599,67,999,999.0
5,1,21,5,334,558,41,608,608.0
6,1,30,6,322,297,40,586,586.0
7,1,4,5,870,476,106,1582,1582.0
8,1,18,5,191,234,24,348,348.0
9,1,28,6,1097,385,133,1995,1995.0
10,1,23,1,632,593,77,1150,1150.0
11,1,7,4,143,591,18,260,260.0
12,1,22,6,1097,452,133,1995,1995.0
13,1,20,7,668,150,81,1215,1215.0
14,1,27,3,882,297,107,1604,1604.0
15,1,11,6,775,470,94,1410,1410.0
16,1,25,5,1097,205,133,1995,1995.0
17,1,2,4,191,325,24,348,348.0
18,1,14,9,715,480,87,1300,1300.0
19,1,26,6,751,198,92,1366,1366.0
20,1,29,9,489,228,60,890,890.0
21,2,27,6,668,194,81,1215,1215.0
22,2,10,1,429,396,52,780,780.0
23,2,5,4,906,247,110,1648,1648.0
24,2,13,9,954,398,116,1735,1735.0
25,2,9,5,143,167,18,260,260.0
26,2,21,3,358,383,44,651,651.0
27,2,30,8,727,527,89,1322,1322.0
28,2,16,3,870,226,106,1582,1582.0
29,2,1,2,1073,582,131,1951,1951.0
30,2,4,1,1144,511,139,2080,2080.0
31,2,3,4,572,283,70,1040,1040.0
32,2,12,3,668,477,81,1215,1215.0
33,2,26,9,406,477,50,739,739.0
34,2,19,1,644,541,79,1171,1171.0
35,2,11,2,346,406,42,630,630.0
36,2,20,6,382,175,47,695,695.0
37,2,18,5,1013,305,123,1842,1842.0
38,2,14,7,346,384,42,630,630.0
39,2,28,4,715,315,87,1300,1300.0
40,2,17,8,334,158,41,608,608.0
41,2,22,6,191,242,24,348,348.0
42,2,7,6,751,450,92,1366,1366.0
43,2,29,8,703,289,86,1279,1279.0
44,3,30,3,167,228,21,304,304.0
45,3,14,6,834,409,102,1517,1517.0
46,3,9,4,572,441,70,1040,1040.0
47,3,6,4,727,294,89,1322,1322.0
48,3,29,9,310,314,38,564,564.0
49,3,21,4,632,156,77,1150,1150.0
50,3,13,3,918,188,112,1670,1670.0
51,3,23,8,846,354,103,1539,1539.0
52,3,26,4,703,137,86,1279,1279.0
53,3,25,4,417,206,51,759,759.0
54,3,4,3,382,234,47,695,695.0
55,3,1,4,1108,318,135,2015,2015.0
56,3,15,1,167,340,21,304,304.0
57,3,11,9,894,271,109,1626,1626.0
58,3,22,8,513,287,63,933,933.0
59,3,5,5,739,431,90,1344,1344.0
60,3,18,7,715,256,87,1300,1300.0
61,3,28,2,132,560,16,240,240.0
62,3,19,7,632,193,77,1150,1150.0
63,3,16,6,763,591,93,1388,1388.0
64,4,14,7,167,390,21,304,304.0
65,4,30,2,882,283,107,1604,1604.0
66,4,6,7,1037,589,126,1886,1886.0
67,4,22,2,918,300,112,1670,1670.0
68,4,16,8,227,233,28,413,413.0
69,4,7,8,215,328,27,391,391.0
70,4,15,2,394,508,48,717,717.0
71,4,19,8,870,537,106,1582,1582.0
72,4,28,6,406,138,50,739,739.0
73,4,23,8,572,480,70,1040,1040.0
74,4,11,8,453,156,55,824,824.0
75,4,5,9,894,258,109,1626,1626.0
76,4,10,5,846,265,103,1539,1539.0
77,4,8,5,1144,333,139,2080,2080.0
78,4,26,1,739,589,90,1344,1344.0
79,4,24,8,942,538,115,1713,1713.0
80,4,3,7,1180,301,144,2146,2146.0
81,4,17,2,1001,426,122,1820,1820.0
82,4,1,8,1108,181,135,2015,2015.0
83,4,2,8,1001,456,122,1820,1820.0
84,4,21,2,477,297,58,868,868.0
85,4,18,8,1144,278,139,2080,2080.0
86,4,20,1,811,149,99,1475,1475.0
87,4,25,8,1073,126,131,1951,1951.0
88,4,13,4,537,145,66,977,977.0
89,4,12,4,882,605,107,1604,1604.0
90,5,21,1,1013,292,123,1842,1842.0
91,5,19,4,656,204,80,1193,1193.0
92,5,7,8,572,586,70,1040,1040.0
93,5,27,7,1049,421,128,1908,1908.0
94,5,3,7,132,547,16,240,240.0
95,5,13,8,358,301,44,651,651.0
96,5,24,8,525,122,64,955,955.0
97,5,11,5,394,387,48,717,717.0
98,5,12,6,977,421,119,1777,1777.0
99,5,10,1,334,498,41,608,608.0
100,5,22,5,298,404,37,542,542.0
101,5,6,3,834,582,102,1517,1517.0
102,5,16,9,179,599,22,326,326.0
103,5,30,5,465,460,57,846,846.0
104,5,29,4,239,498,29,435,435.0
105,5,4,1,596,579,73,1084,1084.0
106,5,8,5,846,593,103,1539,1539.0
107,5,20,6,143,236,18,260,260.0
108,5,18,7,811,473,99,1475,1475.0
109,5,1,4,346,337,42,630,630.0
110,5,9,4,680,359,83,1237,1237.0
111,5,23,9,477,476,58,868,868.0
112,6,1,6,429,143,52,780,780.0
113,6,4,8,441,170,54,802,802.0
114,6,21,4,1073,407,131,1951,1951.0
115,6,15,1,775,339,94,1410,1410.0
116,6,8,9,763,356,93,1388,1388.0
117,6,16,7,441,435,54,802,802.0
118,6,28,2,215,496,27,391,391.0
119,6,20,5,739,605,90,1344,1344.0
120,6,12,8,429,172,52,780,780.0
121,6,25,1,608,214,74,1106,1106.0
122,6,14,1,1013,506,123,1842,1842.0
123,6,9,1,489,387,60,890,890.0
124,6,24,5,1049,128,128,1908,1908.0
125,6,13,9,394,255,48,717,717.0
126,6,19,6,155,413,19,282,282.0
127,6,17,6,489,301,60,890,890.0
128,6,11,5,1061,571,129,1930,1930.0
129,6,5,7,1132,463,138,2059,2059.0
130,6,22,3,346,270,42,630,630.0
131,6,3,3,1025,524,125,1864,1864.0
132,6,10,9,251,315,31,457,457.0
133,6,27,7,1168,139,142,2124,2124.0
134,6,2,8,215,607,27,391,391.0
135,6,30,2,632,468,77,1150,1150.0
136,6,29,8,668,605,81,1215,1215.0
137,6,7,9,132,222,16,240,240.0
138,6,23,6,584,267,71,1062,1062.0
139,7,10,2,751,215,92,1366,1366.0
140,7,6,2,465,237,57,846,846.0
141,7,30,6,906,141,110,1648,1648.0
142,7,9,3,1156,332,141,2102,2102.0
143,7,24,6,394,238,48,717,717.0
144,7,25,5,811,282,99,1475,1475.0
145,7,28,8,537,462,66,977,977.0
146,7,16,8,406,483,50,739,739.0
147,7,20,1,656,431,80,1193,1193.0
148,7,17,3,489,534,60,890,890.0
149,7,23,8,1132,239,138,2059,2059.0
150,7,22,7,656,279,80,1193,1193.0
151,7,26,7,1120,555,136,2037,2037.0
152,7,21,9,715,479,87,1300,1300.0
153,7,5,5,894,555,109,1626,1626.0
154,7,15,1,846,468,103,1539,1539.0
155,7,18,4,656,127,80,1193,1193.0
156,7,14,3,1097,323,133,1995,1995.0
157,7,8,1,608,202,74,1106,1106.0
158,8,1,7,846,488,103,1539,1539.0
159,8,28,6,513,180,63,933,933.0
160,8,19,1,203,244,25,370,370.0
161,8,15,7,465,297,57,846,846.0
162,8,11,1,954,422,116,1735,1735.0
163,8,29,1,179,378,22,326,326.0
164,8,5,4,834,284,102,1517,1517.0
165,8,4,4,1001,557,122,1820,1820.0
166,8,18,8,1132,328,138,2059,2059.0
167,8,24,5,1049,288,128,1908,1908.0
168,8,12,3,406,275,50,739,739.0
169,8,10,6,823,357,100,1497,1497.0
170,8,13,3,823,215,100,1497,1497.0
171,8,26,6,453,376,55,824,824.0
172,8,6,3,668,142,81,1215,1215.0
173,8,25,8,417,518,51,759,759.0
174,8,16,5,1049,383,128,1908,1908.0
175,8,3,1,1120,398,136,2037,2037.0
176,8,21,1,143,206,18,260,260.0
177,8,14,7,775,316,94,1410,1410.0
178,8,30,9,310,517,38,564,564.0
179,8,9,6,167,254,21,304,304.0
180,8,23,8,1025,188,125,1864,1864.0
181,9,5,3,977,455,119,1777,1777.0
182,9,2,7,537,518,66,977,977.0
183,9,6,2,1061,412,129,1930,1930.0
184,9,30,6,668,331,81,1215,1215.0
185,9,18,7,310,208,38,564,564.0
186,9,20,3,1061,465,129,1930,1930.0
187,9,4,2,739,551,90,1344,1344.0
188,9,22,7,525,305,64,955,955.0
189,9,23,5,179,145,22,326,326.0
190,9,16,7,1025,187,125,1864,1864.0
191,9,26,4,191,590,24,348,348.0
192,9,10,1,668,176,81,1215,1215.0
193,9,3,9,799,413,97,1453,1453.0
194,9,15,3,215,170,27,391,391.0
195,9,13,1,799,465,97,1453,1453.0
196,9,17,6,668,173,81,1215,1215.0
197,9,28,8,179,192,22,326,326.0
198,9,21,9,834,584,102,1517,1517.0
199,9,7,1,239,565,29,435,435.0
200,9,27,4,632,468,77,1150,1150.0
201,9,29,6,560,546,68,1019,1019.0
202,9,14,3,429,404,52,780,780.0
203,10,6,3,811,323,99,1475,1475.0
204,10,22,5,358,135,44,651,651.0
205,10,9,8,549,499,67,999,999.0
206,10,28,2,1132,604,138,2059,2059.0
207,10,25,3,382,223,47,695,695.0
208,10,5,4,263,314,32,479,479.0
209,10,4,8,811,562,99,1475,1475.0
210,10,2,3,251,412,31,457,457.0
211,10,24,6,1097,416,133,1995,1995.0
212,10,29,9,370,265,45,673,673.0
213,10,23,6,739,131,90,1344,1344.0
214,10,7,8,1180,485,144,2146,2146.0
215,10,3,2,179,249,22,326,326.0
216,10,15,1,227,281,28,413,413.0
217,10,18,5,286,445,35,520,520.0
218,10,21,8,560,546,68,1019,1019.0
219,10,13,9,263,370,32,479,479.0
220,10,11,5,417,221,51,759,759.0
221,10,26,3,179,513,22,326,326.0
222,10,19,9,632,243,77,1150,1150.0
223,10,14,8,966,485,118,1757,1757.0
224,10,27,4,632,165,77,1150,1150.0
225,10,20,9,989,432,120,1799,1799.0
226,10,8,3,132,158,16,240,240.0
227,10,17,4,966,232,118,1757,1757.0
228,10,16,4,727,423,89,1322,1322.0
229,11,5,2,572,597,70,1040,1040.0
230,11,28,5,346,288,42,630,630.0
231,11,25,3,334,314,41,608,608.0
232,11,10,7,584,500,71,1062,1062.0
233,11,13,5,501,466,61,911,911.0
234,11,9,4,751,198,92,1366,1366.0
235,11,23,1,882,127,107,1604,1604.0
236,11,6,6,1144,203,139,2080,2080.0
237,11,4,3,525,540,64,955,955.0
238,11,29,1,263,234,32,479,479.0
239,11,22,8,954,392,116,1735,1735.0
240,11,26,8,608,505,74,1106,1106.0
241,11,30,3,501,298,61,911,911.0
242,11,20,6,918,521,112,1670,1670.0
243,11,18,7,560,189,68,1019,1019.0
244,11,15,5,501,432,61,911,911.0
245,11,21,8,1108,404,135,2015,2015.0
246,12,2,1,930,298,113,1691,1691.0
247,12,20,7,930,456,113,1691,1691.0
248,12,9,1,954,508,116,1735,1735.0
249,12,30,7,453,470,55,824,824.0
250,12,8,7,632,165,77,1150,1150.0
251,12,13,6,1037,155,126,1886,1886.0
252,12,14,1,251,495,31,457,457.0
253,12,27,6,263,315,32,479,479.0
254,12,6,2,894,456,109,1626,1626.0
255,12,26,7,930,563,113,1691,1691.0
256,12,3,4,239,310,29,435,435.0
257,12,19,1,1156,136,141,2102,2102.0
258,12,29,2,644,311,79,1171,1171.0
259,12,5,5,1120,202,136,2037,2037.0
260,12,21,5,227,549,28,413,413.0
261,13,18,3,382,465,47,695,695.0
262,13,7,9,179,367,22,326,326.0
263,13,29,4,620,560,76,1128,1128.0
264,13,11,2,298,438,37,542,542.0
265,13,1,7,787,410,96,1431,1431.0
266,13,12,9,989,377,120,1799,1799.0
267,13,27,4,191,321,24,348,348.0
268,13,19,6,406,404,50,739,739.0
269,13,8,2,858,230,104,1560,1560.0
270,13,5,9,1013,539,123,1842,1842.0
271,13,24,8,275,293,34,500,500.0
272,13,22,9,787,333,96,1431,1431.0
273,13,4,5,799,381,97,1453,1453.0
274,13,10,6,1108,535,135,2015,2015.0
275,13,2,7,215,154,27,391,391.0
276,13,16,9,703,199,86,1279,1279.0
277,13,23,4,989,148,120,1799,1799.0
278,13,9,6,966,500,118,1757,1757.0
279,13,21,5,846,494,103,1539,1539.0
280,13,6,3,417,289,51,759,759.0
281,13,20,5,1168,220,142,2124,2124.0
282,13,26,1,1013,137,123,1842,1842.0
283,13,14,9,572,282,70,1040,1040.0
284,14,27,5,310,356,38,564,564.0
285,14,1,8,644,444,79,1171,1171.0
286,14,12,1,1144,135,139,2080,2080.0
287,14,15,3,203,192,25,370,370.0
288,14,26,8,823,370,100,1497,1497.0
289,14,8,4,298,599,37,542,542.0
290,14,24,9,977,415,119,1777,1777.0
291,14,20,1,179,572,22,326,326.0
292,14,28,6,275,413,34,500,500.0
293,14,29,2,906,125,110,1648,1648.0
294,14,17,3,882,202,107,1604,1604.0
295,14,6,5,1120,334,136,2037,2037.0
296,14,16,8,739,438,90,1344,1344.0
297,14,2,1,954,204,116,1735,1735.0
298,14,22,7,632,522,77,1150,1150.0
299,14,25,5,787,366,96,1431,1431.0
300,14,9,2,513,597,63,933,933.0
301,14,10,4,680,446,83,1237,1237.0
302,14,18,2,680,270,83,1237,1237.0
303,14,19,5,1097,394,133,1995,1995.0
304,14,5,1,977,192,119,1777,1777.0
305,14,21,1,632,502,77,1150,1150.0
306,15,26,5,477,332,58,868,868.0
307,15,9,7,429,579,52,780,780.0
308,15,19,4,191,158,24,348,348.0
309,15,21,5,513,499,63,933,933.0
310,15,25,7,1108,200,135,2015,2015.0
311,15,14,1,155,426,19,282,282.0
312,15,22,4,215,597,27,391,391.0
313,15,29,9,406,413,50,739,739.0
314,15,11,4,1108,197,135,2015,2015.0
315,15,6,6,799,599,97,1453,1453.0
316,15,2,7,215,210,27,391,391.0
317,15,1,7,155,561,19,282,282.0
318,15,16,5,477,333,58,868,868.0
319,15,13,1,692,376,84,1259,1259.0
320,15,8,2,132,283,16,240,240.0
321,15,5,3,227,480,28,413,413.0
322,15,23,7,465,544,57,846,846.0
323,15,24,1,441,550,54,802,802.0
324,15,27,6,608,219,74,1106,1106.0
325,15,20,8,620,315,76,1128,1128.0
326,15,4,1,525,399,64,955,955.0
327,15,17,4,143,374,18,260,260.0
328,15,3,8,692,320,84,1259,1259.0
329,15,28,8,370,413,45,673,673.0
330,15,30,7,596,323,73,1084,1084.0
331,15,7,4,513,406,63,933,933.0
332,15,18,1,513,522,63,933,933.0
333,15,10,8,858,579,104,1560,1560.0
334,15,12,5,560,459,68,1019,1019.0
335,16,14,9,954,160,116,1735,1735.0
336,16,26,3,692,597,84,1259,1259.0
337,16,6,9,870,153,106,1582,1582.0
338,16,10,4,1180,243,144,2146,2146.0
339,16,5,1,382,215,47,695,695.0
340,16,4,5,620,262,76,1128,1128.0
341,16,3,4,751,165,92,1366,1366.0
342,16,9,4,370,505,45,673,673.0
343,16,27,7,727,601,89,1322,1322.0
344,16,28,3,477,197,58,868,868.0
345,16,30,3,1097,574,133,1995,1995.0
346,16,24,3,441,144,54,802,802.0
347,16,23,2,549,445,67,999,999.0
348,16,13,4,1120,540,136,2037,2037.0
349,16,15,6,239,233,29,435,435.0
350,16,2,8,179,463,22,326,326.0
351,16,1,8,417,551,51,759,759.0
352,16,22,7,560,267,68,1019,1019.0
353,16,8,9,632,594,77,1150,1150.0
354,16,21,8,1132,393,138,2059,2059.0
355,16,20,4,489,345,60,890,890.0
356,16,29,9,322,401,40,586,586.0
357,16,11,4,668,261,81,1215,1215.0
358,17,11,1,692,577,84,1259,1259.0
359,17,2,5,989,540,120,1799,1799.0
360,17,24,7,596,359,73,1084,1084.0
361,17,27,4,298,189,37,542,542.0
362,17,21,5,703,279,86,1279,1279.0
363,17,26,6,763,424,93,1388,1388.0
364,17,14,7,823,316,100,1497,1497.0
365,17,1,6,406,293,50,739,739.0
366,17,3,6,811,222,99,1475,1475.0
367,17,9,4,787,231,96,1431,1431.0
368,17,19,1,191,165,24,348,348.0
369,17,10,6,465,466,57,846,846.0
370,17,15,6,954,226,116,1735,1735.0
371,17,12,1,1108,472,135,2015,2015.0
372,17,28,8,775,407,94,1410,1410.0
373,17,30,3,620,368,76,1128,1128.0
374,17,16,7,811,349,99,1475,1475.0
375,17,7,8,155,270,19,282,282.0
376,17,20,5,1097,149,133,1995,1995.0
377,17,22,8,394,244,48,717,717.0
378,17,13,9,132,183,16,240,240.0
379,17,5,5,1013,429,123,1842,1842.0
380,17,4,8,358,571,44,651,651.0
381,17,25,4,155,186,19,282,282.0
382,17,18,1,143,446,18,260,260.0
383,17,6,9,143,403,18,260,260.0
384,17,23,9,906,493,110,1648,1648.0
385,18,11,4,132,474,16,240,240.0
386,18,24,1,596,561,73,1084,1084.0
387,18,3,2,227,334,28,413,413.0
388,18,20,2,763,141,93,1388,1388.0
389,18,25,7,251,418,31,457,457.0
390,18,13,5,966,297,118,1757,1757.0
391,18,4,4,179,554,22,326,326.0
392,18,23,6,1180,188,144,2146,2146.0
393,18,9,6,489,371,60,890,890.0
394,18,19,3,739,125,90,1344,1344.0
395,18,16,4,692,250,84,1259,1259.0
396,18,22,8,692,393,84,1259,1259.0
397,18,8,2,1180,292,144,2146,2146.0
398,18,28,4,191,214,24,348,348.0
399,18,5,3,1013,393,123,1842,1842.0
400,18,21,4,1013,583,123,1842,1842.0
401,18,29,3,286,266,35,520,520.0
402,18,6,2,120,132,15,219,219.0
403,18,12,6,584,362,71,1062,1062.0
404,18,2,4,858,524,104,1560,1560.0
405,18,7,2,143,604,18,260,260.0
406,19,7,8,334,294,41,608,608.0
407,19,10,9,1037,604,126,1886,1886.0
408,19,26,7,358,227,44,651,651.0
409,19,29,5,763,556,93,1388,1388.0
410,19,22,7,370,524,45,673,673.0
411,19,2,5,560,394,68,1019,1019.0
412,19,28,9,823,543,100,1497,1497.0
413,19,9,3,215,529,27,391,391.0
414,19,13,7,191,468,24,348,348.0
415,19,6,7,811,571,99,1475,1475.0
416,19,3,1,1108,189,135,2015,2015.0
417,19,18,9,632,470,77,1150,1150.0
418,19,21,3,239,276,29,435,435.0
419,19,8,5,1013,155,123,1842,1842.0
420,19,4,3,680,562,83,1237,1237.0
421,19,14,5,632,267,77,1150,1150.0
422,19,1,2,882,200,107,1604,1604.0
423,19,27,7,1037,292,126,1886,1886.0
424,19,25,3,1061,518,129,1930,1930.0
425,19,30,2,918,506,112,1670,1670.0
426,19,15,3,1037,281,126,1886,1886.0
427,19,5,5,513,605,63,933,933.0
428,19,12,9,906,178,110,1648,1648.0
429,19,11,8,763,316,93,1388,1388.0
430,19,17,5,322,484,40,586,586.0
431,19,24,6,489,143,60,890,890.0
432,19,16,4,823,160,100,1497,1497.0
433,20,11,8,584,537,71,1062,1062.0
434,20,16,6,489,606,60,890,890.0
435,20,28,4,656,410,80,1193,1193.0
436,20,10,7,882,345,107,1604,1604.0
437,20,7,7,811,526,99,1475,1475.0
438,20,18,1,1156,505,141,2102,2102.0
439,20,25,8,1013,404,123,1842,1842.0
440,20,6,1,501,282,61,911,911.0
441,20,27,8,834,496,102,1517,1517.0
442,20,30,2,906,443,110,1648,1648.0
443,20,19,3,346,368,42,630,630.0
444,20,24,3,227,507,28,413,413.0
445,20,29,9,191,310,24,348,348.0
446,20,2,3,525,462,64,955,955.0
447,20,4,5,942,432,115,1713,1713.0
448,20,14,3,918,170,112,1670,1670.0
449,20,9,8,668,512,81,1215,1215.0
450,20,1,6,1001,451,122,1820,1820.0
451,20,26,1,560,152,68,1019,1019.0
452,20,22,4,692,276,84,1259,1259.0
453,21,16,5,1025,534,125,1864,1864.0
454,21,25,6,715,167,87,1300,1300.0
455,21,5,4,406,415,50,739,739.0
456,21,24,3,763,258,93,1388,1388.0
457,21,22,5,441,446,54,802,802.0
458,21,14,8,1061,573,129,1930,1930.0
459,21,18,5,918,333,112,1670,1670.0
460,21,1,8,942,305,115,1713,1713.0
461,21,27,8,477,546,58,868,868.0
462,21,12,8,155,360,19,282,282.0
463,21,10,2,1120,293,136,2037,2037.0
464,21,28,9,870,191,106,1582,1582.0
465,21,13,8,1085,299,132,1973,1973.0
466,21,17,2,322,144,40,586,586.0
467,21,30,5,1013,232,123,1842,1842.0
468,21,3,8,954,310,116,1735,1735.0
469,21,11,1,954,306,116,1735,1735.0
470,21,8,4,191,360,24,348,348.0
471,21,7,9,334,546,41,608,608.0
472,21,2,9,930,496,113,1691,1691.0
473,22,12,7,513,227,63,933,933.0
474,22,5,4,1037,513,126,1886,1886.0
475,22,23,5,406,456,50,739,739.0
476,22,30,8,1180,232,144,2146,2146.0
477,22,1,7,263,596,32,479,479.0
478,22,26,7,882,208,107,1604,1604.0
479,22,6,5,1120,494,136,2037,2037.0
480,22,14,2,715,143,87,1300,1300.0
481,22,3,7,703,232,86,1279,1279.0
482,22,7,7,215,602,27,391,391.0
483,22,8,3,501,556,61,911,911.0
484,22,19,7,286,465,35,520,520.0
485,22,25,9,727,251,89,1322,1322.0
486,22,11,1,382,473,47,695,695.0
487,22,15,9,465,248,57,846,846.0
488,22,28,6,120,284,15,219,219.0
489,22,18,1,382,552,47,695,695.0
490,22,10,8,120,407,15,219,219.0
491,22,17,7,346,449,42,630,630.0
492,22,16,4,275,401,34,500,500.0
493,22,20,1,584,340,71,1062,1062.0
494,22,29,8,1156,294,141,2102,2102.0
495,23,2,8,143,500,18,260,260.0
496,23,15,4,1085,528,132,1973,1973.0
497,23,29,5,1156,557,141,2102,2102.0
498,23,14,5,215,367,27,391,391.0
499,23,20,7,1180,159,144,2146,2146.0
500,23,27,2,715,359,87,1300,1300.0
501,23,26,8,930,132,113,1691,1691.0
502,23,4,6,1097,563,133,1995,1995.0
503,23,5,9,572,318,70,1040,1040.0
504,23,3,2,1073,354,131,1951,1951.0
505,23,8,2,906,392,110,1648,1648.0
506,23,25,4,453,332,55,824,824.0
507,23,17,8,489,357,60,890,890.0
508,23,24,3,167,508,21,304,304.0
509,23,19,7,1037,493,126,1886,1886.0
510,23,16,3,739,279,90,1344,1344.0
511,23,13,1,489,463,60,890,890.0
512,23,9,9,441,187,54,802,802.0
513,23,21,7,215,243,27,391,391.0
514,23,12,9,775,593,94,1410,1410.0
515,23,11,8,846,446,103,1539,1539.0
516,24,8,4,167,312,21,304,304.0
517,24,5,2,692,440,84,1259,1259.0
518,24,23,9,632,202,77,1150,1150.0
519,24,9,4,263,227,32,479,479.0
520,24,22,8,930,480,113,1691,1691.0
521,24,27,8,1013,566,123,1842,1842.0
522,24,13,7,763,239,93,1388,1388.0
523,24,6,9,572,298,70,1040,1040.0
524,24,29,8,1097,317,133,1995,1995.0
525,24,30,9,1168,495,142,2124,2124.0
526,24,10,7,703,304,86,1279,1279.0
527,24,25,8,191,239,24,348,348.0
528,24,16,3,560,372,68,1019,1019.0
529,24,20,3,894,539,109,1626,1626.0
530,24,12,9,763,222,93,1388,1388.0
531,24,2,2,1061,184,129,1930,1930.0
532,24,1,7,584,390,71,1062,1062.0
533,24,19,5,537,345,66,977,977.0
534,24,14,8,322,437,40,586,586.0
535,25,12,6,608,164,74,1106,1106.0
536,25,28,4,906,470,110,1648,1648.0
537,25,23,5,417,144,51,759,759.0
538,25,5,5,1144,294,139,2080,2080.0
539,25,22,1,692,405,84,1259,1259.0
540,25,21,3,1120,448,136,2037,2037.0
541,25,10,4,346,212,42,630,630.0
542,25,1,8,191,233,24,348,348.0
543,25,14,4,811,528,99,1475,1475.0
544,25,11,4,429,233,52,780,780.0
545,25,20,1,870,220,106,1582,1582.0
546,25,30,5,715,528,87,1300,1300.0
547,25,9,6,465,234,57,846,846.0
548,25,15,5,132,413,16,240,240.0
549,25,24,1,143,461,18,260,260.0
550,25,26,9,870,260,106,1582,1582.0
551,25,29,2,1073,338,131,1951,1951.0
552,25,16,5,298,187,37,542,542.0
553,25,19,7,870,187,106,1582,1582.0
554,25,13,2,1073,255,131,1951,1951.0
555,25,3,1,537,348,66,977,977.0
556,25,8,1,977,188,119,1777,1777.0
557,25,6,8,799,189,97,1453,1453.0
558,25,17,9,882,413,107,1604,1604.0
559,25,18,9,823,448,100,1497,1497.0
560,25,4,3,751,267,92,1366,1366.0
561,26,9,3,644,597,79,1171,1171.0
562,26,27,9,286,195,35,520,520.0
563,26,17,3,167,205,21,304,304.0
564,26,22,7,811,126,99,1475,1475.0
565,26,24,8,203,311,25,370,370.0
566,26,12,3,775,288,94,1410,1410.0
567,26,8,6,1120,605,136,2037,2037.0
568,26,30,7,286,556,35,520,520.0
569,26,25,9,143,142,18,260,260.0
570,26,20,1,799,424,97,1453,1453.0
571,26,1,9,763,222,93,1388,1388.0
572,26,21,5,572,223,70,1040,1040.0
573,26,6,8,1097,248,133,1995,1995.0
574,26,29,5,191,264,24,348,348.0
575,26,3,1,513,273,63,933,933.0
576,26,23,1,703,322,86,1279,1279.0
577,26,16,9,775,596,94,1410,1410.0
578,26,14,6,286,133,35,520,520.0
579,26,11,6,1001,186,122,1820,1820.0
580,26,2,9,1037,309,126,1886,1886.0
581,26,5,7,382,459,47,695,695.0
582,26,7,3,203,154,25,370,370.0
583,26,28,2,155,350,19,282,282.0
584,26,19,7,834,563,102,1517,1517.0
585,26,18,4,1037,232,126,1886,1886.0
586,26,13,9,215,560,27,391,391.0
587,26,4,2,692,431,84,1259,1259.0
588,26,10,9,251,333,31,457,457.0
589,27,29,5,834,410,102,1517,1517.0
590,27,5,9,882,338,107,1604,1604.0
591,27,6,4,501,290,61,911,911.0
592,27,25,9,823,267,100,1497,1497.0
593,27,11,5,1168,484,142,2124,2124.0
594,27,9,5,346,334,42,630,630.0
595,27,18,6,966,393,118,1757,1757.0
596,27,20,3,334,546,41,608,608.0
597,27,30,7,1001,195,122,1820,1820.0
598,27,3,1,715,267,87,1300,1300.0
599,27,21,3,477,346,58,868,868.0
600,27,7,7,239,316,29,435,435.0
601,27,19,8,513,292,63,933,933.0
602,27,23,6,346,281,42,630,630.0
603,27,4,1,549,406,67,999,999.0
604,27,26,5,310,605,38,564,564.0
605,27,22,3,382,491,47,695,695.0
606,27,24,5,1132,295,138,2059,2059.0
607,27,13,7,453,339,55,824,824.0
608,28,6,6,167,429,21,304,304.0
609,28,21,3,358,428,44,651,651.0
610,28,17,7,608,345,74,1106,1106.0
611,28,3,8,632,590,77,1150,1150.0
612,28,18,4,1156,173,141,2102,2102.0
613,28,23,1,1085,245,132,1973,1973.0
614,28,9,6,1061,243,129,1930,1930.0
615,28,2,8,239,385,29,435,435.0
616,28,10,3,739,211,90,1344,1344.0
617,28,13,3,441,209,54,802,802.0
618,28,16,8,406,147,50,739,739.0
619,28,12,8,703,494,86,1279,1279.0
620,28,25,5,203,210,25,370,370.0
621,28,26,7,608,429,74,1106,1106.0
622,28,27,1,227,454,28,413,413.0
623,28,15,3,715,239,87,1300,1300.0
624,28,5,1,263,259,32,479,479.0
625,28,11,5,1168,273,142,2124,2124.0
626,28,30,1,191,184,24,348,348.0
627,28,7,1,560,317,68,1019,1019.0
628,28,24,6,751,297,92,1366,1366.0
629,28,29,6,751,596,92,1366,1366.0
630,28,14,4,608,227,74,1106,1106.0
631,28,22,6,286,540,35,520,520.0
632,28,1,3,179,605,22,326,326.0
633,28,20,9,382,378,47,695,695.0
634,28,8,6,656,608,80,1193,1193.0
635,29,17,3,882,136,107,1604,1604.0
636,29,12,5,382,301,47,695,695.0
637,29,10,6,298,254,37,542,542.0
638,29,20,8,1132,286,138,2059,2059.0
639,29,11,3,263,383,32,479,479.0
640,29,22,5,227,499,28,413,413.0
641,29,4,3,1001,565,122,1820,1820.0
642,29,13,9,763,583,93,1388,1388.0
643,29,28,5,358,177,44,651,651.0
644,29,30,6,1168,422,142,2124,2124.0
645,29,2,1,739,599,90,1344,1344.0
646,29,23,1,703,220,86,1279,1279.0
647,29,25,9,608,420,74,1106,1106.0
648,29,5,3,977,317,119,1777,1777.0
649,29,7,1,465,435,57,846,846.0
650,29,21,5,1156,247,141,2102,2102.0
651,29,14,8,477,164,58,868,868.0
652,29,16,9,298,169,37,542,542.0
653,29,15,8,834,471,102,1517,1517.0
654,29,19,3,191,374,24,348,348.0
655,29,9,8,799,438,97,1453,1453.0
656,29,1,8,668,288,81,1215,1215.0
657,29,24,8,239,409,29,435,435.0
658,29,18,9,846,428,103,1539,1539.0
659,29,26,7,799,197,97,1453,1453.0
660,29,6,6,334,538,41,608,608.0
661,30,18,2,966,192,118,1757,1757.0
662,30,29,4,703,590,86,1279,1279.0
663,30,13,5,1037,550,126,1886,1886.0
664,30,27,9,1025,186,125,1864,1864.0
665,30,11,8,453,329,55,824,824.0
666,30,23,2,251,226,31,457,457.0
667,30,21,5,465,326,57,846,846.0
668,30,26,8,656,153,80,1193,1193.0
669,30,20,4,1061,243,129,1930,1930.0
670,30,16,1,727,480,89,1322,1322.0
671,30,19,4,155,488,19,282,282.0
672,30,17,9,1120,141,136,2037,2037.0
673,30,10,2,358,289,44,651,651.0
674,30,14,5,989,562,120,1799,1799.0
675,30,5,5,787,160,96,1431,1431.0
676,30,12,9,692,466,84,1259,1259.0
677,30,9,9,775,248,94,1410,1410.0
678,30,6,5,1037,337,126,1886,1886.0
679,30,3,2,286,368,35,520,520.0
680,30,15,7,155,178,19,282,282.0
681,30,4,8,1156,227,141,2102,2102.0
682,30,22,2,870,145,106,1582,1582.0
COMMODITIES,400
0,26,28,24,52,82,779,1234.0
1,27,28,49,57,124,845,1874.0
2,13,22,68,58,117,863,1769.0
3,26,14,53,47,99,699,1490.0
4,26,8,41,57,113,847,1706.0
5,14,1,50,55,108,816,1621.0
6,9,22,20,51,118,763,1783.0
7,21,29,23,44,100,648,1501.0
8,16,12,61,51,143,751,2150.0
9,1,13,54,55,104,812,1570.0
10,9,19,46,53,114,786,1724.0
11,9,14,22,49,110,732,1652.0
12,15,25,38,57,103,848,1556.0
13,2,28,43,57,106,842,1590.0
14,20,3,50,63,158,936,2370.0
15,23,24,53,56,87,826,1306.0
16,24,21,29,48,98,708,1484.0
17,11,25,52,53,111,793,1679.0
18,29,2,33,51,123,755,1847.0
19,1,14,26,42,122,626,1838.0
20,1,7,30,57,88,843,1320.0
21,29,21,49,49,113,723,1707.0
22,28,20,36,48,103,715,1556.0
23,26,11,72,51,114,762,1720.0
24,12,22,30,47,132,701,1989.0
25,12,27,43,55,100,816,1504.0
26,15,26,43,52,125,770,1886.0
27,29,23,35,43,126,632,1896.0
28,20,11,64,55,123,811,1853.0
29,14,15,43,59,98,879,1484.0
30,15,2,17,37,76,550,1148.0
31,10,11,44,51,117,765,1762.0
32,4,7,73,59,97,872,1458.0
33,15,8,54,55,84,811,1272.0
34,14,27,72,54,103,807,1550.0
35,30,26,58,55,127,824,1912.0
36,3,21,46,55,120,819,1814.0
37,20,17,38,58,155,866,2326.0
38,24,28,29,46,115,676,1738.0
39,5,13,50,50,107,747,1617.0
40,5,8,65,43,105,645,1584.0
41,14,12,52,40,121,596,1816.0
42,17,5,61,57,132,842,1993.0
43,25,24,32,57,84,843,1272.0
44,1,5,17,66,153,984,2301.0
45,15,6,27,56,103,830,1548.0
46,5,3,17,68,96,1006,1453.0
47,3,23,67,58,121,868,1823.0
48,1,2,49,47,81,705,1224.0
49,12,26,66,50,134,742,2024.0
50,13,16,22,51,132,752,1988.0
51,20,30,40,58,158,864,2375.0
52,25,30,26,44,121,651,1821.0
53,3,5,38,45,101,665,1518.0
54,25,14,25,64,110,947,1654.0
55,20,15,72,48,122,720,1836.0
56,8,29,22,55,88,824,1326.0
57,2,23,54,53,106,787,1593.0
58,16,30,73,44,138,659,2078.0
59,27,8,52,58,148,870,2228.0
60,18,26,52,46,124,689,1868.0
61,26,17,64,44,80,655,1203.0
62,18,2,15,52,106,779,1595.0
63,24,13,49,47,128,705,1932.0
64,30,7,61,61,128,901,1922.0
65,29,11,40,46,89,679,1340.0
66,28,5,31,52,98,773,1472.0
67,6,11,27,51,136,759,2046.0
68,16,15,19,47,88,695,1331.0
69,13,21,38,41,123,604,1857.0
70,21,20,60,57,138,848,2076.0
71,23,15,34,58,123,863,1858.0
72,3,26,42,46,138,689,2071.0
73,29,30,31,41,119,612,1795.0
74,24,7,32,57,128,846,1920.0
75,25,10,63,45,97,664,1462.0
76,19,21,44,60,101,894,1518.0
77,20,8,74,51,111,762,1672.0
78,19,15,58,47,109,704,1639.0
79,12,28,67,64,122,952,1841.0
80,9,12,18,45,121,675,1818.0
81,4,30,17,62,150,925,2252.0
82,10,17,62,52,106,778,1593.0
83,26,13,74,49,88,734,1328.0
84,27,19,74,56,130,831,1961.0
85,10,25,28,59,113,884,1705.0
86,5,20,55,50,82,749,1238.0
87,3,14,33,56,103,832,1559.0
88,27,25,36,55,124,813,1872.0
89,7,11,57,44,150,659,2251.0
90,16,7,38,57,135,850,2026.0
91,8,28,63,55,110,812,1658.0
92,1,9,56,55,107,812,1614.0
93,5,23,58,58,126,857,1890.0
94,12,6,64,50,127,740,1914.0
95,24,27,51,51,140,757,2100.0
96,17,30,29,54,132,803,1992.0
97,9,21,19,54,111,804,1679.0
98,16,28,18,42,108,617,1626.0
99,5,28,64,56,102,831,1535.0
100,26,6,41,53,101,789,1525.0
101,11,28,15,62,118,929,1782.0
102,10,12,61,58,124,868,1872.0
103,19,25,70,51,120,757,1803.0
104,22,24,51,60,129,890,1944.0
105,10,24,44,52,111,775,1668.0
106,18,7,64,46,74,680,1116.0
107,23,30,23,53,141,783,2128.0
108,24,11,56,55,141,823,2127.0
109,16,13,47,62,132,921,1994.0
110,6,22,50,59,110,873,1655.0
111,29,13,28,46,108,680,1629.0
112,27,7,46,43,84,632,1261.0
113,8,5,19,47,124,696,1861.0
114,18,5,49,56,120,837,1809.0
115,26,22,67,49,114,729,1717.0
116,30,24,40,47,109,705,1636.0
117,17,6,29,59,86,872,1293.0
118,14,19,42,46,104,679,1560.0
119,17,7,38,41,74,605,1111.0
120,28,10,62,62,123,917,1852.0
121,6,10,23,47,88,704,1321.0
122,15,10,57,50,104,743,1560.0
123,15,22,51,47,85,693,1282.0
124,16,25,18,53,133,795,1997.0
125,19,2,31,59,119,871,1790.0
126,13,25,49,55,124,825,1866.0
127,29,10,27,52,100,775,1501.0
128,13,15,57,48,130,710,1960.0
129,11,6,26,61,137,911,2066.0
130,6,30,64,52,117,771,1768.0
131,8,22,27,46,109,680,1649.0
132,11,3,40,57,151,852,2274.0
133,1,28,55,49,112,721,1692.0
134,18,1,17,54,112,799,1681.0
135,1,3,28,52,114,769,1718.0
136,25,18,33,60,116,898,1750.0
137,19,5,57,51,125,764,1883.0
138,3,27,15,50,109,742,1636.0
139,30,6,43,60,126,894,1898.0
140,14,4,32,48,140,712,2108.0
141,1,22,15,58,113,860,1706.0
142,16,18,32,46,117,685,1762.0
143,23,26,67,44,108,652,1630.0
144,30,12,47,53,135,783,2034.0
145,12,21,41,53,92,793,1387.0
146,15,24,73,57,120,855,1804.0
147,15,29,63,53,105,784,1576.0
148,23,11,16,59,130,873,1950.0
149,6,20,40,61,144,908,2162.0
150,24,14,53,52,103,779,1553.0
151,20,22,56,63,127,938,1914.0
152,25,6,74,55,121,813,1823.0
153,9,5,56,61,125,904,1876.0
154,10,28,60,53,101,784,1518.0
155,15,11,36,61,123,913,1859.0
156,5,6,31,50,116,749,1748.0
157,21,13,39,52,121,774,1817.0
158,28,4,38,56,135,826,2030.0
159,1,27,70,51,122,763,1833.0
160,11,26,61,53,141,786,2124.0
161,18,16,47,54,115,803,1736.0
162,13,27,35,56,88,838,1332.0
163,30,8,41,35,80,522,1204.0
164,25,20,25,55,122,820,1831.0
165,26,19,38,48,103,717,1553.0
166,26,10,19,51,93,754,1408.0
167,19,26,54,54,109,806,1646.0
168,26,30,15,51,94,753,1416.0
169,9,16,34,59,142,876,2133.0
170,15,9,73,55,101,819,1524.0
171,14,21,70,57,121,846,1825.0
172,16,1,36,53,113,789,1701.0
173,9,25,44,48,105,709,1583.0
174,15,27,49,46,114,680,1712.0
175,19,14,20,57,139,852,2098.0
176,6,1,54,61,121,908,1815.0
177,3,18,55,58,124,866,1860.0
178,4,15,21,51,107,758,1607.0
179,25,13,51,46,108,680,1621.0
180,16,19,28,49,115,732,1736.0
181,16,24,56,54,115,810,1736.0
182,12,30,72,53,117,781,1763.0
183,20,28,66,55,133,813,2002.0
184,3,2,59,57,110,841,1660.0
185,30,17,72,58,106,867,1602.0
186,14,18,48,57,132,847,1991.0
187,25,21,30,60,121,900,1820.0
188,24,1,39,55,115,824,1732.0
189,25,26,67,51,127,751,1918.0
190,18,28,15,54,90,798,1351.0
191,20,6,20,50,122,741,1836.0
192,19,18,43,54,122,804,1836.0
193,25,2,31,70,126,1041,1892.0
194,21,14,72,45,104,671,1574.0
195,3,24,71,63,134,934,2014.0
196,10,4,40,57,121,841,1819.0
197,30,23,43,58,102,864,1543.0
198,13,23,52,55,130,816,1955.0
199,11,20,41,42,142,625,2135.0
200,24,3,57,65,164,970,2466.0
201,28,27,23,57,95,848,1427.0
202,24,8,28,63,98,943,1480.0
203,15,18,64,50,98,748,1480.0
204,6,29,57,48,129,717,1936.0
205,26,12,43,47,128,699,1921.0
206,26,5,39,49,106,734,1597.0
207,27,24,70,47,120,692,1813.0
208,12,4,45,58,145,868,2177.0
209,16,3,72,49,119,725,1797.0
210,13,18,39,53,115,781,1726.0
211,10,14,52,44,100,647,1508.0
212,15,4,68,49,112,732,1684.0
213,25,9,52,55,114,822,1717.0
214,26,3,37,63,129,935,1940.0
215,4,25,39,44,127,658,1918.0
216,4,22,15,63,144,940,2170.0
217,2,18,44,51,121,755,1816.0
218,17,2,49,46,99,683,1485.0
219,2,26,56,57,109,841,1636.0
220,21,16,35,49,132,734,1981.0
221,13,26,31,51,126,756,1893.0
222,8,12,21,49,96,733,1440.0
223,15,3,37,54,107,800,1617.0
224,30,25,50,52,120,774,1810.0
225,22,3,36,47,92,703,1391.0
226,17,4,65,62,109,922,1648.0
227,29,15,60,52,128,773,1933.0
228,24,16,59,57,129,849,1946.0
229,10,1,53,47,107,692,1606.0
230,19,9,71,69,108,1026,1624.0
231,6,17,44,42,111,626,1675.0
232,3,29,33,51,103,751,1556.0
233,24,17,17,53,123,788,1858.0
234,23,2,35,47,80,704,1201.0
235,24,30,36,56,126,829,1900.0
236,23,28,74,56,122,832,1839.0
237,3,8,68,52,101,775,1527.0
238,21,12,45,58,88,857,1324.0
239,5,22,62,59,106,874,1596.0
240,14,28,38,56,100,833,1507.0
241,9,26,47,57,92,853,1389.0
242,24,4,71,55,159,817,2394.0
243,25,5,56,42,99,628,1493.0
244,18,8,49,52,126,780,1897.0
245,4,18,31,60,152,899,2290.0
246,21,6,69,56,124,834,1865.0
247,30,11,53,50,119,742,1785.0
248,19,22,39,52,108,769,1633.0
249,10,29,40,46,97,689,1461.0
250,2,11,64,43,95,645,1436.0
251,23,10,54,60,129,890,1941.0
252,22,7,31,40,79,587,1192.0
253,20,14,57,53,133,792,2009.0
254,7,21,47,66,164,978,2466.0
255,7,30,49,50,153,739,2295.0
256,30,29,19,61,129,911,1939.0
257,14,10,57,56,132,832,1986.0
258,3,17,45,52,98,774,1483.0
259,10,26,28,54,88,808,1331.0
260,2,17,23,51,102,754,1542.0
261,23,29,71,58,133,865,1999.0
262,29,17,58,49,119,734,1796.0
263,10,15,52,56,98,840,1470.0
264,10,22,44,51,108,763,1624.0
265,9,6,38,40,95,592,1431.0
266,11,24,61,56,122,830,1838.0
267,14,8,27,49,102,726,1535.0
268,24,10,57,56,134,830,2011.0
269,6,2,21,47,84,695,1271.0
270,4,14,17,56,86,830,1297.0
271,1,20,71,58,144,861,2167.0
272,7,22,70,55,145,818,2189.0
273,27,22,15,58,115,865,1727.0
274,25,29,73,51,116,756,1747.0
275,16,2,45,59,89,873,1346.0
276,5,24,17,59,118,874,1779.0
277,9,27,68,58,119,859,1799.0
278,3,15,64,53,82,782,1240.0
279,14,20,17,61,93,904,1402.0
280,24,12,54,52,116,767,1752.0
281,5,2,45,48,103,710,1549.0
282,6,23,38,50,129,741,1944.0
283,8,20,71,50,147,740,2211.0
284,24,22,38,51,124,761,1871.0
285,28,3,21,38,99,567,1487.0
286,10,23,53,58,128,868,1925.0
287,17,1,69,60,110,889,1655.0
288,16,21,33,56,133,835,2001.0
289,3,12,22,50,136,744,2054.0
290,13,29,16,57,135,842,2028.0
291,25,3,27,54,128,809,1928.0
292,3,9,72,47,116,691,1749.0
293,12,5,73,49,140,728,2100.0
294,17,14,38,48,113,714,1706.0
295,28,11,22,54,129,805,1941.0
296,22,10,44,66,94,989,1414.0
297,17,24,30,60,110,891,1654.0
298,12,19,27,54,134,805,2010.0
299,12,13,41,50,141,740,2126.0
300,18,9,61,50,119,742,1798.0
301,7,10,21,47,147,702,2218.0
302,30,28,21,60,125,894,1879.0
303,19,1,39,56,138,835,2071.0
304,14,22,37,59,125,884,1885.0
305,15,1,23,56,89,827,1345.0
306,20,24,58,54,92,799,1388.0
307,6,8,67,51,106,752,1592.0
308,7,27,64,50,156,737,2345.0
309,7,3,68,54,172,796,2586.0
310,7,5,18,51,158,758,2380.0
311,12,11,63,56,167,830,2518.0
312,13,19,30,41,101,602,1525.0
313,22,6,53,50,96,744,1449.0
314,9,29,48,53,112,790,1689.0
315,1,19,20,37,106,550,1594.0
316,27,10,40,55,131,813,1975.0
317,22,27,37,54,106,808,1597.0
318,1,24,59,42,116,618,1751.0
319,20,27,47,53,153,786,2309.0
320,22,12,68,47,122,697,1831.0
321,19,7,42,66,122,984,1836.0
322,11,13,63,48,124,715,1874.0
323,11,23,55,52,152,766,2280.0
324,7,26,71,57,171,843,2577.0
325,27,20,40,52,104,768,1560.0
326,23,6,71,48,136,712,2047.0
327,16,29,26,50,102,750,1538.0
328,5,4,59,56,132,827,1984.0
329,13,4,15,54,137,798,2064.0
330,30,9,69,48,103,711,1559.0
331,20,26,20,44,126,659,1892.0
332,6,5,49,51,126,757,1893.0
333,3,28,15,53,83,783,1258.0
334,23,9,15,61,112,910,1691.0
335,19,17,17,55,103,817,1559.0
336,2,1,42,45,109,675,1648.0
337,8,10,20,58,132,866,1985.0
338,29,16,55,61,108,902,1621.0
339,28,12,55,64,139,956,2091.0
340,17,13,53,51,80,757,1200.0
341,28,22,71,58,106,863,1600.0
342,21,3,31,55,115,814,1733.0
343,4,24,19,58,135,857,2025.0
344,10,21,69,60,109,900,1647.0
345,7,20,50,45,137,666,2057.0
346,21,9,58,56,115,834,1725.0
347,13,17,15,50,125,738,1882.0
348,2,29,65,58,135,858,2030.0
349,19,16,18,43,131,632,1965.0
350,20,10,69,48,119,720,1797.0
351,29,20,61,53,148,783,2225.0
352,18,22,73,51,120,765,1803.0
353,21,15,37,59,139,874,2096.0
354,13,11,38,55,98,813,1476.0
355,16,10,62,48,123,718,1852.0
356,22,23,22,53,114,786,1711.0
357,18,6,36,56,78,835,1174.0
358,17,12,35,48,130,708,1953.0
359,30,19,46,53,85,791,1287.0
360,12,24,43,52,142,770,2139.0
361,27,23,45,47,100,697,1506.0
362,28,15,72,54,111,806,1673.0
363,27,1,26,56,146,830,2195.0
364,13,9,43,47,105,699,1583.0
365,8,3,44,57,133,847,1995.0
366,10,18,65,52,97,773,1458.0
367,27,6,31,60,129,892,1945.0
368,11,8,23,55,137,817,2063.0
369,4,5,22,45,126,672,1900.0
370,26,2,61,50,111,750,1667.0
371,18,29,17,57,103,847,1545.0
372,7,14,22,58,152,865,2286.0
373,4,6,46,55,138,818,2083.0
374,28,7,44,50,100,740,1513.0
375,23,1,58,59,137,880,2068.0
376,19,24,38,53,125,793,1878.0
377,22,26,46,42,90,629,1350.0
378,14,29,51,54,112,804,1683.0
379,6,14,28,63,143,945,2151.0
380,25,23,70,56,120,836,1807.0
381,21,30,32,65,136,964,2042.0
382,8,1,31,63,138,935,2082.0
383,13,12,34,57,154,841,2314.0
384,4,11,72,53,125,787,1885.0
385,14,2,58,52,119,777,1794.0
386,5,30,57,59,103,877,1559.0
387,6,27,52,53,119,791,1793.0
388,5,7,26,47,119,693,1792.0
389,27,29,71,53,127,794,1905.0
390,27,14,45,63,140,939,2102.0
391,22,25,26,57,108,850,1630.0
392,19,4,32,55,146,825,2201.0
393,26,7,49,62,100,917,1509.0
394,2,30,62,55,126,815,1900.0
395,21,17,32,38,89,561,1343.0
396,26,1,61,47,102,695,1532.0
397,30,3,71,53,95,793,1439.0
398,2,16,62,67,137,1001,2060.0
399,16,8,68,45,102,671,1538.0
horizon=172
