NODES,30
1,1,-,-
2,2,-,-
3,3,-,-
4,4,-,-
5,5,-,-
6,6,-,-
7,7,-,-
8,8,-,-
9,9,-,-
10,10,-,-
11,11,-,-
12,12,-,-
13,13,-,-
14,14,-,-
15,15,-,-
16,16,-,-
17,17,-,-
18,18,-,-
19,19,-,-
20,20,-,-
21,21,-,-
22,22,-,-
23,23,-,-
24,24,-,-
25,25,-,-
26,26,-,-
27,27,-,-
28,28,-,-
29,29,-,-
30,30,-,-
ARCS,683
0,1,13,4,310,345,38,564,564.0
1,1,17,2,275,220,34,500,500.0
2,1,5,7,620,421,76,1128,1128.0
3,1,8,3,977,500,119,1777,1777.0
4,1,16,4,549,599,67,999,999.0
5,1,21,5,334,558,41,608,608.0
6,1,30,6,322,297,40,586,586.0
7,1,4,5,870,476,106,1582,1582.0
8,1,18,5,191,234,24,348,348.0
9,1,28,6,1097,385,133,1995,1995.0
10,1,23,1,632,593,77,1150,1150.0
11,1,7,4,143,591,18,260,260.0
12,1,22,6,1097,452,133,1995,1995.0
13,1,20,7,668,150,81,1215,1215.0
14,1,27,3,882,297,107,1604,1604.0
15,1,11,6,775,470,94,1410,1410.0
16,1,25,5,1097,205,133,1995,1995.0
17,1,2,4,191,325,24,348,348.0
18,1,14,9,715,480,87,1300,1300.0
19,1,26,6,751,198,92,1366,1366.0
20,1,29,9,489,228,60,890,890.0
21,2,27,6,668,194,81,1215,1215.0
22,2,10,1,429,396,52,780,780.0
23,2,5,4,906,247,110,1648,1648.0
24,2,13,9,954,398,116,1735,1735.0
25,2,9,5,143,167,18,260,260.0
26,2,21,3,358,383,44,651,651.0
27,2,30,8,727,527,89,1322,1322.0
28,2,16,3,870,226,106,1582,1582.0
29,2,1,2,1073,582,131,1951,1951.0
30,2,4,1,1144,511,139,2080,2080.0
31,2,3,4,572,283,70,1040,1040.0
32,2,12,3,668,477,81,1215,1215.0
33,2,26,9,406,477,50,739,739.0
34,2,19,1,644,541,79,1171,1171.0
35,2,11,2,346,406,42,630,630.0
36,2,20,6,382,175,47,695,695.0
37,2,18,5,1013,305,123,1842,1842.0
38,2,14,7,346,384,42,630,630.0
39,2,28,4,715,315,87,1300,1300.0
40,2,17,8,334,158,41,608,608.0
41,2,22,6,191,242,24,348,348.0
42,2,7,6,751,450,92,1366,1366.0
43,2,29,8,703,289,86,1279,1279.0
44,3,30,3,167,228,21,304,304.0
45,3,14,6,834,409,102,1517,1517.0
46,3,9,4,572,441,70,1040,1040.0
47,3,6,4,727,294,89,1322,1322.0
48,3,29,9,310,314,38,564,564.0
49,3,21,4,632,156,77,1150,1150.0
50,3,13,3,918,188,112,1670,1670.0
51,3,23,8,846,354,103,1539,1539.0
52,3,26,4,703,137,86,1279,1279.0
53,3,25,4,417,206,51,759,759.0
54,3,4,3,382,234,47,695,695.0
55,3,1,4,1108,318,135,2015,2015.0
56,3,15,1,167,340,21,304,304.0
57,3,11,9,894,271,109,1626,1626.0
58,3,22,8,513,287,63,933,933.0
59,3,5,5,739,431,90,1344,1344.0
60,3,18,7,715,256,87,1300,1300.0
61,3,28,2,132,560,16,240,240.0
62,3,19,7,632,193,77,1150,1150.0
63,3,16,6,763,591,93,1388,1388.0
64,4,14,7,167,390,21,304,304.0
65,4,30,2,882,283,107,1604,1604.0
66,4,6,7,1037,589,126,1886,1886.0
67,4,22,2,918,300,112,1670,1670.0
68,4,16,8,227,233,28,413,413.0
69,4,7,8,215,328,27,391,391.0
70,4,15,2,394,508,48,717,717.0
71,4,19,8,870,537,106,1582,1582.0
72,4,28,6,406,138,50,739,739.0
73,4,23,8,572,480,70,1040,1040.0
74,4,11,8,453,156,55,824,824.0
75,4,5,9,894,258,109,1626,1626.0
76,4,10,5,846,265,103,1539,1539.0
77,4,8,5,1144,333,139,2080,2080.0
78,4,26,1,739,589,90,1344,1344.0
79,4,24,8,942,538,115,1713,1713.0
80,4,3,7,1180,301,144,2146,2146.0
81,4,17,2,1001,426,122,1820,1820.0
82,4,1,8,1108,181,135,2015,2015.0
83,4,2,8,1001,456,122,1820,1820.0
84,4,21,2,477,297,58,868,868.0
85,4,18,8,1144,278,139,2080,2080.0
86,4,20,1,811,149,99,1475,1475.0
87,4,25,8,1073,126,131,1951,1951.0
88,4,13,4,537,145,66,977,977.0
89,4,12,4,882,605,107,1604,1604.0
90,5,21,1,1013,292,123,1842,1842.0
91,5,19,4,656,204,80,1193,1193.0
92,5,7,8,572,586,70,1040,1040.0
93,5,27,7,1049,421,128,1908,1908.0
94,5,3,7,132,547,16,240,240.0
95,5,13,8,358,301,44,651,651.0
96,5,24,8,525,122,64,955,955.0
97,5,11,5,394,387,48,717,717.0
98,5,12,6,977,421,119,1777,1777.0
99,5,10,1,334,498,41,608,608.0
100,5,22,5,298,404,37,542,542.0
101,5,6,3,834,582,102,1517,1517.0
102,5,16,9,179,599,22,326,326.0
103,5,30,5,465,460,57,846,846.0
104,5,29,4,239,498,29,435,435.0
105,5,4,1,596,579,73,1084,1084.0
106,5,8,5,846,593,103,1539,1539.0
107,5,20,6,143,236,18,260,260.0
108,5,18,7,811,473,99,1475,1475.0
109,5,1,4,346,337,42,630,630.0
110,5,9,4,680,359,83,1237,1237.0
111,5,23,9,477,476,58,868,868.0
112,6,1,6,429,143,52,780,780.0
113,6,4,8,441,170,54,802,802.0
114,6,21,4,1073,407,131,1951,1951.0
115,6,15,1,775,339,94,1410,1410.0
116,6,8,9,763,356,93,1388,1388.0
117,6,16,7,441,435,54,802,802.0
118,6,28,2,215,496,27,391,391.0
119,6,20,5,739,605,90,1344,1344.0
120,6,12,8,429,172,52,780,780.0
121,6,25,1,608,214,74,1106,1106.0
122,6,14,1,1013,506,123,1842,1842.0
123,6,9,1,489,387,60,890,890.0
124,6,24,5,1049,128,128,1908,1908.0
125,6,13,9,394,255,48,717,717.0
126,6,19,6,155,413,19,282,282.0
127,6,17,6,489,301,60,890,890.0
128,6,11,5,1061,571,129,1930,1930.0
129,6,5,7,1132,463,138,2059,2059.0
130,6,22,3,346,270,42,630,630.0
131,6,3,3,1025,524,125,1864,1864.0
132,6,10,9,251,315,31,457,457.0
133,6,27,7,1168,139,142,2124,2124.0
134,6,2,8,215,607,27,391,391.0
135,6,30,2,632,468,77,1150,1150.0
136,6,29,8,668,605,81,1215,1215.0
137,6,7,9,132,222,16,240,240.0
138,6,23,6,584,267,71,1062,1062.0
139,7,10,2,751,215,92,1366,1366.0
140,7,6,2,465,237,57,846,846.0
141,7,30,6,906,141,110,1648,1648.0
142,7,9,3,1156,332,141,2102,2102.0
143,7,24,6,394,238,48,717,717.0
144,7,25,5,811,282,99,1475,1475.0
145,7,28,8,537,462,66,977,977.0
146,7,16,8,406,483,50,739,739.0
147,7,20,1,656,431,80,1193,1193.0
148,7,17,3,489,534,60,890,890.0
149,7,23,8,1132,239,138,2059,2059.0
150,7,22,7,656,279,80,1193,1193.0
151,7,26,7,1120,555,136,2037,2037.0
152,7,21,9,715,479,87,1300,1300.0
153,7,5,5,894,555,109,1626,1626.0
154,7,15,1,846,468,103,1539,1539.0
155,7,18,4,656,127,80,1193,1193.0
156,7,14,3,1097,323,133,1995,1995.0
157,7,8,1,608,202,74,1106,1106.0
158,8,1,7,846,488,103,1539,1539.0
159,8,28,6,513,180,63,933,933.0
160,8,19,1,203,244,25,370,370.0
161,8,15,7,465,297,57,846,846.0
162,8,11,1,954,422,116,1735,1735.0
163,8,29,1,179,378,22,326,326.0
164,8,5,4,834,284,102,1517,1517.0
165,8,4,4,1001,557,122,1820,1820.0
166,8,18,8,1132,328,138,2059,2059.0
167,8,24,5,1049,288,128,1908,1908.0
168,8,12,3,406,275,50,739,739.0
169,8,10,6,823,357,100,1497,1497.0
170,8,13,3,823,215,100,1497,1497.0
171,8,26,6,453,376,55,824,824.0
172,8,6,3,668,142,81,1215,1215.0
173,8,25,8,417,518,51,759,759.0
174,8,16,5,1049,383,128,1908,1908.0
175,8,3,1,1120,398,136,2037,2037.0
176,8,21,1,143,206,18,260,260.0
177,8,14,7,775,316,94,1410,1410.0
178,8,30,9,310,517,38,564,564.0
179,8,9,6,167,254,21,304,304.0
180,8,23,8,1025,188,125,1864,1864.0
181,9,5,3,977,455,119,1777,1777.0
182,9,2,7,537,518,66,977,977.0
183,9,6,2,1061,412,129,1930,1930.0
184,9,30,6,668,331,81,1215,1215.0
185,9,18,7,310,208,38,564,564.0
186,9,20,3,1061,465,129,1930,1930.0
187,9,4,2,739,551,90,1344,1344.0
188,9,22,7,525,305,64,955,955.0
189,9,23,5,179,145,22,326,326.0
190,9,16,7,1025,187,125,1864,1864.0
191,9,26,4,191,590,24,348,348.0
192,9,10,1,668,176,81,1215,1215.0
193,9,3,9,799,413,97,1453,1453.0
194,9,15,3,215,170,27,391,391.0
195,9,13,1,799,465,97,1453,1453.0
196,9,17,6,668,173,81,1215,1215.0
197,9,28,8,179,192,22,326,326.0
198,9,21,9,834,584,102,1517,1517.0
199,9,7,1,239,565,29,435,435.0
200,9,27,4,632,468,77,1150,1150.0
201,9,29,6,560,546,68,1019,1019.0
202,9,14,3,429,404,52,780,780.0
203,10,6,3,811,323,99,1475,1475.0
204,10,22,5,358,135,44,651,651.0
205,10,9,8,549,499,67,999,999.0
206,10,28,2,1132,604,138,2059,2059.0
207,10,25,3,382,223,47,695,695.0
208,10,5,4,263,314,32,479,479.0
209,10,4,8,811,562,99,1475,1475.0
210,10,2,3,251,412,31,457,457.0
211,10,24,6,1097,416,133,1995,1995.0
212,10,29,9,370,265,45,673,673.0
213,10,23,6,739,131,90,1344,1344.0
214,10,7,8,1180,485,144,2146,2146.0
215,10,3,2,179,249,22,326,326.0
216,10,15,1,227,281,28,413,413.0
217,10,18,5,286,445,35,520,520.0
218,10,21,8,560,546,68,1019,1019.0
219,10,13,9,263,370,32,479,479.0
220,10,11,5,417,221,51,759,759.0
221,10,26,3,179,513,22,326,326.0
222,10,19,9,632,243,77,1150,1150.0
223,10,14,8,966,485,118,1757,1757.0
224,10,27,4,632,165,77,1150,1150.0
225,10,20,9,989,432,120,1799,1799.0
226,10,8,3,132,158,16,240,240.0
227,10,17,4,966,232,118,1757,1757.0
228,10,16,4,727,423,89,1322,1322.0
229,11,5,2,572,597,70,1040,1040.0
230,11,28,5,346,288,42,630,630.0
231,11,25,3,334,314,41,608,608.0
232,11,10,7,584,500,71,1062,1062.0
233,11,13,5,501,466,61,911,911.0
234,11,9,4,751,198,92,1366,1366.0
235,11,23,1,882,127,107,1604,1604.0
236,11,6,6,1144,203,139,2080,2080.0
237,11,4,3,525,540,64,955,955.0
238,11,29,1,263,234,32,479,479.0
239,11,22,8,954,392,116,1735,1735.0
240,11,26,8,608,505,74,1106,1106.0
241,11,30,3,501,298,61,911,911.0
242,11,20,6,918,521,112,1670,1670.0
243,11,18,7,560,189,68,1019,1019.0
244,11,15,5,501,432,61,911,911.0
245,11,21,8,1108,404,135,2015,2015.0
246,12,2,1,930,298,113,1691,1691.0
247,12,20,7,930,456,113,1691,1691.0
248,12,9,1,954,508,116,1735,1735.0
249,12,30,7,453,470,55,824,824.0
250,12,8,7,632,165,77,1150,1150.0
251,12,13,6,1037,155,126,1886,1886.0
252,12,14,1,251,495,31,457,457.0
253,12,27,6,263,315,32,479,479.0
254,12,6,2,894,456,109,1626,1626.0
255,12,26,7,930,563,113,1691,1691.0
256,12,3,4,239,310,29,435,435.0
257,12,19,1,1156,136,141,2102,2102.0
258,12,29,2,644,311,79,1171,1171.0
259,12,5,5,1120,202,136,2037,2037.0
260,12,21,5,227,549,28,413,413.0
261,13,18,3,382,465,47,695,695.0
262,13,7,9,179,367,22,326,326.0
263,13,29,4,620,560,76,1128,1128.0
264,13,11,2,298,438,37,542,542.0
265,13,1,7,787,410,96,1431,1431.0
266,13,12,9,989,377,120,1799,1799.0
267,13,27,4,191,321,24,348,348.0
268,13,19,6,406,404,50,739,739.0
269,13,8,2,858,230,104,1560,1560.0
270,13,5,9,1013,539,123,1842,1842.0
271,13,24,8,275,293,34,500,500.0
272,13,22,9,787,333,96,1431,1431.0
273,13,4,5,799,381,97,1453,1453.0
274,13,10,6,1108,535,135,2015,2015.0
275,13,2,7,215,154,27,391,391.0
276,13,16,9,703,199,86,1279,1279.0
277,13,23,4,989,148,120,1799,1799.0
278,13,9,6,966,500,118,1757,1757.0
279,13,21,5,846,494,103,1539,1539.0
280,13,6,3,417,289,51,759,759.0
281,13,20,5,1168,220,142,2124,2124.0
282,13,26,1,1013,137,123,1842,1842.0
283,13,14,9,572,282,70,1040,1040.0
284,14,27,5,310,356,38,564,564.0
285,14,1,8,644,444,79,1171,1171.0
286,14,12,1,1144,135,139,2080,2080.0
287,14,15,3,203,192,25,370,370.0
288,14,26,8,823,370,100,1497,1497.0
289,14,8,4,298,599,37,542,542.0
290,14,24,9,977,415,119,1777,1777.0
291,14,20,1,179,572,22,326,326.0
292,14,28,6,275,413,34,500,500.0
293,14,29,2,906,125,110,1648,1648.0
294,14,17,3,882,202,107,1604,1604.0
295,14,6,5,1120,334,136,2037,2037.0
296,14,16,8,739,438,90,1344,1344.0
297,14,2,1,954,204,116,1735,1735.0
298,14,22,7,632,522,77,1150,1150.0
299,14,25,5,787,366,96,1431,1431.0
300,14,9,2,513,597,63,933,933.0
301,14,10,4,680,446,83,1237,1237.0
302,14,18,2,680,270,83,1237,1237.0
303,14,19,5,1097,394,133,1995,1995.0
304,14,5,1,977,192,119,1777,1777.0
305,14,21,1,632,502,77,1150,1150.0
306,15,26,5,477,332,58,868,868.0
307,15,9,7,429,579,52,780,780.0
308,15,19,4,191,158,24,348,348.0
309,15,21,5,513,499,63,933,933.0
310,15,25,7,1108,200,135,2015,2015.0
311,15,14,1,155,426,19,282,282.0
312,15,22,4,215,597,27,391,391.0
313,15,29,9,406,413,50,739,739.0
314,15,11,4,1108,197,135,2015,2015.0
315,15,6,6,799,599,97,1453,1453.0
316,15,2,7,215,210,27,391,391.0
317,15,1,7,155,561,19,282,282.0
318,15,16,5,477,333,58,868,868.0
319,15,13,1,692,376,84,1259,1259.0
320,15,8,2,132,283,16,240,240.0
321,15,5,3,227,480,28,413,413.0
322,15,23,7,465,544,57,846,846.0
323,15,24,1,441,550,54,802,802.0
324,15,27,6,608,219,74,1106,1106.0
325,15,20,8,620,315,76,1128,1128.0
326,15,4,1,525,399,64,955,955.0
327,15,17,4,143,374,18,260,260.0
328,15,3,8,692,320,84,1259,1259.0
329,15,28,8,370,413,45,673,673.0
330,15,30,7,596,323,73,1084,1084.0
331,15,7,4,513,406,63,933,933.0
332,15,18,1,513,522,63,933,933.0
333,15,10,8,858,579,104,1560,1560.0
334,15,12,5,560,459,68,1019,1019.0
335,16,14,9,954,160,116,1735,1735.0
336,16,26,3,692,597,84,1259,1259.0
337,16,6,9,870,153,106,1582,1582.0
338,16,10,4,1180,243,144,2146,2146.0
339,16,5,1,382,215,47,695,695.0
340,16,4,5,620,262,76,1128,1128.0
341,16,3,4,751,165,92,1366,1366.0
342,16,9,4,370,505,45,673,673.0
343,16,27,7,727,601,89,1322,1322.0
344,16,28,3,477,197,58,868,868.0
345,16,30,3,1097,574,133,1995,1995.0
346,16,24,3,441,144,54,802,802.0
347,16,23,2,549,445,67,999,999.0
348,16,13,4,1120,540,136,2037,2037.0
349,16,15,6,239,233,29,435,435.0
350,16,2,8,179,463,22,326,326.0
351,16,1,8,417,551,51,759,759.0
352,16,22,7,560,267,68,1019,1019.0
353,16,8,9,632,594,77,1150,1150.0
354,16,21,8,1132,393,138,2059,2059.0
355,16,20,4,489,345,60,890,890.0
356,16,29,9,322,401,40,586,586.0
357,16,11,4,668,261,81,1215,1215.0
358,17,11,1,692,577,84,1259,1259.0
359,17,2,5,989,540,120,1799,1799.0
360,17,24,7,596,359,73,1084,1084.0
361,17,27,4,298,189,37,542,542.0
362,17,21,5,703,279,86,1279,1279.0
363,17,26,6,763,424,93,1388,1388.0
364,17,14,7,823,316,100,1497,1497.0
365,17,1,6,406,293,50,739,739.0
366,17,3,6,811,222,99,1475,1475.0
367,17,9,4,787,231,96,1431,1431.0
368,17,19,1,191,165,24,348,348.0
369,17,10,6,465,466,57,846,846.0
370,17,15,6,954,226,116,1735,1735.0
371,17,12,1,1108,472,135,2015,2015.0
372,17,28,8,775,407,94,1410,1410.0
373,17,30,3,620,368,76,1128,1128.0
374,17,16,7,811,349,99,1475,1475.0
375,17,7,8,155,270,19,282,282.0
376,17,20,5,1097,149,133,1995,1995.0
377,17,22,8,394,244,48,717,717.0
378,17,13,9,132,183,16,240,240.0
379,17,5,5,1013,429,123,1842,1842.0
380,17,4,8,358,571,44,651,651.0
381,17,25,4,155,186,19,282,282.0
382,17,18,1,143,446,18,260,260.0
383,17,6,9,143,403,18,260,260.0
384,17,23,9,906,493,110,1648,1648.0
385,18,11,4,132,474,16,240,240.0
386,18,24,1,596,561,73,1084,1084.0
387,18,3,2,227,334,28,413,413.0
388,18,20,2,763,141,93,1388,1388.0
389,18,25,7,251,418,31,457,457.0
390,18,13,5,966,297,118,1757,1757.0
391,18,4,4,179,554,22,326,326.0
392,18,23,6,1180,188,144,2146,2146.0
393,18,9,6,489,371,60,890,890.0
394,18,19,3,739,125,90,1344,1344.0
395,18,16,4,692,250,84,1259,1259.0
396,18,22,8,692,393,84,1259,1259.0
397,18,8,2,1180,292,144,2146,2146.0
398,18,28,4,191,214,24,348,348.0
399,18,5,3,1013,393,123,1842,1842.0
400,18,21,4,1013,583,123,1842,1842.0
401,18,29,3,286,266,35,520,520.0
402,18,6,2,120,132,15,219,219.0
403,18,12,6,584,362,71,1062,1062.0
404,18,2,4,858,524,104,1560,1560.0
405,18,7,2,143,604,18,260,260.0
406,19,7,8,334,294,41,608,608.0
407,19,10,9,1037,604,126,1886,1886.0
408,19,26,7,358,227,44,651,651.0
409,19,29,5,763,556,93,1388,1388.0
410,19,22,7,370,524,45,673,673.0
411,19,2,5,560,394,68,1019,1019.0
412,19,28,9,823,543,100,1497,1497.0
413,19,9,3,215,529,27,391,391.0
414,19,13,7,191,468,24,348,348.0
415,19,6,7,811,571,99,1475,1475.0
416,19,3,1,1108,189,135,2015,2015.0
417,19,18,9,632,470,77,1150,1150.0
418,19,21,3,239,276,29,435,435.0
419,19,8,5,1013,155,123,1842,1842.0
420,19,4,3,680,562,83,1237,1237.0
421,19,14,5,632,267,77,1150,1150.0
422,19,1,2,882,200,107,1604,1604.0
423,19,27,7,1037,292,126,1886,1886.0
424,19,25,3,1061,518,129,1930,1930.0
425,19,30,2,918,506,112,1670,1670.0
426,19,15,3,1037,281,126,1886,1886.0
427,19,5,5,513,605,63,933,933.0
428,19,12,9,906,178,110,1648,1648.0
429,19,11,8,763,316,93,1388,1388.0
430,19,17,5,322,484,40,586,586.0
431,19,24,6,489,143,60,890,890.0
432,19,16,4,823,160,100,1497,1497.0
433,20,11,8,584,537,71,1062,1062.0
434,20,16,6,489,606,60,890,890.0
435,20,28,4,656,410,80,1193,1193.0
436,20,10,7,882,345,107,1604,1604.0
437,20,7,7,811,526,99,1475,1475.0
438,20,18,1,1156,505,141,2102,2102.0
439,20,25,8,1013,404,123,1842,1842.0
440,20,6,1,501,282,61,911,911.0
441,20,27,8,834,496,102,1517,1517.0
442,20,30,2,906,443,110,1648,1648.0
443,20,19,3,346,368,42,630,630.0
444,20,24,3,227,507,28,413,413.0
445,20,29,9,191,310,24,348,348.0
446,20,2,3,525,462,64,955,955.0
447,20,4,5,942,432,115,1713,1713.0
448,20,14,3,918,170,112,1670,1670.0
449,20,9,8,668,512,81,1215,1215.0
450,20,1,6,1001,451,122,1820,1820.0
451,20,26,1,560,152,68,1019,1019.0
452,20,22,4,692,276,84,1259,1259.0
453,21,16,5,1025,534,125,1864,1864.0
454,21,25,6,715,167,87,1300,1300.0
455,21,5,4,406,415,50,739,739.0
456,21,24,3,763,258,93,1388,1388.0
457,21,22,5,441,446,54,802,802.0
458,21,14,8,1061,573,129,1930,1930.0
459,21,18,5,918,333,112,1670,1670.0
460,21,1,8,942,305,115,1713,1713.0
461,21,27,8,477,546,58,868,868.0
462,21,12,8,155,360,19,282,282.0
463,21,10,2,1120,293,136,2037,2037.0
464,21,28,9,870,191,106,1582,1582.0
465,21,13,8,1085,299,132,1973,1973.0
466,21,17,2,322,144,40,586,586.0
467,21,30,5,1013,232,123,1842,1842.0
468,21,3,8,954,310,116,1735,1735.0
469,21,11,1,954,306,116,1735,1735.0
470,21,8,4,191,360,24,348,348.0
471,21,7,9,334,546,41,608,608.0
472,21,2,9,930,496,113,1691,1691.0
473,22,12,7,513,227,63,933,933.0
474,22,5,4,1037,513,126,1886,1886.0
475,22,23,5,406,456,50,739,739.0
476,22,30,8,1180,232,144,2146,2146.0
477,22,1,7,263,596,32,479,479.0
478,22,26,7,882,208,107,1604,1604.0
479,22,6,5,1120,494,136,2037,2037.0
480,22,14,2,715,143,87,1300,1300.0
481,22,3,7,703,232,86,1279,1279.0
482,22,7,7,215,602,27,391,391.0
483,22,8,3,501,556,61,911,911.0
484,22,19,7,286,465,35,520,520.0
485,22,25,9,727,251,89,1322,1322.0
486,22,11,1,382,473,47,695,695.0
487,22,15,9,465,248,57,846,846.0
488,22,28,6,120,284,15,219,219.0
489,22,18,1,382,552,47,695,695.0
490,22,10,8,120,407,15,219,219.0
491,22,17,7,346,449,42,630,630.0
492,22,16,4,275,401,34,500,500.0
493,22,20,1,584,340,71,1062,1062.0
494,22,29,8,1156,294,141,2102,2102.0
495,23,2,8,143,500,18,260,260.0
496,23,15,4,1085,528,132,1973,1973.0
497,23,29,5,1156,557,141,2102,2102.0
498,23,14,5,215,367,27,391,391.0
499,23,20,7,1180,159,144,2146,2146.0
500,23,27,2,715,359,87,1300,1300.0
501,23,26,8,930,132,113,1691,1691.0
502,23,4,6,1097,563,133,1995,1995.0
503,23,5,9,572,318,70,1040,1040.0
504,23,3,2,1073,354,131,1951,1951.0
505,23,8,2,906,392,110,1648,1648.0
506,23,25,4,453,332,55,824,824.0
507,23,17,8,489,357,60,890,890.0
508,23,24,3,167,508,21,304,304.0
509,23,19,7,1037,493,126,1886,1886.0
510,23,16,3,739,279,90,1344,1344.0
511,23,13,1,489,463,60,890,890.0
512,23,9,9,441,187,54,802,802.0
513,23,21,7,215,243,27,391,391.0
514,23,12,9,775,593,94,1410,1410.0
515,23,11,8,846,446,103,1539,1539.0
516,24,8,4,167,312,21,304,304.0
517,24,5,2,692,440,84,1259,1259.0
518,24,23,9,632,202,77,1150,1150.0
519,24,9,4,263,227,32,479,479.0
520,24,22,8,930,480,113,1691,1691.0
521,24,27,8,1013,566,123,1842,1842.0
522,24,13,7,763,239,93,1388,1388.0
523,24,6,9,572,298,70,1040,1040.0
524,24,29,8,1097,317,133,1995,1995.0
525,24,30,9,1168,495,142,2124,2124.0
526,24,10,7,703,304,86,1279,1279.0
527,24,25,8,191,239,24,348,348.0
528,24,16,3,560,372,68,1019,1019.0
529,24,20,3,894,539,109,1626,1626.0
530,24,12,9,763,222,93,1388,1388.0
531,24,2,2,1061,184,129,1930,1930.0
532,24,1,7,584,390,71,1062,1062.0
533,24,19,5,537,345,66,977,977.0
534,24,14,8,322,437,40,586,586.0
535,25,12,6,608,164,74,1106,1106.0
536,25,28,4,906,470,110,1648,1648.0
537,25,23,5,417,144,51,759,759.0
538,25,5,5,1144,294,139,2080,2080.0
539,25,22,1,692,405,84,1259,1259.0
540,25,21,3,1120,448,136,2037,2037.0
541,25,10,4,346,212,42,630,630.0
542,25,1,8,191,233,24,348,348.0
543,25,14,4,811,528,99,1475,1475.0
544,25,11,4,429,233,52,780,780.0
545,25,20,1,870,220,106,1582,1582.0
546,25,30,5,715,528,87,1300,1300.0
547,25,9,6,465,234,57,846,846.0
548,25,15,5,132,413,16,240,240.0
549,25,24,1,143,461,18,260,260.0
550,25,26,9,870,260,106,1582,1582.0
551,25,29,2,1073,338,131,1951,1951.0
552,25,16,5,298,187,37,542,542.0
553,25,19,7,870,187,106,1582,1582.0
554,25,13,2,1073,255,131,1951,1951.0
555,25,3,1,537,348,66,977,977.0
556,25,8,1,977,188,119,1777,1777.0
557,25,6,8,799,189,97,1453,1453.0
558,25,17,9,882,413,107,1604,1604.0
559,25,18,9,823,448,100,1497,1497.0
560,25,4,3,751,267,92,1366,1366.0
561,26,9,3,644,597,79,1171,1171.0
562,26,27,9,286,195,35,520,520.0
563,26,17,3,167,205,21,304,304.0
564,26,22,7,811,126,99,1475,1475.0
565,26,24,8,203,311,25,370,370.0
566,26,12,3,775,288,94,1410,1410.0
567,26,8,6,1120,605,136,2037,2037.0
568,26,30,7,286,556,35,520,520.0
569,26,25,9,143,142,18,260,260.0
570,26,20,1,799,424,97,1453,1453.0
571,26,1,9,763,222,93,1388,1388.0
572,26,21,5,572,223,70,1040,1040.0
573,26,6,8,1097,248,133,1995,1995.0
574,26,29,5,191,264,24,348,348.0
575,26,3,1,513,273,63,933,933.0
576,26,23,1,703,322,86,1279,1279.0
577,26,16,9,775,596,94,1410,1410.0
578,26,14,6,286,133,35,520,520.0
579,26,11,6,1001,186,122,1820,1820.0
580,26,2,9,1037,309,126,1886,1886.0
581,26,5,7,382,459,47,695,695.0
582,26,7,3,203,154,25,370,370.0
583,26,28,2,155,350,19,282,282.0
584,26,19,7,834,563,102,1517,1517.0
585,26,18,4,1037,232,126,1886,1886.0
586,26,13,9,215,560,27,391,391.0
587,26,4,2,692,431,84,1259,1259.0
588,26,10,9,251,333,31,457,457.0
589,27,29,5,834,410,102,1517,1517.0
590,27,5,9,882,338,107,1604,1604.0
591,27,6,4,501,290,61,911,911.0
592,27,25,9,823,267,100,1497,1497.0
593,27,11,5,1168,484,142,2124,2124.0
594,27,9,5,346,334,42,630,630.0
595,27,18,6,966,393,118,1757,1757.0
596,27,20,3,334,546,41,608,608.0
597,27,30,7,1001,195,122,1820,1820.0
598,27,3,1,715,267,87,1300,1300.0
599,27,21,3,477,346,58,868,868.0
600,27,7,7,239,316,29,435,435.0
601,27,19,8,513,292,63,933,933.0
602,27,23,6,346,281,42,630,630.0
603,27,4,1,549,406,67,999,999.0
604,27,26,5,310,605,38,564,564.0
605,27,22,3,382,491,47,695,695.0
606,27,24,5,1132,295,138,2059,2059.0
607,27,13,7,453,339,55,824,824.0
608,28,6,6,167,429,21,304,304.0
609,28,21,3,358,428,44,651,651.0
610,28,17,7,608,345,74,1106,1106.0
611,28,3,8,632,590,77,1150,1150.0
612,28,18,4,1156,173,141,2102,2102.0
613,28,23,1,1085,245,132,1973,1973.0
614,28,9,6,1061,243,129,1930,1930.0
615,28,2,8,239,385,29,435,435.0
616,28,10,3,739,211,90,1344,1344.0
617,28,13,3,441,209,54,802,802.0
618,28,16,8,406,147,50,739,739.0
619,28,12,8,703,494,86,1279,1279.0
620,28,25,5,203,210,25,370,370.0
621,28,26,7,608,429,74,1106,1106.0
622,28,27,1,227,454,28,413,413.0
623,28,15,3,715,239,87,1300,1300.0
624,28,5,1,263,259,32,479,479.0
625,28,11,5,1168,273,142,2124,2124.0
626,28,30,1,191,184,24,348,348.0
627,28,7,1,560,317,68,1019,1019.0
628,28,24,6,751,297,92,1366,1366.0
629,28,29,6,751,596,92,1366,1366.0
630,28,14,4,608,227,74,1106,1106.0
631,28,22,6,286,540,35,520,520.0
632,28,1,3,179,605,22,326,326.0
633,28,20,9,382,378,47,695,695.0
634,28,8,6,656,608,80,1193,1193.0
635,29,17,3,882,136,107,1604,1604.0
636,29,12,5,382,301,47,695,695.0
637,29,10,6,298,254,37,542,542.0
638,29,20,8,1132,286,138,2059,2059.0
639,29,11,3,263,383,32,479,479.0
640,29,22,5,227,499,28,413,413.0
641,29,4,3,1001,565,122,1820,1820.0
642,29,13,9,763,583,93,1388,1388.0
643,29,28,5,358,177,44,651,651.0
644,29,30,6,1168,422,142,2124,2124.0
645,29,2,1,739,599,90,1344,1344.0
646,29,23,1,703,220,86,1279,1279.0
647,29,25,9,608,420,74,1106,1106.0
648,29,5,3,977,317,119,1777,1777.0
649,29,7,1,465,435,57,846,846.0
650,29,21,5,1156,247,141,2102,2102.0
651,29,14,8,477,164,58,868,868.0
652,29,16,9,298,169,37,542,542.0
653,29,15,8,834,471,102,1517,1517.0
654,29,19,3,191,374,24,348,348.0
655,29,9,8,799,438,97,1453,1453.0
656,29,1,8,668,288,81,1215,1215.0
657,29,24,8,239,409,29,435,435.0
658,29,18,9,846,428,103,1539,1539.0
659,29,26,7,799,197,97,1453,1453.0
660,29,6,6,334,538,41,608,608.0
661,30,18,2,966,192,118,1757,1757.0
662,30,29,4,703,590,86,1279,1279.0
663,30,13,5,1037,550,126,1886,1886.0
664,30,27,9,1025,186,125,1864,1864.0
665,30,11,8,453,329,55,824,824.0
666,30,23,2,251,226,31,457,457.0
667,30,21,5,465,326,57,846,846.0
668,30,26,8,656,153,80,1193,1193.0
669,30,20,4,1061,243,129,1930,1930.0
670,30,16,1,727,480,89,1322,1322.0
671,30,19,4,155,488,19,282,282.0
672,30,17,9,1120,141,136,2037,2037.0
673,30,10,2,358,289,44,651,651.0
674,30,14,5,989,562,120,1799,1799.0
675,30,5,5,787,160,96,1431,1431.0
676,30,12,9,692,466,84,1259,1259.0
677,30,9,9,775,248,94,1410,1410.0
678,30,6,5,1037,337,126,1886,1886.0
679,30,3,2,286,368,35,520,520.0
680,30,15,7,155,178,19,282,282.0
681,30,4,8,1156,227,141,2102,2102.0
682,30,22,2,870,145,106,1582,1582.0
COMMODITIES,400
0,26,28,24,53,97,786,1458.0
1,27,28,49,49,138,728,2084.0
2,13,22,68,55,141,817,2121.0
3,26,14,53,49,103,722,1550.0
4,26,8,41,50,130,742,1951.0
5,14,1,50,40,114,599,1722.0
6,9,22,20,70,137,1048,2067.0
7,21,29,23,63,142,937,2138.0
8,16,12,61,51,159,758,2392.0
9,1,13,54,67,132,1001,1993.0
10,9,19,46,48,124,712,1868.0
11,9,14,22,52,126,770,1899.0
12,15,25,38,62,121,923,1828.0
13,2,28,43,45,114,663,1721.0
14,20,3,50,52,160,772,2408.0
15,23,24,53,57,102,844,1536.0
16,24,21,29,55,117,811,1757.0
17,11,25,52,55,123,824,1849.0
18,29,2,33,49,131,727,1974.0
19,1,14,26,60,149,900,2235.0
20,1,7,30,33,80,486,1205.0
21,29,21,49,56,132,833,1982.0
22,28,20,36,58,129,864,1935.0
23,26,11,72,48,132,713,1983.0
24,12,22,30,57,154,841,2317.0
25,12,27,43,45,108,675,1626.0
26,15,26,43,53,142,792,2144.0
27,29,23,35,45,132,669,1984.0
28,20,11,64,62,142,919,2131.0
29,14,15,43,63,114,940,1713.0
30,15,2,17,58,105,866,1589.0
31,10,11,44,66,137,980,2069.0
32,4,7,73,39,88,581,1332.0
33,15,8,54,53,92,786,1393.0
34,14,27,72,57,126,841,1895.0
35,30,26,58,62,155,926,2330.0
36,3,21,46,65,149,964,2248.0
37,20,17,38,48,149,714,2246.0
38,24,28,29,61,144,911,2164.0
39,5,13,50,57,125,855,1878.0
40,5,8,65,42,120,623,1811.0
41,14,12,52,56,153,834,2299.0
42,17,5,61,37,128,543,1923.0
43,25,24,32,45,84,662,1271.0
44,1,5,17,48,161,707,2417.0
45,15,6,27,56,114,827,1722.0
46,5,3,17,63,104,943,1560.0
47,3,23,67,55,139,817,2088.0
48,1,2,49,50,96,749,1445.0
49,12,26,66,47,139,692,2095.0
50,13,16,22,43,141,634,2121.0
51,20,30,40,46,163,683,2451.0
52,25,30,26,57,152,853,2288.0
53,3,5,38,43,117,634,1762.0
54,25,14,25,60,118,892,1778.0
55,20,15,72,65,154,974,2322.0
56,8,29,22,42,90,619,1350.0
57,2,23,54,49,112,723,1694.0
58,16,30,73,49,157,735,2365.0
59,27,8,52,56,156,837,2346.0
60,18,26,52,70,160,1037,2413.0
61,26,17,64,47,91,702,1369.0
62,18,2,15,61,124,909,1860.0
63,24,13,49,43,138,645,2080.0
64,30,7,61,54,136,797,2040.0
65,29,11,40,42,102,622,1530.0
66,28,5,31,47,105,695,1589.0
67,6,11,27,58,155,868,2332.0
68,16,15,19,37,94,554,1415.0
69,13,21,38,54,154,803,2314.0
70,21,20,60,54,144,802,2174.0
71,23,15,34,62,139,920,2099.0
72,3,26,42,56,164,837,2466.0
73,29,30,31,73,162,1090,2431.0
74,24,7,32,58,137,869,2060.0
75,25,10,63,54,119,804,1787.0
76,19,21,44,59,111,885,1669.0
77,20,8,74,57,127,845,1915.0
78,19,15,58,47,129,699,1937.0
79,12,28,67,41,109,607,1637.0
80,9,12,18,41,125,609,1887.0
81,4,30,17,48,152,720,2289.0
82,10,17,62,60,130,899,1959.0
83,26,13,74,62,114,921,1718.0
84,27,19,74,42,129,628,1942.0
85,10,25,28,59,127,881,1911.0
86,5,20,55,51,90,756,1351.0
87,3,14,33,52,111,766,1668.0
88,27,25,36,58,135,858,2037.0
89,7,11,57,52,179,775,2698.0
90,16,7,38,50,138,748,2071.0
91,8,28,63,48,111,719,1677.0
92,1,9,56,46,116,685,1749.0
93,5,23,58,53,142,785,2144.0
94,12,6,64,60,145,899,2187.0
95,24,27,51,52,158,777,2381.0
96,17,30,29,58,148,865,2222.0
97,9,21,19,48,116,714,1753.0
98,16,28,18,51,131,761,1976.0
99,5,28,64,61,116,911,1754.0
100,26,6,41,51,112,755,1680.0
101,11,28,15,65,133,968,1999.0
102,10,12,61,57,138,847,2080.0
103,19,25,70,55,128,820,1921.0
104,22,24,51,65,146,970,2204.0
105,10,24,44,44,117,655,1764.0
106,18,7,64,34,77,496,1165.0
107,23,30,23,45,152,664,2291.0
108,24,11,56,56,147,832,2214.0
109,16,13,47,54,144,807,2169.0
110,6,22,50,38,105,565,1578.0
111,29,13,28,54,130,801,1964.0
112,27,7,46,46,106,676,1592.0
113,8,5,19,52,147,767,2219.0
114,18,5,49,50,130,747,1963.0
115,26,22,67,44,118,656,1782.0
116,30,24,40,61,135,902,2026.0
117,17,6,29,50,98,741,1471.0
118,14,19,42,49,129,728,1949.0
119,17,7,38,49,97,727,1460.0
120,28,10,62,59,132,881,1980.0
121,6,10,23,44,99,652,1498.0
122,15,10,57,56,116,835,1745.0
123,15,22,51,56,105,836,1577.0
124,16,25,18,50,141,739,2118.0
125,19,2,31,50,118,739,1779.0
126,13,25,49,51,129,764,1943.0
127,29,10,27,53,116,793,1750.0
128,13,15,57,55,145,816,2176.0
129,11,6,26,39,129,576,1941.0
130,6,30,64,51,121,754,1819.0
131,8,22,27,68,139,1010,2088.0
132,11,3,40,39,150,571,2260.0
133,1,28,55,52,121,773,1829.0
134,18,1,17,52,118,771,1775.0
135,1,3,28,51,124,765,1865.0
136,25,18,33,42,110,627,1660.0
137,19,5,57,63,157,938,2365.0
138,3,27,15,50,116,749,1748.0
139,30,6,43,58,132,864,1987.0
140,14,4,32,56,157,829,2357.0
141,1,22,15,57,132,854,1990.0
142,16,18,32,52,146,771,2200.0
143,23,26,67,43,122,639,1841.0
144,30,12,47,52,146,766,2204.0
145,12,21,41,54,105,804,1579.0
146,15,24,73,55,133,813,2009.0
147,15,29,63,59,118,872,1779.0
148,23,11,16,47,137,693,2061.0
149,6,20,40,61,146,907,2201.0
150,24,14,53,51,110,756,1655.0
151,20,22,56,50,130,743,1953.0
152,25,6,74,70,146,1049,2194.0
153,9,5,56,60,137,893,2062.0
154,10,28,60,49,104,722,1570.0
155,15,11,36,56,135,840,2025.0
156,5,6,31,63,142,932,2133.0
157,21,13,39,59,131,873,1971.0
158,28,4,38,41,139,611,2091.0
159,1,27,70,51,140,752,2105.0
160,11,26,61,55,155,814,2331.0
161,18,16,47,57,129,844,1943.0
162,13,27,35,56,105,830,1582.0
163,30,8,41,50,109,742,1639.0
164,25,20,25,70,146,1040,2196.0
165,26,19,38,44,104,648,1568.0
166,26,10,19,54,112,805,1694.0
167,19,26,54,69,137,1027,2069.0
168,26,30,15,53,115,792,1732.0
169,9,16,34,50,143,749,2156.0
170,15,9,73,50,102,741,1532.0
171,14,21,70,50,134,742,2021.0
172,16,1,36,59,127,878,1907.0
173,9,25,44,53,121,787,1828.0
174,15,27,49,60,140,891,2106.0
175,19,14,20,55,153,813,2297.0
176,6,1,54,52,125,773,1886.0
177,3,18,55,49,132,731,1993.0
178,4,15,21,49,115,723,1727.0
179,25,13,51,35,111,525,1670.0
180,16,19,28,54,138,809,2084.0
181,16,24,56,58,137,858,2055.0
182,12,30,72,41,118,615,1770.0
183,20,28,66,41,133,614,2003.0
184,3,2,59,59,123,877,1854.0
185,30,17,72,57,116,855,1742.0
186,14,18,48,56,136,827,2051.0
187,25,21,30,49,119,728,1797.0
188,24,1,39,56,125,829,1885.0
189,25,26,67,49,141,726,2126.0
190,18,28,15,41,83,612,1251.0
191,20,6,20,54,134,798,2024.0
192,19,18,43,73,161,1090,2424.0
193,25,2,31,53,118,783,1773.0
194,21,14,72,47,121,699,1819.0
195,3,24,71,54,141,801,2117.0
196,10,4,40,59,141,876,2119.0
197,30,23,43,60,108,900,1628.0
198,13,23,52,54,147,809,2210.0
199,11,20,41,46,153,679,2308.0
200,24,3,57,55,168,816,2525.0
201,28,27,23,63,113,941,1709.0
202,24,8,28,50,94,749,1422.0
203,15,18,64,53,118,781,1775.0
204,6,29,57,56,149,839,2237.0
205,26,12,43,49,147,733,2210.0
206,26,5,39,57,125,847,1882.0
207,27,24,70,57,155,852,2331.0
208,12,4,45,48,145,709,2183.0
209,16,3,72,56,143,834,2151.0
210,13,18,39,60,132,899,1993.0
211,10,14,52,37,98,550,1479.0
212,15,4,68,49,131,735,1978.0
213,25,9,52,47,115,699,1735.0
214,26,3,37,46,119,678,1788.0
215,4,25,39,54,152,804,2293.0
216,4,22,15,54,151,799,2275.0
217,2,18,44,49,122,723,1840.0
218,17,2,49,54,124,808,1864.0
219,2,26,56,50,118,750,1771.0
220,21,16,35,35,137,521,2055.0
221,13,26,31,55,140,820,2103.0
222,8,12,21,48,108,711,1631.0
223,15,3,37,46,111,685,1670.0
224,30,25,50,65,145,965,2176.0
225,22,3,36,57,116,841,1749.0
226,17,4,65,55,123,818,1858.0
227,29,15,60,57,143,844,2157.0
228,24,16,59,54,138,804,2072.0
229,10,1,53,54,120,799,1814.0
230,19,9,71,48,105,707,1585.0
231,6,17,44,52,126,775,1890.0
232,3,29,33,56,122,831,1840.0
233,24,17,17,41,121,611,1823.0
234,23,2,35,64,112,954,1690.0
235,24,30,36,41,123,606,1846.0
236,23,28,74,51,125,763,1887.0
237,3,8,68,59,119,877,1792.0
238,21,12,45,42,84,624,1273.0
239,5,22,62,56,116,828,1743.0
240,14,28,38,59,111,878,1668.0
241,9,26,47,45,95,671,1433.0
242,24,4,71,50,169,747,2539.0
243,25,5,56,42,112,620,1681.0
244,18,8,49,56,140,831,2101.0
245,4,18,31,48,154,710,2313.0
246,21,6,69,45,124,675,1861.0
247,30,11,53,45,125,664,1879.0
248,19,22,39,49,122,724,1841.0
249,10,29,40,55,113,817,1701.0
250,2,11,64,53,116,785,1740.0
251,23,10,54,55,134,821,2024.0
252,22,7,31,62,109,917,1641.0
253,20,14,57,62,159,928,2394.0
254,7,21,47,65,178,972,2671.0
255,7,30,49,49,166,727,2498.0
256,30,29,19,44,126,648,1899.0
257,14,10,57,49,135,726,2029.0
258,3,17,45,48,116,717,1740.0
259,10,26,28,34,76,505,1150.0
260,2,17,23,41,107,601,1606.0
261,23,29,71,56,152,837,2287.0
262,29,17,58,35,120,523,1812.0
263,10,15,52,58,106,865,1601.0
264,10,22,44,56,121,835,1829.0
265,9,6,38,55,126,819,1895.0
266,11,24,61,52,134,779,2021.0
267,14,8,27,52,107,771,1605.0
268,24,10,57,42,136,624,2040.0
269,6,2,21,37,98,555,1471.0
270,4,14,17,59,108,872,1626.0
271,1,20,71,56,144,829,2166.0
272,7,22,70,61,166,911,2503.0
273,27,22,15,52,126,767,1902.0
274,25,29,73,43,125,644,1889.0
275,16,2,45,35,87,517,1311.0
276,5,24,17,51,117,765,1768.0
277,9,27,68,61,138,901,2082.0
278,3,15,64,60,105,900,1583.0
279,14,20,17,50,100,748,1500.0
280,24,12,54,60,146,897,2201.0
281,5,2,45,46,116,679,1748.0
282,6,23,38,39,126,582,1903.0
283,8,20,71,44,157,652,2367.0
284,24,22,38,46,139,676,2087.0
285,28,3,21,53,121,795,1825.0
286,10,23,53,30,116,449,1746.0
287,17,1,69,56,115,839,1734.0
288,16,21,33,50,130,738,1952.0
289,3,12,22,52,154,773,2317.0
290,13,29,16,67,166,995,2498.0
291,25,3,27,57,142,849,2137.0
292,3,9,72,42,123,616,1845.0
293,12,5,73,45,139,661,2088.0
294,17,14,38,54,129,805,1943.0
295,28,11,22,51,142,758,2134.0
296,22,10,44,63,99,932,1488.0
297,17,24,30,51,112,764,1690.0
298,12,19,27,52,148,766,2231.0
299,12,13,41,59,164,874,2469.0
300,18,9,61,48,130,716,1955.0
301,7,10,21,46,157,689,2365.0
302,30,28,21,46,122,679,1842.0
303,19,1,39,39,136,579,2048.0
304,14,22,37,54,126,800,1896.0
305,15,1,23,57,105,851,1588.0
306,20,24,58,47,101,700,1525.0
307,6,8,67,46,116,684,1754.0
308,7,27,64,53,174,791,2623.0
309,7,3,68,45,169,661,2546.0
310,7,5,18,50,167,739,2508.0
311,12,11,63,49,167,728,2512.0
312,13,19,30,57,131,853,1969.0
313,22,6,53,49,107,728,1608.0
314,9,29,48,58,117,861,1767.0
315,1,19,20,64,149,958,2249.0
316,27,10,40,61,145,914,2177.0
317,22,27,37,44,115,651,1733.0
318,1,24,59,51,140,765,2103.0
319,20,27,47,73,194,1093,2919.0
320,22,12,68,56,142,829,2134.0
321,19,7,42,70,137,1049,2057.0
322,11,13,63,51,134,761,2016.0
323,11,23,55,50,169,750,2543.0
324,7,26,71,61,190,906,2860.0
325,27,20,40,54,116,806,1746.0
326,23,6,71,51,141,764,2119.0
327,16,29,26,39,100,579,1503.0
328,5,4,59,59,154,877,2320.0
329,13,4,15,53,139,785,2085.0
330,30,9,69,49,122,733,1841.0
331,20,26,20,43,133,634,1999.0
332,6,5,49,41,131,609,1972.0
333,3,28,15,51,88,763,1324.0
334,23,9,15,56,119,831,1794.0
335,19,17,17,48,109,719,1649.0
336,2,1,42,51,132,755,1984.0
337,8,10,20,53,138,795,2079.0
338,29,16,55,53,112,782,1680.0
339,28,12,55,48,141,707,2127.0
340,17,13,53,56,92,840,1386.0
341,28,22,71,54,114,808,1711.0
342,21,3,31,44,121,650,1824.0
343,4,24,19,63,163,935,2447.0
344,10,21,69,51,116,759,1748.0
345,7,20,50,60,162,897,2440.0
346,21,9,58,37,105,551,1580.0
347,13,17,15,46,137,685,2063.0
348,2,29,65,56,153,831,2304.0
349,19,16,18,46,155,676,2332.0
350,20,10,69,56,135,839,2031.0
351,29,20,61,64,171,948,2576.0
352,18,22,73,46,122,687,1835.0
353,21,15,37,43,143,635,2148.0
354,13,11,38,59,126,871,1904.0
355,16,10,62,40,121,594,1825.0
356,22,23,22,56,133,831,1996.0
357,18,6,36,44,89,653,1344.0
358,17,12,35,71,164,1059,2470.0
359,30,19,46,50,84,743,1266.0
360,12,24,43,45,143,669,2155.0
361,27,23,45,45,110,673,1653.0
362,28,15,72,46,103,686,1546.0
363,27,1,26,47,150,700,2262.0
364,13,9,43,53,120,787,1813.0
365,8,3,44,72,159,1080,2387.0
366,10,18,65,39,96,574,1444.0
367,27,6,31,61,143,906,2153.0
368,11,8,23,54,150,796,2259.0
369,4,5,22,44,149,646,2248.0
370,26,2,61,47,115,704,1727.0
371,18,29,17,43,105,637,1577.0
372,7,14,22,50,164,750,2469.0
373,4,6,46,42,136,616,2042.0
374,28,7,44,62,123,925,1855.0
375,23,1,58,73,163,1088,2450.0
376,19,24,38,49,133,729,2005.0
377,22,26,46,60,125,894,1889.0
378,14,29,51,57,132,845,1988.0
379,6,14,28,60,150,897,2262.0
380,25,23,70,54,130,808,1963.0
381,21,30,32,41,128,608,1927.0
382,8,1,31,60,150,886,2254.0
383,13,12,34,60,170,898,2551.0
384,4,11,72,59,141,872,2116.0
385,14,2,58,58,134,857,2010.0
386,5,30,57,51,104,758,1567.0
387,6,27,52,51,137,754,2065.0
388,5,7,26,35,117,519,1762.0
389,27,29,71,32,121,468,1827.0
390,27,14,45,53,149,789,2246.0
391,22,25,26,57,125,852,1888.0
392,19,4,32,59,158,873,2381.0
393,26,7,49,64,110,957,1654.0
394,2,30,62,63,147,941,2206.0
395,21,17,32,37,96,553,1454.0
396,26,1,61,56,121,838,1826.0
397,30,3,71,52,108,768,1632.0
398,2,16,62,64,144,952,2169.0
399,16,8,68,53,125,795,1883.0
horizon=194
