NODES,20
1,1,-,-
2,2,-,-
3,3,-,-
4,4,-,-
5,5,-,-
6,6,-,-
7,7,-,-
8,8,-,-
9,9,-,-
10,10,-,-
11,11,-,-
12,12,-,-
13,13,-,-
14,14,-,-
15,15,-,-
16,16,-,-
17,17,-,-
18,18,-,-
19,19,-,-
20,20,-,-
ARCS,291
0,1,8,1,1310,234,2382.0,2382,2382.0
1,1,6,7,2428,370,4415.0,4415,4415.0
2,1,4,8,2428,294,4415.0,4415,4415.0
3,1,9,1,1746,245,3175.0,3175,3175.0
4,1,17,1,464,440,844.0,844,844.0
5,1,15,7,355,121,646.0,646,646.0
6,1,20,5,955,224,1737.0,1737,1737.0
7,1,13,7,601,133,1093.0,1093,1093.0
8,1,2,7,1364,293,2480.0,2480,2480.0
9,1,16,9,1064,164,1935.0,1935,1935.0
10,1,19,7,1501,490,2730.0,2730,2730.0
11,2,12,2,382,453,695.0,695,695.0
12,2,8,1,1392,260,2531.0,2531,2531.0
13,2,7,2,1582,159,2877.0,2877,2877.0
14,2,5,9,601,515,1093.0,1093,1093.0
15,2,11,3,519,465,944.0,944,944.0
16,2,20,9,437,310,795.0,795,795.0
17,2,4,6,1801,254,3275.0,3275,3275.0
18,2,17,9,573,495,1042.0,1042,1042.0
19,2,1,5,737,329,1340.0,1340,1340.0
20,2,3,9,1364,128,2480.0,2480,2480.0
21,2,14,6,382,118,695.0,695,695.0
22,2,19,7,1228,235,2233.0,2233,2233.0
23,2,15,3,655,345,1191.0,1191,1191.0
24,2,16,5,2319,457,4217.0,4217,4217.0
25,2,9,7,1446,348,2630.0,2630,2630.0
26,2,6,2,1992,253,3622.0,3622,3622.0
27,2,13,1,546,168,993.0,993,993.0
28,2,18,2,491,443,893.0,893,893.0
29,2,10,9,1037,250,1886.0,1886,1886.0
30,3,10,8,2701,407,4911.0,4911,4911.0
31,3,6,4,2264,396,4117.0,4117,4117.0
32,3,17,1,2128,132,3870.0,3870,3870.0
33,3,4,6,1719,509,3126.0,3126,3126.0
34,3,8,6,2373,149,4315.0,4315,4315.0
35,3,7,2,273,409,497.0,497,497.0
36,3,15,4,846,346,1539.0,1539,1539.0
37,3,2,1,2155,123,3919.0,3919,3919.0
38,3,20,3,955,527,1737.0,1737,1737.0
39,3,18,3,2537,342,4613.0,4613,4613.0
40,3,5,8,2483,224,4515.0,4515,4515.0
41,3,9,7,1910,367,3473.0,3473,3473.0
42,3,12,2,1773,411,3224.0,3224,3224.0
43,3,14,7,764,187,1390.0,1390,1390.0
44,4,14,3,1773,517,3224.0,3224,3224.0
45,4,19,1,437,155,795.0,795,795.0
46,4,10,3,1064,447,1935.0,1935,1935.0
47,4,3,1,1910,163,3473.0,3473,3473.0
48,4,9,2,519,207,944.0,944,944.0
49,4,2,2,1773,388,3224.0,3224,3224.0
50,4,11,9,1255,326,2282.0,2282,2282.0
51,4,20,3,1828,411,3324.0,3324,3324.0
52,4,6,9,1364,128,2480.0,2480,2480.0
53,4,5,5,573,361,1042.0,1042,1042.0
54,4,1,8,2346,259,4266.0,4266,4266.0
55,4,13,7,2401,255,4366.0,4366,4366.0
56,4,12,8,1337,493,2431.0,2431,2431.0
57,4,17,8,1201,216,2184.0,2184,2184.0
58,4,16,9,2592,509,4713.0,4713,4713.0
59,4,8,2,1419,199,2580.0,2580,2580.0
60,4,7,1,1092,438,1986.0,1986,1986.0
61,4,15,6,328,508,597.0,597,597.0
62,4,18,8,846,331,1539.0,1539,1539.0
63,5,19,1,2155,222,3919.0,3919,3919.0
64,5,1,1,655,185,1191.0,1191,1191.0
65,5,11,9,2592,155,4713.0,4713,4713.0
66,5,15,6,273,172,497.0,497,497.0
67,5,20,2,846,531,1539.0,1539,1539.0
68,5,2,9,2401,190,4366.0,4366,4366.0
69,5,14,4,410,418,746.0,746,746.0
70,5,6,7,2592,310,4713.0,4713,4713.0
71,5,16,6,1201,330,2184.0,2184,2184.0
72,5,17,6,2292,120,4168.0,4168,4168.0
73,5,12,8,1446,451,2630.0,2630,2630.0
74,5,8,3,655,294,1191.0,1191,1191.0
75,6,4,3,1937,190,3522.0,3522,3522.0
76,6,15,1,1883,416,3424.0,3424,3424.0
77,6,17,7,2401,349,4366.0,4366,4366.0
78,6,11,9,1201,225,2184.0,2184,2184.0
79,6,13,5,2346,393,4266.0,4266,4266.0
80,6,20,1,1828,196,3324.0,3324,3324.0
81,6,1,7,1582,193,2877.0,2877,2877.0
82,6,7,7,2073,476,3770.0,3770,3770.0
83,6,5,8,1801,317,3275.0,3275,3275.0
84,6,12,9,1419,182,2580.0,2580,2580.0
85,6,9,4,2537,493,4613.0,4613,4613.0
86,6,18,2,1092,359,1986.0,1986,1986.0
87,6,14,9,2210,406,4019.0,4019,4019.0
88,6,10,7,2510,334,4564.0,4564,4564.0
89,7,1,8,791,190,1439.0,1439,1439.0
90,7,20,8,682,416,1240.0,1240,1240.0
91,7,12,1,737,466,1340.0,1340,1340.0
92,7,14,9,1310,225,2382.0,2382,2382.0
93,7,15,2,1282,342,2331.0,2331,2331.0
94,7,6,6,1692,358,3077.0,3077,3077.0
95,7,18,7,1037,194,1886.0,1886,1886.0
96,7,2,9,2592,312,4713.0,4713,4713.0
97,7,17,3,328,273,597.0,597,597.0
98,7,5,9,2237,212,4068.0,4068,4068.0
99,8,9,1,2292,279,4168.0,4168,4168.0
100,8,20,1,573,461,1042.0,1042,1042.0
101,8,1,6,1910,436,3473.0,3473,3473.0
102,8,10,6,1637,350,2977.0,2977,2977.0
103,8,16,2,1064,427,1935.0,1935,1935.0
104,8,11,3,2319,305,4217.0,4217,4217.0
105,8,18,4,273,537,497.0,497,497.0
106,8,15,6,491,388,893.0,893,893.0
107,8,6,9,710,257,1291.0,1291,1291.0
108,8,5,1,2428,530,4415.0,4415,4415.0
109,8,13,7,2592,358,4713.0,4713,4713.0
110,8,19,1,1501,287,2730.0,2730,2730.0
111,8,4,9,1555,429,2828.0,2828,2828.0
112,8,7,5,2019,474,3671.0,3671,3671.0
113,8,14,9,1337,336,2431.0,2431,2431.0
114,8,2,2,464,489,844.0,844,844.0
115,9,8,5,791,385,1439.0,1439,1439.0
116,9,16,8,1992,342,3622.0,3622,3622.0
117,9,19,1,2264,358,4117.0,4117,4117.0
118,9,17,4,1255,293,2282.0,2282,2282.0
119,9,18,5,2564,493,4662.0,4662,4662.0
120,9,4,8,1555,312,2828.0,2828,2828.0
121,9,2,7,1037,115,1886.0,1886,1886.0
122,9,6,7,2619,418,4762.0,4762,4762.0
123,9,13,4,2101,255,3820.0,3820,3820.0
124,10,18,3,2564,476,4662.0,4662,4662.0
125,10,5,5,1855,356,3373.0,3373,3373.0
126,10,12,5,2292,399,4168.0,4168,4168.0
127,10,4,3,2701,369,4911.0,4911,4911.0
128,10,17,7,355,404,646.0,646,646.0
129,10,7,7,1146,320,2084.0,2084,2084.0
130,10,1,9,764,371,1390.0,1390,1390.0
131,10,9,3,2019,121,3671.0,3671,3671.0
132,10,16,1,1419,431,2580.0,2580,2580.0
133,10,3,9,573,491,1042.0,1042,1042.0
134,10,20,4,1119,227,2035.0,2035,2035.0
135,10,2,4,1310,140,2382.0,2382,2382.0
136,10,13,2,955,288,1737.0,1737,1737.0
137,10,11,8,655,224,1191.0,1191,1191.0
138,11,6,1,1419,302,2580.0,2580,2580.0
139,11,16,8,273,179,497.0,497,497.0
140,11,13,9,2537,489,4613.0,4613,4613.0
141,11,7,2,273,190,497.0,497,497.0
142,11,15,8,2237,526,4068.0,4068,4068.0
143,11,4,4,1228,237,2233.0,2233,2233.0
144,11,14,4,328,489,597.0,597,597.0
145,11,20,1,1582,233,2877.0,2877,2877.0
146,11,8,7,2373,152,4315.0,4315,4315.0
147,11,12,1,1228,440,2233.0,2233,2233.0
148,11,19,5,519,138,944.0,944,944.0
149,11,2,1,1692,327,3077.0,3077,3077.0
150,11,10,4,1010,532,1837.0,1837,1837.0
151,11,1,4,901,426,1639.0,1639,1639.0
152,11,17,8,1992,469,3622.0,3622,3622.0
153,12,7,2,2019,485,3671.0,3671,3671.0
154,12,20,6,355,523,646.0,646,646.0
155,12,13,8,873,122,1588.0,1588,1588.0
156,12,8,5,2564,459,4662.0,4662,4662.0
157,12,10,4,2483,192,4515.0,4515,4515.0
158,12,18,8,710,180,1291.0,1291,1291.0
159,12,3,1,2210,230,4019.0,4019,4019.0
160,12,19,8,1446,128,2630.0,2630,2630.0
161,12,5,4,2346,157,4266.0,4266,4266.0
162,12,9,7,301,234,548.0,548,548.0
163,12,15,4,437,224,795.0,795,795.0
164,12,17,6,1664,425,3026.0,3026,3026.0
165,12,4,9,1746,480,3175.0,3175,3175.0
166,12,2,4,764,400,1390.0,1390,1390.0
167,12,11,1,2128,518,3870.0,3870,3870.0
168,12,14,3,1146,285,2084.0,2084,2084.0
169,12,1,9,1310,372,2382.0,2382,2382.0
170,13,15,1,1664,460,3026.0,3026,3026.0
171,13,4,6,2510,530,4564.0,4564,4564.0
172,13,19,4,2046,385,3720.0,3720,3720.0
173,13,5,3,2237,453,4068.0,4068,4068.0
174,13,1,2,1146,258,2084.0,2084,2084.0
175,13,8,1,655,214,1191.0,1191,1191.0
176,13,11,2,1392,476,2531.0,2531,2531.0
177,13,18,2,1037,494,1886.0,1886,1886.0
178,13,3,1,1773,302,3224.0,3224,3224.0
179,13,17,6,1964,479,3571.0,3571,3571.0
180,13,7,7,2619,438,4762.0,4762,4762.0
181,14,5,5,1419,236,2580.0,2580,2580.0
182,14,18,1,1582,139,2877.0,2877,2877.0
183,14,7,4,1555,141,2828.0,2828,2828.0
184,14,19,3,1228,271,2233.0,2233,2233.0
185,14,6,9,437,356,795.0,795,795.0
186,14,9,7,846,461,1539.0,1539,1539.0
187,14,17,1,2483,227,4515.0,4515,4515.0
188,14,8,3,2428,176,4415.0,4415,4415.0
189,14,13,5,2510,341,4564.0,4564,4564.0
190,14,3,2,1473,170,2679.0,2679,2679.0
191,14,20,3,1883,157,3424.0,3424,3424.0
192,14,2,3,1473,206,2679.0,2679,2679.0
193,14,15,6,1910,380,3473.0,3473,3473.0
194,15,16,2,2128,323,3870.0,3870,3870.0
195,15,1,9,2128,415,3870.0,3870,3870.0
196,15,18,8,1419,226,2580.0,2580,2580.0
197,15,5,6,2428,494,4415.0,4415,4415.0
198,15,12,1,1255,530,2282.0,2282,2282.0
199,15,13,6,2455,195,4464.0,4464,4464.0
200,15,17,9,1228,443,2233.0,2233,2233.0
201,15,14,5,1419,498,2580.0,2580,2580.0
202,15,9,9,1010,454,1837.0,1837,1837.0
203,15,4,5,2292,428,4168.0,4168,4168.0
204,15,3,8,1310,212,2382.0,2382,2382.0
205,15,20,3,2401,459,4366.0,4366,4366.0
206,15,8,5,2210,197,4019.0,4019,4019.0
207,15,2,5,1582,453,2877.0,2877,2877.0
208,15,19,1,1582,387,2877.0,2877,2877.0
209,15,6,5,982,314,1786.0,1786,1786.0
210,15,7,1,573,297,1042.0,1042,1042.0
211,15,11,9,1719,237,3126.0,3126,3126.0
212,16,3,8,2592,249,4713.0,4713,4713.0
213,16,8,2,2401,198,4366.0,4366,4366.0
214,16,14,8,1801,142,3275.0,3275,3275.0
215,16,13,3,655,124,1191.0,1191,1191.0
216,16,5,6,1855,315,3373.0,3373,3373.0
217,16,1,1,1419,157,2580.0,2580,2580.0
218,16,6,5,2455,459,4464.0,4464,4464.0
219,16,19,7,2564,361,4662.0,4662,4662.0
220,16,20,3,1855,468,3373.0,3373,3373.0
221,16,18,9,2046,170,3720.0,3720,3720.0
222,16,7,3,2019,132,3671.0,3671,3671.0
223,16,12,1,1883,120,3424.0,3424,3424.0
224,16,15,9,955,390,1737.0,1737,1737.0
225,16,4,3,1855,302,3373.0,3373,3373.0
226,16,9,1,791,531,1439.0,1439,1439.0
227,17,3,2,1855,505,3373.0,3373,3373.0
228,17,5,2,1473,444,2679.0,2679,2679.0
229,17,10,2,2455,162,4464.0,4464,4464.0
230,17,12,3,2619,129,4762.0,4762,4762.0
231,17,7,4,491,112,893.0,893,893.0
232,17,2,8,2155,151,3919.0,3919,3919.0
233,17,14,2,2155,236,3919.0,3919,3919.0
234,17,16,5,928,127,1688.0,1688,1688.0
235,17,9,7,1992,154,3622.0,3622,3622.0
236,17,11,4,573,423,1042.0,1042,1042.0
237,17,19,2,2564,136,4662.0,4662,4662.0
238,17,18,3,1910,252,3473.0,3473,3473.0
239,17,15,6,846,377,1539.0,1539,1539.0
240,18,2,9,1883,527,3424.0,3424,3424.0
241,18,15,5,628,242,1142.0,1142,1142.0
242,18,11,5,2155,335,3919.0,3919,3919.0
243,18,8,7,1146,455,2084.0,2084,2084.0
244,18,12,5,328,395,597.0,597,597.0
245,18,13,9,1773,437,3224.0,3224,3224.0
246,18,3,6,2046,210,3720.0,3720,3720.0
247,18,16,3,2646,453,4811.0,4811,4811.0
248,18,19,9,1310,443,2382.0,2382,2382.0
249,18,4,5,1228,483,2233.0,2233,2233.0
250,18,10,8,1364,140,2480.0,2480,2480.0
251,18,1,1,1010,288,1837.0,1837,1837.0
252,18,6,6,2646,359,4811.0,4811,4811.0
253,18,20,1,2455,176,4464.0,4464,4464.0
254,18,7,2,1883,244,3424.0,3424,3424.0
255,19,18,3,764,530,1390.0,1390,1390.0
256,19,14,7,819,229,1490.0,1490,1490.0
257,19,4,9,1228,451,2233.0,2233,2233.0
258,19,8,7,464,513,844.0,844,844.0
259,19,20,3,2019,208,3671.0,3671,3671.0
260,19,9,5,410,237,746.0,746,746.0
261,19,5,1,328,163,597.0,597,597.0
262,19,10,4,982,269,1786.0,1786,1786.0
263,19,16,7,901,373,1639.0,1639,1639.0
264,19,12,1,2428,512,4415.0,4415,4415.0
265,19,1,3,2673,317,4860.0,4860,4860.0
266,19,2,2,601,244,1093.0,1093,1093.0
267,19,15,5,1173,455,2133.0,2133,2133.0
268,19,6,3,1883,409,3424.0,3424,3424.0
269,19,13,9,2183,427,3970.0,3970,3970.0
270,19,7,7,2264,154,4117.0,4117,4117.0
271,19,17,5,955,447,1737.0,1737,1737.0
272,19,11,4,1146,515,2084.0,2084,2084.0
273,20,7,9,819,126,1490.0,1490,1490.0
274,20,8,5,1828,309,3324.0,3324,3324.0
275,20,5,5,1392,229,2531.0,2531,2531.0
276,20,6,9,464,309,844.0,844,844.0
277,20,10,5,1501,354,2730.0,2730,2730.0
278,20,14,9,1610,179,2928.0,2928,2928.0
279,20,17,6,2701,197,4911.0,4911,4911.0
280,20,13,3,819,298,1490.0,1490,1490.0
281,20,2,5,1337,287,2431.0,2431,2431.0
282,20,9,4,2237,458,4068.0,4068,4068.0
283,20,12,2,873,268,1588.0,1588,1588.0
284,20,11,6,1364,341,2480.0,2480,2480.0
285,20,16,2,982,186,1786.0,1786,1786.0
286,20,15,9,2101,254,3820.0,3820,3820.0
287,20,4,6,2673,350,4860.0,4860,4860.0
288,20,1,7,1637,432,2977.0,2977,2977.0
289,20,3,1,1173,510,2133.0,2133,2133.0
290,20,18,8,1228,180,2233.0,2233,2233.0
COMMODITIES,200
0,9,18,49,2640,5751.0,2640,5751.0
1,20,16,39,2111,5570.0,2111,5570.0
2,19,5,50,2351,3601.0,2351,3601.0
3,4,17,57,1968,5351.0,1968,5351.0
4,1,8,65,2148,5224.0,2148,5224.0
5,12,8,16,2181,5438.0,2181,5438.0
6,2,7,58,2450,4966.0,2450,4966.0
7,5,2,62,2263,5658.0,2263,5658.0
8,9,19,27,2390,6982.0,2390,6982.0
9,13,10,74,2084,7323.0,2084,7323.0
10,4,10,59,2610,5757.0,2610,5757.0
11,1,10,28,2060,7015.0,2060,7015.0
12,12,6,18,1777,4570.0,1777,4570.0
13,8,13,19,2002,4850.0,2002,4850.0
14,18,6,57,2586,6018.0,2586,6018.0
15,1,13,30,1883,4281.0,1883,4281.0
16,19,1,50,2454,5449.0,2454,5449.0
17,15,8,71,2408,6802.0,2408,6802.0
18,1,5,58,2011,6547.0,2011,6547.0
19,12,19,21,2486,6092.0,2486,6092.0
20,1,11,61,1878,5006.0,1878,5006.0
21,16,12,71,2537,7503.0,2537,7503.0
22,16,19,24,2231,7649.0,2231,7649.0
23,20,8,24,2338,6084.0,2338,6084.0
24,3,13,17,2324,6337.0,2324,6337.0
25,20,13,74,2505,5242.0,2505,5242.0
26,15,5,43,2397,6772.0,2397,6772.0
27,6,20,63,2289,6813.0,2289,6813.0
28,11,1,57,2379,4915.0,2379,4915.0
29,13,19,20,2271,6889.0,2271,6889.0
30,17,3,19,2483,7274.0,2483,7274.0
31,3,12,33,2015,5293.0,2015,5293.0
32,10,12,65,2302,6232.0,2302,6232.0
33,13,16,39,2425,6721.0,2425,6721.0
34,18,10,67,2400,6052.0,2400,6052.0
35,5,6,56,2179,4634.0,2179,4634.0
36,16,8,19,1921,5676.0,1921,5676.0
37,20,4,47,2146,7668.0,2146,7668.0
38,16,13,25,1917,4473.0,1917,4473.0
39,17,5,47,2353,5945.0,2353,5945.0
40,19,13,18,2470,5671.0,2470,5671.0
41,8,18,39,1948,3641.0,1948,3641.0
42,17,13,32,2346,6421.0,2346,6421.0
43,7,10,35,2288,6947.0,2288,6947.0
44,10,17,64,2093,3638.0,2093,3638.0
45,4,6,41,2156,5759.0,2156,5759.0
46,7,11,59,2062,4822.0,2062,4822.0
47,1,16,53,2390,5667.0,2390,5667.0
48,15,2,39,2245,6283.0,2245,6283.0
49,20,18,72,2509,5787.0,2509,5787.0
50,8,17,49,2196,4913.0,2196,4913.0
51,14,2,73,2464,5973.0,2464,5973.0
52,12,14,72,2476,5852.0,2476,5852.0
53,4,2,57,1862,5138.0,1862,5138.0
54,7,6,34,2407,5745.0,2407,5745.0
55,4,13,44,2020,6000.0,2020,6000.0
56,6,11,30,2001,5150.0,2001,5150.0
57,16,5,73,1800,6485.0,1800,6485.0
58,14,19,38,2103,5186.0,2103,5186.0
59,11,20,16,2165,4944.0,2165,4944.0
60,2,11,36,2335,4195.0,2335,4195.0
61,1,12,49,2200,6274.0,2200,6274.0
62,3,1,21,2734,5656.0,2734,5656.0
63,4,12,25,2126,5294.0,2126,5294.0
64,16,17,73,2547,7260.0,2547,7260.0
65,5,19,58,2341,6602.0,2341,6602.0
66,5,10,41,2351,7444.0,2351,7444.0
67,2,10,68,2416,5526.0,2416,5526.0
68,17,18,44,2485,6194.0,2485,6194.0
69,9,3,70,1972,7581.0,1972,7581.0
70,9,5,15,2322,6782.0,2322,6782.0
71,12,4,64,2673,6913.0,2673,6913.0
72,1,18,45,2291,5925.0,2291,5925.0
73,15,14,26,2394,5801.0,2394,5801.0
74,18,9,53,2471,4681.0,2471,4681.0
75,2,20,17,1735,3365.0,1735,3365.0
76,18,1,35,2555,5715.0,2555,5715.0
77,20,2,74,2174,5738.0,2174,5738.0
78,20,19,53,2257,6786.0,2257,6786.0
79,6,18,38,2203,5446.0,2203,5446.0
80,4,5,45,2368,4678.0,2368,4678.0
81,15,1,22,2185,5595.0,2185,5595.0
82,4,19,55,2117,3820.0,2117,3820.0
83,13,15,15,2109,5385.0,2109,5385.0
84,20,7,57,2839,5289.0,2839,5289.0
85,2,12,50,2267,4064.0,2267,4064.0
86,3,15,25,2231,5034.0,2231,5034.0
87,9,17,54,1987,5453.0,1987,5453.0
88,18,12,35,2450,4361.0,2450,4361.0
89,19,14,22,2322,4859.0,2322,4859.0
90,3,6,66,2002,5464.0,2002,5464.0
91,5,20,49,1685,4469.0,1685,4469.0
92,10,13,33,1907,4636.0,1907,4636.0
93,17,10,64,2333,6455.0,2333,6455.0
94,15,7,24,1831,4049.0,1831,4049.0
95,8,10,22,2106,6034.0,2106,6034.0
96,10,3,26,2469,4508.0,2469,4508.0
97,4,11,69,2173,5597.0,2173,5597.0
98,12,20,29,2299,3909.0,2299,3909.0
99,3,10,60,2460,7542.0,2460,7542.0
100,5,3,59,1755,5745.0,1755,5745.0
101,6,8,70,2343,7593.0,2343,7593.0
102,1,6,61,2446,6047.0,2446,6047.0
103,12,17,49,2443,6138.0,2443,6138.0
104,15,17,28,2068,5135.0,2068,5135.0
105,4,18,17,2684,5399.0,2684,5399.0
106,6,13,29,2259,7288.0,2259,7288.0
107,7,8,35,1932,6107.0,1932,6107.0
108,10,20,16,2399,5402.0,2399,5402.0
109,17,16,53,2130,4620.0,2130,4620.0
110,2,18,68,2088,4003.0,2088,4003.0
111,12,18,73,2809,5139.0,2809,5139.0
112,17,11,49,2202,4257.0,2202,4257.0
113,3,7,52,2516,4070.0,2516,4070.0
114,1,17,28,2013,3905.0,2013,3905.0
115,3,5,32,2436,7759.0,2436,7759.0
116,18,8,49,2164,5417.0,2164,5417.0
117,8,9,61,2183,4721.0,2183,4721.0
118,16,10,16,2172,8355.0,2172,8355.0
119,7,2,17,2263,6319.0,2263,6319.0
120,11,5,65,1783,4419.0,1783,4419.0
121,16,4,23,2431,7274.0,2431,7274.0
122,10,7,41,2074,4527.0,2074,4527.0
123,8,19,66,2044,5974.0,2044,5974.0
124,14,13,38,2351,6886.0,2351,6886.0
125,5,8,45,2370,4833.0,2370,4833.0
126,9,10,51,2352,7245.0,2352,7245.0
127,4,14,35,2484,5180.0,2484,5180.0
128,7,20,63,2160,4420.0,2160,4420.0
129,3,14,62,2035,4651.0,2035,4651.0
130,7,5,31,1814,6306.0,1814,6306.0
131,5,15,43,2113,3614.0,2113,3614.0
132,3,4,26,2301,6476.0,2301,6476.0
133,16,1,38,2656,6470.0,2656,6470.0
134,17,20,48,1948,5340.0,1948,5340.0
135,9,6,49,1756,5428.0,1756,5428.0
136,15,12,60,2523,6236.0,2523,6236.0
137,16,18,20,2098,5917.0,2098,5917.0
138,3,2,41,2168,6382.0,2168,6382.0
139,8,4,51,2230,6257.0,2230,6257.0
140,2,4,63,2082,6079.0,2082,6079.0
141,19,16,72,1959,4669.0,1959,4669.0
142,7,9,60,2217,5140.0,2217,5140.0
143,12,9,57,2919,4614.0,2919,4614.0
144,3,19,48,1897,6094.0,1897,6094.0
145,1,4,42,2301,7719.0,2301,7719.0
146,13,2,23,2634,5674.0,2634,5674.0
147,15,3,60,1860,5605.0,1860,5605.0
148,18,15,66,1597,4330.0,1597,4330.0
149,8,20,32,2465,4780.0,2465,4780.0
150,9,16,48,1788,6361.0,1788,6361.0
151,16,15,59,2516,5665.0,2516,5665.0
152,16,3,35,2182,7648.0,2182,7648.0
153,8,2,36,2208,4513.0,2208,4513.0
154,20,11,41,2609,6226.0,2609,6226.0
155,2,16,74,2532,5028.0,2532,5028.0
156,15,11,43,2099,5566.0,2099,5566.0
157,18,20,31,2485,4871.0,2485,4871.0
158,18,2,41,2239,5577.0,2239,5577.0
159,8,7,68,2405,5440.0,2405,5440.0
160,12,16,52,1976,5707.0,1976,5707.0
161,7,3,42,1960,6271.0,1960,6271.0
162,12,13,19,2192,4966.0,2192,4966.0
163,12,1,35,2332,5876.0,2332,5876.0
164,16,7,31,2445,6794.0,2445,6794.0
165,10,4,67,2593,7441.0,2593,7441.0
166,17,6,67,2042,5661.0,2042,5661.0
167,3,18,31,2393,5991.0,2393,5991.0
168,8,15,56,2311,4207.0,2311,4207.0
169,14,20,40,1979,6677.0,1979,6677.0
170,19,9,72,1725,3221.0,1725,3221.0
171,17,7,19,2145,4459.0,2145,4459.0
172,14,5,17,2340,6270.0,2340,6270.0
173,7,14,16,2274,5386.0,2274,5386.0
174,2,8,45,2052,5414.0,2052,5414.0
175,17,14,34,2420,5553.0,2420,5553.0
176,5,4,62,2093,7426.0,2093,7426.0
177,6,12,56,2299,5954.0,2299,5954.0
178,15,9,16,2197,5220.0,2197,5220.0
179,2,1,55,2562,5163.0,2562,5163.0
180,5,12,37,2314,5807.0,2314,5807.0
181,19,18,21,2115,4572.0,2115,4572.0
182,4,9,65,2404,4399.0,2404,4399.0
183,6,19,43,1863,6201.0,1863,6201.0
184,20,17,26,2133,5398.0,2133,5398.0
185,1,20,69,2183,5002.0,2183,5002.0
186,1,14,23,2110,5692.0,2110,5692.0
187,20,10,45,2594,6609.0,2594,6609.0
188,7,4,51,1996,6970.0,1996,6970.0
189,14,10,35,2161,7227.0,2161,7227.0
190,19,12,48,2449,5292.0,2449,5292.0
191,14,1,63,2252,7100.0,2252,7100.0
192,4,15,54,2042,3769.0,2042,3769.0
193,4,8,51,2433,4966.0,2433,4966.0
194,1,19,69,3021,6869.0,3021,6869.0
195,7,17,59,2602,4420.0,2602,4420.0
196,3,17,57,2422,4482.0,2422,4482.0
197,8,3,17,2012,6572.0,2012,6572.0
198,9,20,67,2269,5957.0,2269,5957.0
199,16,6,74,2323,6837.0,2323,6837.0
horizon=1671
