NODES,30
1,1,-,-
2,2,-,-
3,3,-,-
4,4,-,-
5,5,-,-
6,6,-,-
7,7,-,-
8,8,-,-
9,9,-,-
10,10,-,-
11,11,-,-
12,12,-,-
13,13,-,-
14,14,-,-
15,15,-,-
16,16,-,-
17,17,-,-
18,18,-,-
19,19,-,-
20,20,-,-
21,21,-,-
22,22,-,-
23,23,-,-
24,24,-,-
25,25,-,-
26,26,-,-
27,27,-,-
28,28,-,-
29,29,-,-
30,30,-,-
ARCS,520
0,1,18,7,564,612,1026.0,1026,1026.0
1,1,6,2,383,374,697.0,697,697.0
2,1,27,3,513,157,933.0,933,933.0
3,1,19,2,181,545,330.0,330,330.0
4,1,30,7,145,637,264.0,264,264.0
5,1,20,2,600,687,1091.0,1091,1091.0
6,1,25,9,94,279,171.0,171,171.0
7,1,4,4,73,640,133.0,133,133.0
8,1,21,2,420,220,764.0,764,764.0
9,1,16,4,477,182,868.0,868,868.0
10,1,29,6,644,532,1171.0,1171,1171.0
11,1,8,9,131,300,239.0,239,239.0
12,2,17,3,159,272,290.0,290,290.0
13,2,10,9,600,354,1091.0,1091,1091.0
14,2,15,2,622,310,1131.0,1131,1131.0
15,2,13,7,542,462,986.0,986,986.0
16,2,19,9,152,373,277.0,277,277.0
17,2,14,4,261,612,475.0,475,475.0
18,2,20,5,485,393,882.0,882,882.0
19,2,9,2,210,655,382.0,382,382.0
20,2,11,6,615,644,1119.0,1119,1119.0
21,2,16,5,607,189,1104.0,1104,1104.0
22,2,26,4,275,417,500.0,500,500.0
23,2,5,8,535,163,973.0,973,973.0
24,2,27,5,535,412,973.0,973,973.0
25,2,12,5,521,685,948.0,948,948.0
26,2,18,4,391,722,711.0,711,711.0
27,3,20,1,586,682,1066.0,1066,1066.0
28,3,16,4,672,681,1222.0,1222,1222.0
29,3,24,4,644,513,1171.0,1171,1171.0
30,3,17,5,311,244,566.0,566,566.0
31,3,5,8,427,558,777.0,777,777.0
32,3,29,4,644,647,1171.0,1171,1171.0
33,3,28,6,210,639,382.0,382,382.0
34,3,7,7,441,626,802.0,802,802.0
35,3,13,2,87,373,159.0,159,159.0
36,3,25,4,268,155,488.0,488,488.0
37,3,22,3,239,520,435.0,435,435.0
38,3,18,5,615,723,1119.0,1119,1119.0
39,3,14,3,441,374,802.0,802,802.0
40,3,11,6,571,437,1039.0,1039,1039.0
41,3,19,5,593,415,1079.0,1079,1079.0
42,3,27,3,672,580,1222.0,1222,1222.0
43,3,12,9,427,716,777.0,777,777.0
44,3,6,8,528,392,960.0,960,960.0
45,3,8,9,593,395,1079.0,1079,1079.0
46,3,15,9,470,344,855.0,855,855.0
47,3,4,5,571,561,1039.0,1039,1039.0
48,3,10,1,87,182,159.0,159,159.0
49,3,9,2,672,360,1222.0,1222,1222.0
50,3,1,3,224,507,408.0,408,408.0
51,4,11,8,398,440,724.0,724,724.0
52,4,10,8,456,456,830.0,830,830.0
53,4,1,8,644,680,1171.0,1171,1171.0
54,4,21,2,217,317,395.0,395,395.0
55,4,23,6,557,469,1013.0,1013,1013.0
56,4,27,1,333,496,606.0,606,606.0
57,4,24,5,528,325,960.0,960,960.0
58,4,28,7,145,234,264.0,264,264.0
59,4,30,9,456,440,830.0,830,830.0
60,4,9,1,217,227,395.0,395,395.0
61,4,3,3,521,370,948.0,948,948.0
62,4,17,7,665,659,1210.0,1210,1210.0
63,4,13,2,521,148,948.0,948,948.0
64,5,12,6,369,291,671.0,671,671.0
65,5,2,2,203,329,370.0,370,370.0
66,5,30,4,636,439,1157.0,1157,1157.0
67,5,19,6,87,550,159.0,159,159.0
68,5,13,1,188,700,342.0,342,342.0
69,5,22,5,636,685,1157.0,1157,1157.0
70,5,4,5,268,713,488.0,488,488.0
71,5,10,7,456,176,830.0,830,830.0
72,5,26,6,535,399,973.0,973,973.0
73,5,25,9,528,284,960.0,960,960.0
74,5,3,6,304,590,553.0,553,553.0
75,5,8,1,506,231,920.0,920,920.0
76,5,27,4,441,246,802.0,802,802.0
77,5,24,6,557,634,1013.0,1013,1013.0
78,5,21,3,448,465,815.0,815,815.0
79,6,11,9,138,195,251.0,251,251.0
80,6,30,5,521,504,948.0,948,948.0
81,6,1,8,383,682,697.0,697,697.0
82,6,19,8,326,344,593.0,593,593.0
83,6,3,8,578,195,1051.0,1051,1051.0
84,6,10,5,434,201,790.0,790,790.0
85,6,22,5,391,284,711.0,711,711.0
86,6,4,2,73,258,133.0,133,133.0
87,6,26,6,275,147,500.0,500,500.0
88,6,18,2,268,459,488.0,488,488.0
89,6,27,5,405,243,737.0,737,737.0
90,6,17,9,600,228,1091.0,1091,1091.0
91,6,28,1,398,157,724.0,724,724.0
92,6,14,4,232,338,422.0,422,422.0
93,6,16,5,376,493,684.0,684,684.0
94,6,5,1,564,680,1026.0,1026,1026.0
95,7,23,9,87,222,159.0,159,159.0
96,7,11,6,420,631,764.0,764,764.0
97,7,8,8,600,298,1091.0,1091,1091.0
98,7,26,5,340,297,619.0,619,619.0
99,7,27,8,80,607,146.0,146,146.0
100,7,20,5,369,481,671.0,671,671.0
101,7,22,9,644,604,1171.0,1171,1171.0
102,7,3,7,347,436,631.0,631,631.0
103,7,24,5,593,526,1079.0,1079,1079.0
104,7,10,4,398,491,724.0,724,724.0
105,7,9,9,622,671,1131.0,1131,1131.0
106,7,1,3,564,272,1026.0,1026,1026.0
107,8,14,4,694,206,1262.0,1262,1262.0
108,8,30,6,102,325,186.0,186,186.0
109,8,9,7,571,212,1039.0,1039,1039.0
110,8,17,8,448,231,815.0,815,815.0
111,8,25,6,232,215,422.0,422,422.0
112,8,4,5,701,513,1275.0,1275,1275.0
113,8,27,9,557,452,1013.0,1013,1013.0
114,8,13,7,188,314,342.0,342,342.0
115,8,26,3,152,487,277.0,277,277.0
116,8,10,2,123,332,224.0,224,224.0
117,8,19,6,593,666,1079.0,1079,1079.0
118,8,28,3,80,453,146.0,146,146.0
119,8,11,1,701,278,1275.0,1275,1275.0
120,8,2,7,217,682,395.0,395,395.0
121,8,16,7,434,218,790.0,790,790.0
122,8,7,7,174,582,317.0,317,317.0
123,8,12,6,680,260,1237.0,1237,1237.0
124,8,6,7,644,417,1171.0,1171,1171.0
125,8,20,6,593,478,1079.0,1079,1079.0
126,8,24,7,391,268,711.0,711,711.0
127,8,22,4,492,317,895.0,895,895.0
128,8,3,2,658,586,1197.0,1197,1197.0
129,8,5,4,145,358,264.0,264,264.0
130,8,15,1,261,363,475.0,475,475.0
131,8,18,4,644,459,1171.0,1171,1171.0
132,9,16,2,535,387,973.0,973,973.0
133,9,4,6,224,252,408.0,408,408.0
134,9,17,6,513,306,933.0,933,933.0
135,9,11,3,694,379,1262.0,1262,1262.0
136,9,27,6,362,411,659.0,659,659.0
137,9,13,6,116,348,211.0,211,211.0
138,9,26,8,593,608,1079.0,1079,1079.0
139,9,25,7,427,176,777.0,777,777.0
140,9,24,6,463,408,842.0,842,842.0
141,9,6,1,224,710,408.0,408,408.0
142,9,3,9,80,447,146.0,146,146.0
143,9,5,6,672,312,1222.0,1222,1222.0
144,9,8,8,644,636,1171.0,1171,1171.0
145,9,2,8,311,268,566.0,566,566.0
146,9,19,6,311,482,566.0,566,566.0
147,9,7,6,369,728,671.0,671,671.0
148,9,29,1,289,345,526.0,526,526.0
149,9,10,3,405,269,737.0,737,737.0
150,9,20,3,448,415,815.0,815,815.0
151,9,14,1,571,430,1039.0,1039,1039.0
152,9,21,2,535,513,973.0,973,973.0
153,9,18,6,463,522,842.0,842,842.0
154,10,3,4,644,618,1171.0,1171,1171.0
155,10,24,5,246,534,448.0,448,448.0
156,10,9,8,275,526,500.0,500,500.0
157,10,6,5,456,680,830.0,830,830.0
158,10,29,9,232,278,422.0,422,422.0
159,10,11,2,253,551,460.0,460,460.0
160,10,23,2,535,233,973.0,973,973.0
161,10,26,7,152,338,277.0,277,277.0
162,10,4,5,434,211,790.0,790,790.0
163,10,22,9,463,552,842.0,842,842.0
164,10,2,9,463,320,842.0,842,842.0
165,10,7,6,644,203,1171.0,1171,1171.0
166,10,30,6,152,411,277.0,277,277.0
167,10,14,6,557,694,1013.0,1013,1013.0
168,10,15,4,420,437,764.0,764,764.0
169,11,20,2,102,221,186.0,186,186.0
170,11,18,4,658,688,1197.0,1197,1197.0
171,11,3,1,224,428,408.0,408,408.0
172,11,21,3,644,452,1171.0,1171,1171.0
173,11,7,8,694,171,1262.0,1262,1262.0
174,11,5,8,420,215,764.0,764,764.0
175,11,12,2,362,443,659.0,659,659.0
176,11,17,7,275,344,500.0,500,500.0
177,11,16,1,355,411,646.0,646,646.0
178,11,26,8,275,450,500.0,500,500.0
179,11,9,7,239,370,435.0,435,435.0
180,11,6,2,268,408,488.0,488,488.0
181,11,25,5,571,345,1039.0,1039,1039.0
182,11,4,5,506,571,920.0,920,920.0
183,11,15,4,716,599,1302.0,1302,1302.0
184,11,24,5,535,547,973.0,973,973.0
185,11,8,9,420,307,764.0,764,764.0
186,11,29,9,593,471,1079.0,1079,1079.0
187,11,1,2,709,199,1290.0,1290,1290.0
188,12,21,8,131,637,239.0,239,239.0
189,12,27,9,347,335,631.0,631,631.0
190,12,6,4,138,681,251.0,251,251.0
191,12,8,4,318,564,579.0,579,579.0
192,12,5,8,658,414,1197.0,1197,1197.0
193,12,24,1,181,696,330.0,330,330.0
194,12,10,2,506,707,920.0,920,920.0
195,12,16,8,80,582,146.0,146,146.0
196,12,13,6,680,515,1237.0,1237,1237.0
197,12,30,2,672,259,1222.0,1222,1222.0
198,12,11,7,448,520,815.0,815,815.0
199,12,17,6,304,577,553.0,553,553.0
200,12,25,1,203,669,370.0,370,370.0
201,12,2,7,282,590,513.0,513,513.0
202,12,4,1,152,266,277.0,277,277.0
203,12,3,6,651,665,1184.0,1184,1184.0
204,12,22,8,383,382,697.0,697,697.0
205,13,5,9,593,220,1079.0,1079,1079.0
206,13,26,9,188,444,342.0,342,342.0
207,13,17,8,506,319,920.0,920,920.0
208,13,20,3,622,276,1131.0,1131,1131.0
209,13,23,8,651,682,1184.0,1184,1184.0
210,13,3,1,398,211,724.0,724,724.0
211,13,27,9,607,453,1104.0,1104,1104.0
212,13,9,9,224,192,408.0,408,408.0
213,13,25,1,145,615,264.0,264,264.0
214,13,8,6,716,453,1302.0,1302,1302.0
215,13,6,5,513,447,933.0,933,933.0
216,13,16,8,665,161,1210.0,1210,1210.0
217,13,7,4,347,440,631.0,631,631.0
218,13,24,8,694,678,1262.0,1262,1262.0
219,14,24,3,456,715,830.0,830,830.0
220,14,16,3,615,663,1119.0,1119,1119.0
221,14,17,1,492,182,895.0,895,895.0
222,14,8,1,542,682,986.0,986,986.0
223,14,6,3,615,430,1119.0,1119,1119.0
224,14,15,8,131,471,239.0,239,239.0
225,14,10,5,340,411,619.0,619,619.0
226,14,19,8,528,361,960.0,960,960.0
227,14,29,8,253,512,460.0,460,460.0
228,14,2,1,289,320,526.0,526,526.0
229,14,25,1,513,189,933.0,933,933.0
230,14,4,5,102,498,186.0,186,186.0
231,14,23,6,564,387,1026.0,1026,1026.0
232,14,9,4,456,342,830.0,830,830.0
233,14,30,1,398,355,724.0,724,724.0
234,14,1,3,492,298,895.0,895,895.0
235,14,18,5,174,525,317.0,317,317.0
236,14,12,6,665,173,1210.0,1210,1210.0
237,14,27,8,376,477,684.0,684,684.0
238,14,13,3,80,709,146.0,146,146.0
239,15,19,3,333,376,606.0,606,606.0
240,15,26,7,232,285,422.0,422,422.0
241,15,16,4,217,147,395.0,395,395.0
242,15,10,2,716,646,1302.0,1302,1302.0
243,15,21,1,239,295,435.0,435,435.0
244,15,18,2,687,720,1250.0,1250,1250.0
245,15,14,1,448,665,815.0,815,815.0
246,15,28,2,492,276,895.0,895,895.0
247,15,25,1,333,268,606.0,606,606.0
248,15,13,3,174,404,317.0,317,317.0
249,15,29,5,492,370,895.0,895,895.0
250,15,2,7,318,488,579.0,579,579.0
251,15,4,5,333,618,606.0,606,606.0
252,15,9,5,622,170,1131.0,1131,1131.0
253,15,27,5,528,458,960.0,960,960.0
254,15,23,5,333,598,606.0,606,606.0
255,15,30,5,123,447,224.0,224,224.0
256,15,24,3,362,430,659.0,659,659.0
257,15,1,8,441,364,802.0,802,802.0
258,16,21,6,196,450,357.0,357,357.0
259,16,30,5,615,710,1119.0,1119,1119.0
260,16,11,1,694,703,1262.0,1262,1262.0
261,16,23,6,210,713,382.0,382,382.0
262,16,24,9,109,690,199.0,199,199.0
263,16,17,7,246,186,448.0,448,448.0
264,16,6,9,434,653,790.0,790,790.0
265,16,13,1,463,690,842.0,842,842.0
266,16,2,2,289,647,526.0,526,526.0
267,16,14,8,694,196,1262.0,1262,1262.0
268,16,12,9,412,395,750.0,750,750.0
269,16,18,2,578,547,1051.0,1051,1051.0
270,16,3,7,680,661,1237.0,1237,1237.0
271,16,1,7,420,455,764.0,764,764.0
272,16,10,8,102,468,186.0,186,186.0
273,17,15,3,644,272,1171.0,1171,1171.0
274,17,9,8,434,481,790.0,790,790.0
275,17,25,8,282,434,513.0,513,513.0
276,17,23,4,318,517,579.0,579,579.0
277,17,12,8,232,709,422.0,422,422.0
278,17,7,4,665,236,1210.0,1210,1210.0
279,17,27,3,340,368,619.0,619,619.0
280,17,18,7,326,592,593.0,593,593.0
281,17,5,3,203,493,370.0,370,370.0
282,17,28,9,167,665,304.0,304,304.0
283,17,6,4,607,636,1104.0,1104,1104.0
284,17,13,2,636,411,1157.0,1157,1157.0
285,17,21,5,355,725,646.0,646,646.0
286,17,16,1,210,420,382.0,382,382.0
287,17,26,2,716,674,1302.0,1302,1302.0
288,17,3,3,333,420,606.0,606,606.0
289,17,10,2,521,655,948.0,948,948.0
290,17,14,8,333,577,606.0,606,606.0
291,18,30,4,289,655,526.0,526,526.0
292,18,12,2,311,515,566.0,566,566.0
293,18,13,5,239,347,435.0,435,435.0
294,18,9,5,600,218,1091.0,1091,1091.0
295,18,7,3,289,544,526.0,526,526.0
296,18,29,7,268,567,488.0,488,488.0
297,18,24,2,492,634,895.0,895,895.0
298,18,23,8,470,560,855.0,855,855.0
299,18,22,6,535,271,973.0,973,973.0
300,18,3,8,131,398,239.0,239,239.0
301,18,14,3,232,611,422.0,422,422.0
302,18,11,5,636,266,1157.0,1157,1157.0
303,18,20,8,217,666,395.0,395,395.0
304,18,21,6,528,725,960.0,960,960.0
305,18,10,2,665,488,1210.0,1210,1210.0
306,18,4,5,203,729,370.0,370,370.0
307,18,15,8,586,269,1066.0,1066,1066.0
308,18,28,8,87,345,159.0,159,159.0
309,18,2,7,557,310,1013.0,1013,1013.0
310,18,26,5,253,650,460.0,460,460.0
311,18,6,3,116,707,211.0,211,211.0
312,19,29,5,131,347,239.0,239,239.0
313,19,11,7,405,523,737.0,737,737.0
314,19,7,9,131,460,239.0,239,239.0
315,19,22,3,289,237,526.0,526,526.0
316,19,18,8,398,208,724.0,724,724.0
317,19,23,4,535,215,973.0,973,973.0
318,19,27,9,622,593,1131.0,1131,1131.0
319,19,24,8,629,459,1144.0,1144,1144.0
320,19,15,3,398,631,724.0,724,724.0
321,19,9,9,651,198,1184.0,1184,1184.0
322,19,25,5,188,357,342.0,342,342.0
323,19,21,8,347,198,631.0,631,631.0
324,19,6,6,217,453,395.0,395,395.0
325,19,28,1,123,479,224.0,224,224.0
326,19,3,4,499,696,908.0,908,908.0
327,19,17,7,477,639,868.0,868,868.0
328,19,10,6,203,675,370.0,370,370.0
329,20,6,9,217,453,395.0,395,395.0
330,20,14,6,434,617,790.0,790,790.0
331,20,17,7,80,241,146.0,146,146.0
332,20,18,5,477,614,868.0,868,868.0
333,20,11,8,456,393,830.0,830,830.0
334,20,12,6,607,326,1104.0,1104,1104.0
335,20,24,2,701,455,1275.0,1275,1275.0
336,20,26,6,456,224,830.0,830,830.0
337,20,7,4,636,234,1157.0,1157,1157.0
338,20,2,8,116,252,211.0,211,211.0
339,20,13,4,311,293,566.0,566,566.0
340,20,27,3,347,447,631.0,631,631.0
341,20,29,9,427,217,777.0,777,777.0
342,20,22,9,333,491,606.0,606,606.0
343,20,8,1,289,203,526.0,526,526.0
344,21,2,2,188,618,342.0,342,342.0
345,21,25,2,116,274,211.0,211,211.0
346,21,9,9,571,487,1039.0,1039,1039.0
347,21,29,6,253,567,460.0,460,460.0
348,21,24,9,246,494,448.0,448,448.0
349,21,3,9,333,456,606.0,606,606.0
350,21,30,2,347,154,631.0,631,631.0
351,21,15,2,694,571,1262.0,1262,1262.0
352,21,26,6,318,536,579.0,579,579.0
353,21,16,1,261,189,475.0,475,475.0
354,21,17,1,232,385,422.0,422,422.0
355,21,1,1,123,409,224.0,224,224.0
356,21,5,2,224,639,408.0,408,408.0
357,21,20,3,420,366,764.0,764,764.0
358,21,6,6,615,209,1119.0,1119,1119.0
359,21,10,5,109,274,199.0,199,199.0
360,21,27,9,174,662,317.0,317,317.0
361,21,13,7,622,341,1131.0,1131,1131.0
362,21,8,1,159,173,290.0,290,290.0
363,22,16,9,571,663,1039.0,1039,1039.0
364,22,27,8,109,604,199.0,199,199.0
365,22,3,8,477,621,868.0,868,868.0
366,22,24,2,644,155,1171.0,1171,1171.0
367,22,2,4,333,231,606.0,606,606.0
368,22,11,9,340,425,619.0,619,619.0
369,22,13,5,672,281,1222.0,1222,1222.0
370,22,5,6,261,710,475.0,475,475.0
371,22,8,8,391,182,711.0,711,711.0
372,22,20,9,282,643,513.0,513,513.0
373,22,30,9,102,696,186.0,186,186.0
374,22,4,2,680,519,1237.0,1237,1237.0
375,22,18,4,701,370,1275.0,1275,1275.0
376,22,21,9,181,621,330.0,330,330.0
377,22,14,6,333,656,606.0,606,606.0
378,22,6,1,123,693,224.0,224,224.0
379,22,10,5,680,481,1237.0,1237,1237.0
380,22,17,3,282,519,513.0,513,513.0
381,22,12,5,521,482,948.0,948,948.0
382,22,25,5,420,463,764.0,764,764.0
383,22,9,1,701,271,1275.0,1275,1275.0
384,23,24,8,275,335,500.0,500,500.0
385,23,3,1,716,684,1302.0,1302,1302.0
386,23,17,8,542,294,986.0,986,986.0
387,23,11,9,593,164,1079.0,1079,1079.0
388,23,9,8,318,542,579.0,579,579.0
389,23,1,4,253,706,460.0,460,460.0
390,23,25,7,485,566,882.0,882,882.0
391,23,20,1,80,681,146.0,146,146.0
392,23,13,6,383,358,697.0,697,697.0
393,23,28,8,434,726,790.0,790,790.0
394,23,22,3,304,548,553.0,553,553.0
395,23,10,4,398,203,724.0,724,724.0
396,23,29,5,102,545,186.0,186,186.0
397,24,14,9,441,614,802.0,802,802.0
398,24,26,1,535,658,973.0,973,973.0
399,24,23,3,210,335,382.0,382,382.0
400,24,19,2,513,249,933.0,933,933.0
401,24,1,7,557,571,1013.0,1013,1013.0
402,24,18,1,239,336,435.0,435,435.0
403,24,10,8,232,719,422.0,422,422.0
404,24,13,8,672,290,1222.0,1222,1222.0
405,24,29,1,694,650,1262.0,1262,1262.0
406,24,15,5,80,395,146.0,146,146.0
407,24,28,5,557,519,1013.0,1013,1013.0
408,24,22,3,289,373,526.0,526,526.0
409,24,21,8,239,183,435.0,435,435.0
410,24,3,7,87,201,159.0,159,159.0
411,24,6,7,427,259,777.0,777,777.0
412,24,4,8,564,274,1026.0,1026,1026.0
413,24,27,3,593,539,1079.0,1079,1079.0
414,25,2,5,716,186,1302.0,1302,1302.0
415,25,14,7,434,166,790.0,790,790.0
416,25,15,6,174,179,317.0,317,317.0
417,25,12,9,709,566,1290.0,1290,1290.0
418,25,16,1,326,652,593.0,593,593.0
419,25,21,7,239,288,435.0,435,435.0
420,25,6,8,87,570,159.0,159,159.0
421,25,18,1,123,460,224.0,224,224.0
422,25,24,8,347,532,631.0,631,631.0
423,25,26,6,658,323,1197.0,1197,1197.0
424,25,10,5,355,366,646.0,646,646.0
425,25,7,3,571,298,1039.0,1039,1039.0
426,25,9,9,347,434,631.0,631,631.0
427,25,13,3,564,567,1026.0,1026,1026.0
428,25,28,5,73,450,133.0,133,133.0
429,25,20,6,174,446,317.0,317,317.0
430,25,30,1,398,481,724.0,724,724.0
431,25,3,4,499,490,908.0,908,908.0
432,25,5,5,282,618,513.0,513,513.0
433,25,8,4,318,373,579.0,579,579.0
434,26,23,8,701,564,1275.0,1275,1275.0
435,26,29,5,174,573,317.0,317,317.0
436,26,18,6,123,317,224.0,224,224.0
437,26,22,4,550,550,1000.0,1000,1000.0
438,26,11,8,470,487,855.0,855,855.0
439,26,1,1,196,729,357.0,357,357.0
440,26,12,3,550,458,1000.0,1000,1000.0
441,26,8,3,593,685,1079.0,1079,1079.0
442,26,3,1,434,497,790.0,790,790.0
443,26,25,3,383,440,697.0,697,697.0
444,26,7,1,578,589,1051.0,1051,1051.0
445,26,21,1,362,723,659.0,659,659.0
446,26,4,3,427,463,777.0,777,777.0
447,26,16,4,600,472,1091.0,1091,1091.0
448,26,13,5,521,335,948.0,948,948.0
449,26,2,2,275,249,500.0,500,500.0
450,26,28,8,586,341,1066.0,1066,1066.0
451,26,6,6,694,367,1262.0,1262,1262.0
452,27,15,9,412,576,750.0,750,750.0
453,27,2,4,535,639,973.0,973,973.0
454,27,3,8,369,477,671.0,671,671.0
455,27,20,8,636,199,1157.0,1157,1157.0
456,27,21,4,622,536,1131.0,1131,1131.0
457,27,25,3,528,458,960.0,960,960.0
458,27,4,5,571,440,1039.0,1039,1039.0
459,27,26,4,456,490,830.0,830,830.0
460,27,16,1,615,604,1119.0,1119,1119.0
461,27,18,8,405,431,737.0,737,737.0
462,27,6,7,528,558,960.0,960,960.0
463,27,30,9,571,462,1039.0,1039,1039.0
464,27,24,4,224,423,408.0,408,408.0
465,27,28,6,282,164,513.0,513,513.0
466,27,14,3,167,399,304.0,304,304.0
467,27,8,8,275,653,500.0,500,500.0
468,27,12,9,636,322,1157.0,1157,1157.0
469,27,19,8,528,230,960.0,960,960.0
470,27,10,7,615,331,1119.0,1119,1119.0
471,28,26,4,246,290,448.0,448,448.0
472,28,19,2,550,599,1000.0,1000,1000.0
473,28,18,6,261,420,475.0,475,475.0
474,28,17,2,261,215,475.0,475,475.0
475,28,23,4,376,431,684.0,684,684.0
476,28,6,1,398,538,724.0,724,724.0
477,28,30,6,239,642,435.0,435,435.0
478,28,1,1,217,668,395.0,395,395.0
479,28,2,7,513,171,933.0,933,933.0
480,28,13,7,709,479,1290.0,1290,1290.0
481,28,9,5,383,706,697.0,697,697.0
482,28,5,6,152,726,277.0,277,277.0
483,28,10,5,485,344,882.0,882,882.0
484,28,4,8,217,650,395.0,395,395.0
485,28,14,5,282,282,513.0,513,513.0
486,28,8,6,694,531,1262.0,1262,1262.0
487,29,20,5,73,498,133.0,133,133.0
488,29,28,4,340,515,619.0,619,619.0
489,29,8,6,311,634,566.0,566,566.0
490,29,1,6,672,436,1222.0,1222,1222.0
491,29,5,8,542,167,986.0,986,986.0
492,29,15,1,550,414,1000.0,1000,1000.0
493,29,12,5,571,203,1039.0,1039,1039.0
494,29,26,4,535,677,973.0,973,973.0
495,29,27,7,369,180,671.0,671,671.0
496,29,17,9,521,225,948.0,948,948.0
497,29,18,3,542,576,986.0,986,986.0
498,29,24,2,658,345,1197.0,1197,1197.0
499,29,11,4,261,255,475.0,475,475.0
500,29,16,2,203,469,370.0,370,370.0
501,29,9,5,521,385,948.0,948,948.0
502,29,10,9,246,450,448.0,448,448.0
503,30,10,4,138,279,251.0,251,251.0
504,30,4,1,80,379,146.0,146,146.0
505,30,15,2,716,555,1302.0,1302,1302.0
506,30,8,9,224,423,408.0,408,408.0
507,30,23,9,224,252,408.0,408,408.0
508,30,3,6,333,212,606.0,606,606.0
509,30,1,9,297,411,540.0,540,540.0
510,30,29,9,615,726,1119.0,1119,1119.0
511,30,5,8,109,658,199.0,199,199.0
512,30,19,8,210,427,382.0,382,382.0
513,30,27,1,499,481,908.0,908,908.0
514,30,26,3,246,725,448.0,448,448.0
515,30,9,1,232,171,422.0,422,422.0
516,30,13,4,506,393,920.0,920,920.0
517,30,28,9,246,399,448.0,448,448.0
518,30,18,2,369,393,671.0,671,671.0
519,30,2,7,261,333,475.0,475,475.0
COMMODITIES,400
0,4,23,71,546,1627.0,546,1627.0
1,19,17,19,555,1253.0,555,1253.0
2,19,20,24,666,1147.0,666,1147.0
3,6,15,57,607,1473.0,607,1473.0
4,16,29,49,639,1332.0,639,1332.0
5,9,8,38,597,1569.0,597,1569.0
6,11,6,49,554,1221.0,554,1221.0
7,5,12,41,592,1431.0,592,1431.0
8,5,9,74,627,1571.0,627,1571.0
9,29,2,23,695,1181.0,695,1181.0
10,15,9,41,692,1504.0,692,1504.0
11,6,2,20,650,1452.0,650,1452.0
12,1,30,37,598,1021.0,598,1021.0
13,17,29,21,675,1583.0,675,1583.0
14,26,2,58,544,1219.0,544,1219.0
15,21,15,46,654,1380.0,654,1380.0
16,2,16,45,607,1420.0,607,1420.0
17,19,4,55,615,1347.0,615,1347.0
18,22,5,59,654,1185.0,654,1185.0
19,24,2,44,640,1484.0,640,1484.0
20,27,15,40,585,1309.0,585,1309.0
21,30,10,52,655,1098.0,655,1098.0
22,20,25,56,637,1450.0,637,1450.0
23,26,16,18,766,1609.0,766,1609.0
24,25,19,53,646,1362.0,646,1362.0
25,5,15,32,642,1607.0,642,1607.0
26,11,4,62,530,1307.0,530,1307.0
27,1,29,38,564,1253.0,564,1253.0
28,13,6,43,583,1159.0,583,1159.0
29,18,15,71,497,1320.0,497,1320.0
30,22,13,18,598,1393.0,598,1393.0
31,23,15,53,616,1416.0,616,1416.0
32,25,28,37,579,863.0,579,863.0
33,13,20,31,526,1300.0,526,1300.0
34,4,19,34,632,1483.0,632,1483.0
35,6,12,70,731,1770.0,731,1770.0
36,23,30,28,648,1596.0,648,1596.0
37,8,21,53,574,1455.0,574,1455.0
38,18,30,48,696,1378.0,696,1378.0
39,19,10,27,546,1098.0,546,1098.0
40,17,6,57,603,1406.0,603,1406.0
41,18,27,49,493,1296.0,493,1296.0
42,21,24,30,643,1233.0,643,1233.0
43,23,16,33,646,1369.0,646,1369.0
44,12,28,34,562,1202.0,562,1202.0
45,5,27,58,691,1386.0,691,1386.0
46,23,3,61,692,1482.0,692,1482.0
47,17,9,54,532,1502.0,532,1502.0
48,9,16,19,586,1610.0,586,1610.0
49,7,26,27,640,1425.0,640,1425.0
50,7,13,71,564,1319.0,564,1319.0
51,9,18,28,609,1445.0,609,1445.0
52,22,19,58,595,1249.0,595,1249.0
53,27,7,30,718,1684.0,718,1684.0
54,8,14,34,571,1391.0,571,1391.0
55,16,7,28,643,1804.0,643,1804.0
56,2,29,52,553,1216.0,553,1216.0
57,25,5,72,529,1127.0,529,1127.0
58,17,14,44,565,1328.0,565,1328.0
59,18,14,21,641,1240.0,641,1240.0
60,2,15,71,567,1496.0,567,1496.0
61,7,18,53,575,1481.0,575,1481.0
62,5,3,33,629,1342.0,629,1342.0
63,20,9,38,643,1382.0,643,1382.0
64,28,3,53,689,1593.0,689,1593.0
65,11,18,54,569,1472.0,569,1472.0
66,28,17,39,639,1304.0,639,1304.0
67,2,25,73,726,1503.0,726,1503.0
68,9,28,54,610,1293.0,610,1293.0
69,25,15,73,505,986.0,505,986.0
70,1,14,51,552,1441.0,552,1441.0
71,16,26,61,614,1243.0,614,1243.0
72,7,27,53,615,906.0,615,906.0
73,25,27,70,597,1505.0,597,1505.0
74,6,23,43,609,1738.0,609,1738.0
75,8,26,29,609,1031.0,609,1031.0
76,29,25,20,592,1556.0,592,1556.0
77,18,4,17,736,1239.0,736,1239.0
78,27,16,37,506,1640.0,506,1640.0
79,17,20,37,716,1593.0,716,1593.0
80,3,9,55,522,1288.0,522,1288.0
81,23,2,58,577,1102.0,577,1102.0
82,26,11,49,616,1446.0,616,1446.0
83,4,21,30,761,1277.0,761,1277.0
84,11,14,54,717,1713.0,717,1713.0
85,17,11,61,487,1552.0,487,1552.0
86,9,12,28,576,1626.0,576,1626.0
87,2,5,30,611,1401.0,611,1401.0
88,11,10,52,710,1459.0,710,1459.0
89,2,19,73,653,1093.0,653,1093.0
90,12,20,50,555,1410.0,555,1410.0
91,4,7,29,675,1748.0,675,1748.0
92,13,19,71,698,1648.0,698,1648.0
93,20,7,60,566,1425.0,566,1425.0
94,10,4,49,522,1099.0,522,1099.0
95,18,2,36,623,1371.0,623,1371.0
96,28,25,64,645,1397.0,645,1397.0
97,27,18,53,577,1321.0,577,1321.0
98,23,21,39,520,1574.0,520,1574.0
99,25,10,24,719,1487.0,719,1487.0
100,22,28,50,678,1385.0,678,1385.0
101,28,15,31,513,1443.0,513,1443.0
102,23,4,74,550,1288.0,550,1288.0
103,27,6,36,608,1575.0,608,1575.0
104,24,9,74,641,1527.0,641,1527.0
105,24,10,55,506,968.0,506,968.0
106,4,27,45,608,1381.0,608,1381.0
107,23,17,66,624,1061.0,624,1061.0
108,30,11,48,626,1521.0,626,1521.0
109,27,4,20,515,1161.0,515,1161.0
110,30,1,18,595,1282.0,595,1282.0
111,22,1,72,516,1200.0,516,1200.0
112,30,5,62,629,990.0,629,990.0
113,23,26,70,753,1764.0,753,1764.0
114,12,19,66,614,1573.0,614,1573.0
115,11,28,44,567,1357.0,567,1357.0
116,3,11,46,658,1433.0,658,1433.0
117,24,30,72,671,1196.0,671,1196.0
118,11,24,18,593,1634.0,593,1634.0
119,28,26,51,576,1218.0,576,1218.0
120,4,1,65,511,1273.0,511,1273.0
121,28,19,44,564,1152.0,564,1152.0
122,22,25,47,617,1292.0,617,1292.0
123,23,7,36,574,1565.0,574,1565.0
124,15,12,55,676,1901.0,676,1901.0
125,28,13,69,746,1513.0,746,1513.0
126,17,21,54,677,1471.0,677,1471.0
127,24,19,38,647,1554.0,647,1554.0
128,20,22,51,594,1308.0,594,1308.0
129,23,6,69,645,1347.0,645,1347.0
130,25,6,38,506,809.0,506,809.0
131,18,17,56,560,1294.0,560,1294.0
132,4,9,47,547,1102.0,547,1102.0
133,17,3,20,622,1427.0,622,1427.0
134,1,23,68,627,1472.0,627,1472.0
135,19,11,74,635,1387.0,635,1387.0
136,1,26,24,668,1349.0,668,1349.0
137,29,26,41,533,1368.0,533,1368.0
138,5,10,69,669,1370.0,669,1370.0
139,22,23,61,513,1236.0,513,1236.0
140,12,14,40,598,1431.0,598,1431.0
141,28,11,41,589,1704.0,589,1704.0
142,19,23,17,649,1247.0,649,1247.0
143,8,9,30,531,1288.0,531,1288.0
144,21,28,61,630,1138.0,630,1138.0
145,20,30,22,610,1500.0,610,1500.0
146,3,17,62,604,1331.0,604,1331.0
147,20,29,48,682,1596.0,682,1596.0
148,12,24,60,535,959.0,535,959.0
149,10,12,72,602,1846.0,602,1846.0
150,1,3,18,511,1294.0,511,1294.0
151,20,4,33,540,1212.0,540,1212.0
152,26,28,52,649,1192.0,649,1192.0
153,12,7,15,687,1730.0,687,1730.0
154,6,11,33,702,1115.0,702,1115.0
155,7,15,70,600,1406.0,600,1406.0
156,28,8,18,631,1404.0,631,1404.0
157,29,10,38,607,1201.0,607,1201.0
158,16,19,59,680,1603.0,680,1603.0
159,3,28,53,598,1115.0,598,1115.0
160,21,1,67,610,1013.0,610,1013.0
161,12,1,43,625,1197.0,625,1197.0
162,1,6,20,617,1093.0,617,1093.0
163,24,5,20,623,1371.0,623,1371.0
164,8,10,27,623,966.0,623,966.0
165,8,23,24,665,1339.0,665,1339.0
166,27,25,16,572,1434.0,572,1434.0
167,24,11,71,618,1564.0,618,1564.0
168,8,13,73,740,1232.0,740,1232.0
169,1,17,48,537,1344.0,537,1344.0
170,11,26,45,598,1241.0,598,1241.0
171,10,25,61,649,1588.0,649,1588.0
172,11,29,72,557,1488.0,557,1488.0
173,6,19,29,553,1325.0,553,1325.0
174,26,24,15,627,1691.0,627,1691.0
175,22,24,54,731,1459.0,731,1459.0
176,6,4,25,574,832.0,574,832.0
177,22,11,45,676,1305.0,676,1305.0
178,21,12,48,605,1603.0,605,1603.0
179,28,2,19,616,1451.0,616,1451.0
180,4,20,43,599,1713.0,599,1713.0
181,26,3,70,650,1266.0,650,1266.0
182,16,18,19,551,1324.0,551,1324.0
183,6,25,24,691,1615.0,691,1615.0
184,17,5,32,664,1169.0,664,1169.0
185,17,12,64,467,1059.0,467,1059.0
186,22,9,42,650,1370.0,650,1370.0
187,18,8,57,670,1663.0,670,1663.0
188,1,20,33,560,1195.0,560,1195.0
189,22,27,54,601,921.0,601,921.0
190,9,15,71,555,1520.0,555,1520.0
191,2,22,65,752,1686.0,752,1686.0
192,5,17,58,660,1479.0,660,1479.0
193,4,16,22,611,1649.0,611,1649.0
194,18,7,57,493,1177.0,493,1177.0
195,14,5,37,585,1385.0,585,1385.0
196,8,25,48,644,1200.0,644,1200.0
197,22,17,44,522,1136.0,522,1136.0
198,8,24,68,705,1502.0,705,1502.0
199,9,4,25,606,1195.0,606,1195.0
200,23,27,40,658,1562.0,658,1562.0
201,4,6,40,582,1518.0,582,1518.0
202,20,23,20,624,1500.0,624,1500.0
203,29,1,22,663,1754.0,663,1754.0
204,29,17,49,523,956.0,523,956.0
205,22,20,28,622,1312.0,622,1312.0
206,9,17,15,548,1416.0,548,1416.0
207,17,8,39,591,1640.0,591,1640.0
208,12,25,32,684,1203.0,684,1203.0
209,15,7,33,666,1640.0,666,1640.0
210,2,11,40,539,1629.0,539,1629.0
211,1,25,64,663,1001.0,663,1001.0
212,7,12,24,601,1644.0,601,1644.0
213,1,2,73,582,1405.0,582,1405.0
214,22,16,25,569,1548.0,569,1548.0
215,25,14,38,618,1365.0,618,1365.0
216,30,16,58,652,1792.0,652,1792.0
217,28,24,56,534,1724.0,534,1724.0
218,4,24,63,541,1501.0,541,1501.0
219,5,22,25,616,1442.0,616,1442.0
220,18,6,46,556,885.0,556,885.0
221,24,17,51,567,1394.0,567,1394.0
222,16,15,34,571,1071.0,571,1071.0
223,25,13,19,671,1421.0,671,1421.0
224,14,29,50,646,1266.0,646,1266.0
225,30,20,24,531,1214.0,531,1214.0
226,21,29,44,544,1168.0,544,1168.0
227,2,1,45,569,1609.0,569,1609.0
228,15,26,62,672,1238.0,672,1238.0
229,1,22,28,711,1735.0,711,1735.0
230,20,10,48,613,1510.0,613,1510.0
231,14,3,24,596,1302.0,596,1302.0
232,29,8,57,559,1267.0,559,1267.0
233,14,10,15,512,1302.0,512,1302.0
234,9,13,57,669,1067.0,669,1067.0
235,6,17,33,616,1324.0,616,1324.0
236,1,12,20,487,1614.0,487,1614.0
237,29,23,50,632,1558.0,632,1558.0
238,29,7,60,589,1615.0,589,1615.0
239,14,18,21,656,1139.0,656,1139.0
240,15,27,27,493,1394.0,493,1394.0
241,5,14,48,490,1479.0,490,1479.0
242,24,14,25,583,1521.0,583,1521.0
243,16,4,51,617,1412.0,617,1412.0
244,3,12,62,682,1600.0,682,1600.0
245,22,18,24,678,1531.0,678,1531.0
246,3,26,36,630,1235.0,630,1235.0
247,26,19,34,604,1433.0,604,1433.0
248,26,10,61,501,1317.0,501,1317.0
249,14,23,73,586,1533.0,586,1533.0
250,5,24,48,600,1696.0,600,1696.0
251,15,16,66,684,1225.0,684,1225.0
252,8,18,39,539,1178.0,539,1178.0
253,25,2,68,670,1342.0,670,1342.0
254,20,28,30,624,1210.0,624,1210.0
255,14,22,66,480,1595.0,480,1595.0
256,13,24,35,697,1762.0,697,1762.0
257,28,22,16,551,1691.0,551,1691.0
258,1,21,37,682,1328.0,682,1328.0
259,29,14,51,685,1641.0,685,1641.0
260,19,28,41,600,1052.0,600,1052.0
261,13,27,49,595,1538.0,595,1538.0
262,10,30,47,561,998.0,561,998.0
263,4,2,53,575,1491.0,575,1491.0
264,11,20,20,746,1128.0,746,1128.0
265,12,11,60,618,1321.0,618,1321.0
266,26,25,39,556,1267.0,556,1267.0
267,20,3,44,639,1522.0,639,1522.0
268,30,4,62,575,837.0,575,837.0
269,3,2,55,503,1543.0,503,1543.0
270,22,30,59,504,845.0,504,845.0
271,26,5,46,617,1425.0,617,1425.0
272,3,15,28,713,1628.0,713,1628.0
273,5,25,25,693,1391.0,693,1391.0
274,3,23,54,471,1476.0,471,1476.0
275,10,11,55,662,1278.0,662,1278.0
276,17,22,56,609,1802.0,609,1802.0
277,11,23,41,500,1529.0,500,1529.0
278,7,5,60,736,1693.0,736,1693.0
279,3,20,74,559,1451.0,559,1451.0
280,29,6,38,588,1238.0,588,1238.0
281,29,24,67,615,1339.0,615,1339.0
282,4,8,50,681,1524.0,681,1524.0
283,10,6,26,736,1614.0,736,1614.0
284,11,9,18,744,1326.0,744,1326.0
285,5,28,71,630,1165.0,630,1165.0
286,16,11,61,669,1452.0,669,1452.0
287,2,12,28,562,1430.0,562,1430.0
288,20,19,29,453,1168.0,453,1168.0
289,27,13,41,792,1431.0,792,1431.0
290,15,6,34,649,1583.0,649,1583.0
291,14,2,50,613,1320.0,613,1320.0
292,10,8,34,566,1397.0,566,1397.0
293,18,24,49,656,1633.0,656,1633.0
294,12,21,29,629,1010.0,629,1010.0
295,17,1,26,619,1487.0,619,1487.0
296,29,28,69,502,1240.0,502,1240.0
297,9,10,56,687,1162.0,687,1162.0
298,8,30,70,534,841.0,534,841.0
299,22,15,43,681,1577.0,681,1577.0
300,13,16,25,601,1571.0,601,1571.0
301,7,16,29,598,1484.0,598,1484.0
302,17,18,61,528,1283.0,528,1283.0
303,9,26,47,775,1466.0,775,1466.0
304,11,5,28,614,1474.0,614,1474.0
305,5,1,22,658,1546.0,658,1546.0
306,27,10,45,536,1430.0,536,1430.0
307,17,26,39,579,1502.0,579,1502.0
308,23,18,68,668,1655.0,668,1655.0
309,21,20,24,530,1259.0,530,1259.0
310,9,29,46,626,1302.0,626,1302.0
311,7,1,52,541,1310.0,541,1310.0
312,6,22,64,759,1604.0,759,1604.0
313,30,17,21,626,1450.0,626,1450.0
314,27,20,33,553,1553.0,553,1553.0
315,3,1,19,618,1186.0,618,1186.0
316,29,5,68,579,1381.0,579,1381.0
317,2,23,19,781,1625.0,781,1625.0
318,22,6,38,697,1046.0,697,1046.0
319,1,10,47,648,1251.0,648,1251.0
320,23,25,67,635,1443.0,635,1443.0
321,8,17,60,702,1490.0,702,1490.0
322,22,2,40,711,1461.0,711,1461.0
323,27,24,54,658,1260.0,658,1260.0
324,8,3,65,666,1545.0,666,1545.0
325,27,11,42,577,1832.0,577,1832.0
326,6,13,17,650,1400.0,650,1400.0
327,16,25,45,580,1329.0,580,1329.0
328,11,27,16,739,1733.0,739,1733.0
329,11,8,30,534,1365.0,534,1365.0
330,16,21,61,599,1097.0,599,1097.0
331,5,6,45,692,1390.0,692,1390.0
332,8,28,62,559,872.0,559,872.0
333,11,16,53,574,1357.0,574,1357.0
334,17,4,59,664,1504.0,664,1504.0
335,6,3,22,650,1483.0,650,1483.0
336,3,22,57,677,1218.0,677,1218.0
337,24,6,22,626,1418.0,626,1418.0
338,2,3,48,630,1299.0,630,1299.0
339,13,25,57,720,1156.0,720,1156.0
340,30,14,30,537,1619.0,537,1619.0
341,18,16,37,548,1424.0,548,1424.0
342,22,21,64,500,977.0,500,977.0
343,13,7,23,632,1405.0,632,1405.0
344,5,23,46,563,1290.0,563,1290.0
345,15,21,74,569,1206.0,569,1206.0
346,23,13,70,616,1456.0,616,1456.0
347,17,24,20,516,1199.0,516,1199.0
348,18,9,42,658,1574.0,658,1574.0
349,10,28,18,629,1453.0,629,1453.0
350,17,25,32,562,1231.0,562,1231.0
351,7,24,27,628,1347.0,628,1347.0
352,21,26,69,580,1237.0,580,1237.0
353,22,7,36,483,1418.0,483,1418.0
354,13,14,25,580,1582.0,580,1582.0
355,29,13,58,612,1473.0,612,1473.0
356,25,12,66,712,1654.0,712,1654.0
357,26,17,21,668,1387.0,668,1387.0
358,19,21,65,682,1475.0,682,1475.0
359,22,29,19,472,1396.0,472,1396.0
360,5,2,41,631,1180.0,631,1180.0
361,21,2,35,717,1267.0,717,1267.0
362,4,18,69,623,1513.0,623,1513.0
363,11,12,53,567,1340.0,567,1340.0
364,13,17,35,708,1567.0,708,1567.0
365,16,6,50,621,1462.0,621,1462.0
366,27,12,28,593,1881.0,593,1881.0
367,24,21,45,642,1196.0,642,1196.0
368,17,23,44,749,1500.0,749,1500.0
369,22,10,42,569,1107.0,569,1107.0
370,1,13,56,669,1412.0,669,1412.0
371,3,13,54,629,902.0,629,902.0
372,4,15,18,612,1657.0,612,1657.0
373,17,27,16,510,1297.0,510,1297.0
374,14,6,45,796,1515.0,796,1515.0
375,6,1,55,605,1436.0,605,1436.0
376,16,27,20,576,1434.0,576,1434.0
377,11,3,31,695,1233.0,695,1233.0
378,26,30,40,640,1386.0,640,1386.0
379,27,9,35,612,1669.0,612,1669.0
380,18,29,43,659,1311.0,659,1311.0
381,16,30,67,653,1295.0,653,1295.0
382,23,9,19,668,1423.0,668,1423.0
383,28,10,43,598,1444.0,598,1444.0
384,12,2,26,576,1251.0,576,1251.0
385,17,19,45,514,1216.0,514,1216.0
386,29,27,30,591,1444.0,591,1444.0
387,4,10,25,457,1206.0,457,1206.0
388,19,1,59,569,1311.0,569,1311.0
389,14,16,64,656,1427.0,656,1427.0
390,17,10,20,608,1342.0,608,1342.0
391,10,5,20,639,1286.0,639,1286.0
392,17,7,65,736,1644.0,736,1644.0
393,16,23,34,633,1220.0,633,1220.0
394,18,13,40,698,1261.0,698,1261.0
395,29,18,51,469,1501.0,469,1501.0
396,8,7,66,644,1165.0,644,1165.0
397,13,15,44,633,1355.0,633,1355.0
398,19,30,48,556,1360.0,556,1360.0
399,28,16,36,552,1615.0,552,1615.0
horizon=380
