NODES,30
1,1,-,-
2,2,-,-
3,3,-,-
4,4,-,-
5,5,-,-
6,6,-,-
7,7,-,-
8,8,-,-
9,9,-,-
10,10,-,-
11,11,-,-
12,12,-,-
13,13,-,-
14,14,-,-
15,15,-,-
16,16,-,-
17,17,-,-
18,18,-,-
19,19,-,-
20,20,-,-
21,21,-,-
22,22,-,-
23,23,-,-
24,24,-,-
25,25,-,-
26,26,-,-
27,27,-,-
28,28,-,-
29,29,-,-
30,30,-,-
ARCS,520
0,1,14,2,1431,464,2602.0,2602,2602.0
1,1,16,6,373,490,679.0,679,679.0
2,1,4,8,358,181,651.0,651,651.0
3,1,17,9,909,267,1653.0,1653,1653.0
4,1,30,6,492,595,895.0,895,895.0
5,1,24,7,1118,496,2033.0,2033,2033.0
6,1,12,6,895,430,1628.0,1628,1628.0
7,1,29,3,701,232,1275.0,1275,1275.0
8,1,21,4,1267,206,2304.0,2304,2304.0
9,1,10,4,641,452,1166.0,1166,1166.0
10,1,9,7,1148,452,2088.0,2088,2088.0
11,1,25,5,507,593,922.0,922,922.0
12,1,11,8,626,550,1139.0,1139,1139.0
13,1,13,8,790,417,1437.0,1437,1437.0
14,1,6,6,1327,702,2413.0,2413,2413.0
15,1,5,5,880,242,1600.0,1600,1600.0
16,1,18,9,731,461,1330.0,1330,1330.0
17,2,18,4,150,401,273.0,273,273.0
18,2,20,8,1476,651,2684.0,2684,2684.0
19,2,26,1,1312,207,2386.0,2386,2386.0
20,2,23,8,954,623,1735.0,1735,1735.0
21,2,12,6,1133,149,2060.0,2060,2060.0
22,2,4,5,1178,552,2142.0,2142,2142.0
23,2,15,5,403,477,733.0,733,733.0
24,2,30,9,760,458,1382.0,1382,1382.0
25,2,10,9,269,615,490.0,490,490.0
26,2,14,4,701,554,1275.0,1275,1275.0
27,2,21,9,850,409,1546.0,1546,1546.0
28,2,11,9,1178,285,2142.0,2142,2142.0
29,2,9,2,492,245,895.0,895,895.0
30,2,28,4,835,175,1519.0,1519,1519.0
31,2,5,4,1371,606,2493.0,2493,2493.0
32,3,10,7,1431,710,2602.0,2602,2602.0
33,3,9,5,522,225,950.0,950,950.0
34,3,4,3,656,357,1193.0,1193,1193.0
35,3,19,8,880,339,1600.0,1600,1600.0
36,3,27,9,209,447,380.0,380,380.0
37,3,2,7,492,578,895.0,895,895.0
38,3,17,2,820,172,1491.0,1491,1491.0
39,3,12,1,865,323,1573.0,1573,1573.0
40,3,28,8,1058,285,1924.0,1924,1924.0
41,3,11,6,388,547,706.0,706,706.0
42,3,26,2,1356,603,2466.0,2466,2466.0
43,3,7,6,239,642,435.0,435,435.0
44,4,26,9,1267,289,2304.0,2304,2304.0
45,4,13,2,1178,628,2142.0,2142,2142.0
46,4,29,3,656,431,1193.0,1193,1193.0
47,4,30,1,194,220,353.0,353,353.0
48,4,6,2,537,698,977.0,977,977.0
49,4,10,6,1446,241,2630.0,2630,2630.0
50,4,7,5,433,425,788.0,788,788.0
51,4,15,5,939,210,1708.0,1708,1708.0
52,4,5,1,611,323,1111.0,1111,1111.0
53,4,12,7,1252,632,2277.0,2277,2277.0
54,4,20,5,462,250,840.0,840,840.0
55,4,28,9,656,201,1193.0,1193,1193.0
56,4,1,7,835,629,1519.0,1519,1519.0
57,4,21,8,284,282,517.0,517,517.0
58,4,16,7,716,316,1302.0,1302,1302.0
59,4,19,7,1416,651,2575.0,2575,2575.0
60,4,23,3,626,323,1139.0,1139,1139.0
61,4,17,5,150,532,273.0,273,273.0
62,5,27,2,269,289,490.0,490,490.0
63,5,13,2,1088,679,1979.0,1979,1979.0
64,5,25,8,567,178,1031.0,1031,1031.0
65,5,9,8,328,664,597.0,597,597.0
66,5,28,6,880,248,1600.0,1600,1600.0
67,5,16,3,239,631,435.0,435,435.0
68,5,18,6,1401,730,2548.0,2548,2548.0
69,5,3,8,1401,335,2548.0,2548,2548.0
70,5,6,7,999,178,1817.0,1817,1817.0
71,5,4,9,1401,704,2548.0,2548,2548.0
72,5,23,6,656,628,1193.0,1193,1193.0
73,5,22,7,686,179,1248.0,1248,1248.0
74,5,1,2,790,509,1437.0,1437,1437.0
75,5,14,1,507,304,922.0,922,922.0
76,5,24,5,1029,546,1871.0,1871,1871.0
77,5,29,8,1118,591,2033.0,2033,2033.0
78,5,21,7,477,543,868.0,868,868.0
79,5,11,6,150,406,273.0,273,273.0
80,5,12,4,820,365,1491.0,1491,1491.0
81,5,8,8,1446,658,2630.0,2630,2630.0
82,5,30,8,1356,346,2466.0,2466,2466.0
83,6,30,4,1148,245,2088.0,2088,2088.0
84,6,13,1,865,159,1573.0,1573,1573.0
85,6,17,5,418,150,760.0,760,760.0
86,6,12,9,388,364,706.0,706,706.0
87,6,11,1,418,566,760.0,760,760.0
88,6,25,7,1222,730,2222.0,2222,2222.0
89,6,8,5,150,647,273.0,273,273.0
90,6,10,2,1431,553,2602.0,2602,2602.0
91,6,15,6,880,730,1600.0,1600,1600.0
92,6,28,6,567,553,1031.0,1031,1031.0
93,6,27,7,1133,354,2060.0,2060,2060.0
94,6,18,8,433,417,788.0,788,788.0
95,6,20,9,790,204,1437.0,1437,1437.0
96,6,5,1,194,197,353.0,353,353.0
97,6,23,6,731,313,1330.0,1330,1330.0
98,6,2,5,671,553,1220.0,1220,1220.0
99,6,19,4,209,362,380.0,380,380.0
100,6,29,2,1401,255,2548.0,2548,2548.0
101,6,1,3,1282,568,2331.0,2331,2331.0
102,6,21,5,1148,222,2088.0,2088,2088.0
103,6,3,4,1058,661,1924.0,1924,1924.0
104,6,9,1,805,562,1464.0,1464,1464.0
105,6,7,3,1014,255,1844.0,1844,1844.0
106,7,5,5,462,289,840.0,840,840.0
107,7,2,5,1461,464,2657.0,2657,2657.0
108,7,6,1,1148,382,2088.0,2088,2088.0
109,7,16,8,403,402,733.0,733,733.0
110,7,4,8,984,365,1790.0,1790,1790.0
111,7,29,2,448,720,815.0,815,815.0
112,7,3,2,239,474,435.0,435,435.0
113,7,22,6,954,316,1735.0,1735,1735.0
114,7,23,2,731,458,1330.0,1330,1330.0
115,7,8,5,522,153,950.0,950,950.0
116,7,28,9,209,727,380.0,380,380.0
117,7,11,9,552,573,1004.0,1004,1004.0
118,7,21,7,403,226,733.0,733,733.0
119,7,15,3,492,528,895.0,895,895.0
120,7,19,1,269,625,490.0,490,490.0
121,7,24,3,1133,722,2060.0,2060,2060.0
122,7,14,5,448,349,815.0,815,815.0
123,7,25,8,343,156,624.0,624,624.0
124,7,30,5,984,395,1790.0,1790,1790.0
125,7,26,2,239,323,435.0,435,435.0
126,8,11,4,1163,234,2115.0,2115,2115.0
127,8,13,5,820,675,1491.0,1491,1491.0
128,8,23,4,343,484,624.0,624,624.0
129,8,5,1,1342,549,2440.0,2440,2440.0
130,8,21,6,671,220,1220.0,1220,1220.0
131,8,17,6,1297,379,2359.0,2359,2359.0
132,8,1,8,164,393,299.0,299,299.0
133,8,12,6,1342,418,2440.0,2440,2440.0
134,8,15,2,865,382,1573.0,1573,1573.0
135,8,2,5,418,609,760.0,760,760.0
136,8,22,6,507,402,922.0,922,922.0
137,8,27,8,895,335,1628.0,1628,1628.0
138,8,20,8,641,666,1166.0,1166,1166.0
139,8,3,4,284,324,517.0,517,517.0
140,9,3,9,835,641,1519.0,1519,1519.0
141,9,26,9,1103,720,2006.0,2006,2006.0
142,9,19,7,194,368,353.0,353,353.0
143,9,10,2,1178,433,2142.0,2142,2142.0
144,9,17,7,388,175,706.0,706,706.0
145,9,11,4,358,484,651.0,651,651.0
146,9,6,3,775,572,1410.0,1410,1410.0
147,9,14,1,1267,710,2304.0,2304,2304.0
148,9,12,6,448,556,815.0,815,815.0
149,9,15,9,1058,436,1924.0,1924,1924.0
150,9,13,3,775,409,1410.0,1410,1410.0
151,9,30,5,209,340,380.0,380,380.0
152,9,7,9,597,461,1086.0,1086,1086.0
153,9,23,2,686,250,1248.0,1248,1248.0
154,9,20,3,611,601,1111.0,1111,1111.0
155,10,8,2,299,509,544.0,544,544.0
156,10,21,5,1401,713,2548.0,2548,2548.0
157,10,20,4,1446,610,2630.0,2630,2630.0
158,10,27,1,865,471,1573.0,1573,1573.0
159,10,30,9,835,292,1519.0,1519,1519.0
160,10,5,7,597,203,1086.0,1086,1086.0
161,10,24,5,462,207,840.0,840,840.0
162,10,18,8,299,251,544.0,544,544.0
163,10,28,4,954,157,1735.0,1735,1735.0
164,10,11,5,284,418,517.0,517,517.0
165,10,25,8,239,553,435.0,435,435.0
166,10,22,5,224,648,408.0,408,408.0
167,10,3,8,597,266,1086.0,1086,1086.0
168,10,16,8,1193,310,2170.0,2170,2170.0
169,10,12,9,954,190,1735.0,1735,1735.0
170,11,13,2,1282,298,2331.0,2331,2331.0
171,11,3,9,313,528,570.0,570,570.0
172,11,2,4,462,301,840.0,840,840.0
173,11,12,5,239,714,435.0,435,435.0
174,11,7,7,1237,250,2250.0,2250,2250.0
175,11,5,4,924,355,1680.0,1680,1680.0
176,11,8,2,656,308,1193.0,1193,1193.0
177,11,1,9,760,581,1382.0,1382,1382.0
178,11,26,3,150,510,273.0,273,273.0
179,11,14,1,984,584,1790.0,1790,1790.0
180,11,28,3,1386,631,2520.0,2520,2520.0
181,11,21,5,522,506,950.0,950,950.0
182,11,18,5,1267,483,2304.0,2304,2304.0
183,11,20,9,239,273,435.0,435,435.0
184,11,22,9,1178,620,2142.0,2142,2142.0
185,11,29,2,358,254,651.0,651,651.0
186,11,17,8,701,698,1275.0,1275,1275.0
187,11,10,7,1252,631,2277.0,2277,2277.0
188,11,9,7,1312,283,2386.0,2386,2386.0
189,11,24,4,313,704,570.0,570,570.0
190,12,4,4,433,453,788.0,788,788.0
191,12,26,2,984,379,1790.0,1790,1790.0
192,12,5,2,1044,402,1899.0,1899,1899.0
193,12,7,2,269,556,490.0,490,490.0
194,12,15,9,835,467,1519.0,1519,1519.0
195,12,10,6,969,377,1762.0,1762,1762.0
196,12,21,6,1118,420,2033.0,2033,2033.0
197,12,1,2,969,475,1762.0,1762,1762.0
198,12,16,3,1193,154,2170.0,2170,2170.0
199,12,11,5,284,566,517.0,517,517.0
200,12,2,4,924,651,1680.0,1680,1680.0
201,12,3,2,954,192,1735.0,1735,1735.0
202,12,19,3,403,289,733.0,733,733.0
203,12,29,7,895,714,1628.0,1628,1628.0
204,12,23,2,269,159,490.0,490,490.0
205,12,6,4,567,603,1031.0,1031,1031.0
206,12,22,8,1058,527,1924.0,1924,1924.0
207,12,14,9,239,651,435.0,435,435.0
208,12,27,4,671,439,1220.0,1220,1220.0
209,12,17,9,671,615,1220.0,1220,1220.0
210,13,27,5,746,607,1357.0,1357,1357.0
211,13,2,4,492,390,895.0,895,895.0
212,13,5,5,1207,367,2195.0,2195,2195.0
213,13,14,2,1446,695,2630.0,2630,2630.0
214,13,23,2,552,292,1004.0,1004,1004.0
215,13,7,3,1133,447,2060.0,2060,2060.0
216,13,10,4,164,226,299.0,299,299.0
217,13,16,3,299,417,544.0,544,544.0
218,13,15,4,954,537,1735.0,1735,1735.0
219,13,6,9,716,370,1302.0,1302,1302.0
220,13,25,2,790,449,1437.0,1437,1437.0
221,13,18,9,1342,549,2440.0,2440,2440.0
222,13,11,6,760,704,1382.0,1382,1382.0
223,14,11,7,358,307,651.0,651,651.0
224,14,5,3,254,191,462.0,462,462.0
225,14,13,7,1386,481,2520.0,2520,2520.0
226,14,1,7,1073,289,1951.0,1951,1951.0
227,14,3,4,835,600,1519.0,1519,1519.0
228,14,28,1,209,225,380.0,380,380.0
229,14,16,4,909,204,1653.0,1653,1653.0
230,14,25,8,924,433,1680.0,1680,1680.0
231,14,26,2,1103,162,2006.0,2006,2006.0
232,14,10,6,299,286,544.0,544,544.0
233,14,27,1,1461,513,2657.0,2657,2657.0
234,14,29,3,1371,420,2493.0,2493,2493.0
235,14,15,7,1312,149,2386.0,2386,2386.0
236,14,22,8,1356,179,2466.0,2466,2466.0
237,14,9,4,1222,289,2222.0,2222,2222.0
238,14,8,5,686,229,1248.0,1248,1248.0
239,14,21,8,1237,639,2250.0,2250,2250.0
240,14,7,9,984,433,1790.0,1790,1790.0
241,14,4,1,164,502,299.0,299,299.0
242,14,12,5,746,412,1357.0,1357,1357.0
243,15,23,5,656,276,1193.0,1193,1193.0
244,15,27,3,1312,595,2386.0,2386,2386.0
245,15,25,4,820,280,1491.0,1491,1491.0
246,15,1,5,1118,239,2033.0,2033,2033.0
247,15,22,5,1058,474,1924.0,1924,1924.0
248,15,9,7,582,509,1059.0,1059,1059.0
249,15,4,9,1416,610,2575.0,2575,2575.0
250,15,26,3,939,326,1708.0,1708,1708.0
251,15,19,9,477,355,868.0,868,868.0
252,15,21,7,254,336,462.0,462,462.0
253,15,20,7,448,689,815.0,815,815.0
254,15,11,8,507,338,922.0,922,922.0
255,15,13,9,954,462,1735.0,1735,1735.0
256,15,24,3,731,658,1330.0,1330,1330.0
257,15,17,1,224,683,408.0,408,408.0
258,15,28,6,448,579,815.0,815,815.0
259,15,5,2,850,544,1546.0,1546,1546.0
260,15,7,4,597,379,1086.0,1086,1086.0
261,15,2,9,507,417,922.0,922,922.0
262,15,10,4,567,480,1031.0,1031,1031.0
263,15,6,7,373,534,679.0,679,679.0
264,15,29,1,1073,720,1951.0,1951,1951.0
265,16,24,9,313,336,570.0,570,570.0
266,16,26,1,1133,519,2060.0,2060,2060.0
267,16,30,5,1163,637,2115.0,2115,2115.0
268,16,28,8,522,428,950.0,950,950.0
269,16,27,4,1029,343,1871.0,1871,1871.0
270,16,3,5,1014,635,1844.0,1844,1844.0
271,16,11,8,239,338,435.0,435,435.0
272,16,25,9,1014,286,1844.0,1844,1844.0
273,16,4,1,1431,676,2602.0,2602,2602.0
274,16,9,6,1282,701,2331.0,2331,2331.0
275,16,20,1,462,612,840.0,840,840.0
276,16,19,4,1073,258,1951.0,1951,1951.0
277,16,10,3,313,458,570.0,570,570.0
278,16,8,4,1476,387,2684.0,2684,2684.0
279,16,15,7,522,716,950.0,950,950.0
280,16,17,6,552,635,1004.0,1004,1004.0
281,17,27,6,1252,673,2277.0,2277,2277.0
282,17,19,1,716,172,1302.0,1302,1302.0
283,17,15,5,775,423,1410.0,1410,1410.0
284,17,24,1,1044,266,1899.0,1899,1899.0
285,17,14,8,1222,588,2222.0,2222,2222.0
286,17,4,5,611,351,1111.0,1111,1111.0
287,17,10,2,820,505,1491.0,1491,1491.0
288,17,9,8,254,349,462.0,462,462.0
289,17,7,8,239,673,435.0,435,435.0
290,17,11,9,820,518,1491.0,1491,1491.0
291,18,10,6,224,575,408.0,408,408.0
292,18,17,9,984,184,1790.0,1790,1790.0
293,18,16,9,1476,232,2684.0,2684,2684.0
294,18,26,4,522,354,950.0,950,950.0
295,18,28,6,895,474,1628.0,1628,1628.0
296,18,29,3,433,299,788.0,788,788.0
297,18,9,1,775,198,1410.0,1410,1410.0
298,18,5,4,1163,332,2115.0,2115,2115.0
299,18,12,5,567,494,1031.0,1031,1031.0
300,18,11,7,909,503,1653.0,1653,1653.0
301,18,1,1,984,191,1790.0,1790,1790.0
302,18,20,1,1103,534,2006.0,2006,2006.0
303,18,19,7,775,695,1410.0,1410,1410.0
304,18,24,4,895,207,1628.0,1628,1628.0
305,19,4,1,522,264,950.0,950,950.0
306,19,9,3,850,606,1546.0,1546,1546.0
307,19,22,5,209,510,380.0,380,380.0
308,19,15,2,746,450,1357.0,1357,1357.0
309,19,6,4,999,697,1817.0,1817,1817.0
310,19,18,3,775,147,1410.0,1410,1410.0
311,19,3,4,1103,660,2006.0,2006,2006.0
312,19,26,5,969,483,1762.0,1762,1762.0
313,19,21,6,1193,194,2170.0,2170,2170.0
314,19,11,7,462,566,840.0,840,840.0
315,19,28,1,1178,175,2142.0,2142,2142.0
316,19,20,7,671,493,1220.0,1220,1220.0
317,19,27,3,343,626,624.0,624,624.0
318,19,1,5,1088,447,1979.0,1979,1979.0
319,19,17,6,537,206,977.0,977,977.0
320,19,29,8,343,704,624.0,624,624.0
321,19,23,2,1029,445,1871.0,1871,1871.0
322,19,25,8,1327,415,2413.0,2413,2413.0
323,20,13,7,850,241,1546.0,1546,1546.0
324,20,22,2,1118,194,2033.0,2033,2033.0
325,20,18,5,760,512,1382.0,1382,1382.0
326,20,4,3,1371,286,2493.0,2493,2493.0
327,20,11,6,1446,582,2630.0,2630,2630.0
328,20,10,1,462,414,840.0,840,840.0
329,20,12,2,492,670,895.0,895,895.0
330,20,25,2,1431,314,2602.0,2602,2602.0
331,20,19,2,284,727,517.0,517,517.0
332,20,24,5,880,483,1600.0,1600,1600.0
333,20,26,5,1118,269,2033.0,2033,2033.0
334,20,6,7,731,670,1330.0,1330,1330.0
335,20,27,7,746,222,1357.0,1357,1357.0
336,20,21,6,313,673,570.0,570,570.0
337,20,30,7,179,163,326.0,326,326.0
338,20,7,3,299,204,544.0,544,544.0
339,20,29,6,1029,623,1871.0,1871,1871.0
340,21,14,9,1148,719,2088.0,2088,2088.0
341,21,2,9,537,282,977.0,977,977.0
342,21,30,8,1356,619,2466.0,2466,2466.0
343,21,10,8,626,437,1139.0,1139,1139.0
344,21,12,7,299,497,544.0,544,544.0
345,21,20,2,1327,616,2413.0,2413,2413.0
346,21,25,8,1073,678,1951.0,1951,1951.0
347,21,9,2,1401,553,2548.0,2548,2548.0
348,21,28,6,686,307,1248.0,1248,1248.0
349,21,24,6,1297,267,2359.0,2359,2359.0
350,21,1,8,597,393,1086.0,1086,1086.0
351,21,16,1,507,697,922.0,922,922.0
352,21,5,8,984,670,1790.0,1790,1790.0
353,21,23,5,1044,585,1899.0,1899,1899.0
354,22,23,9,716,685,1302.0,1302,1302.0
355,22,3,2,433,609,788.0,788,788.0
356,22,1,3,1014,255,1844.0,1844,1844.0
357,22,14,4,1073,234,1951.0,1951,1951.0
358,22,28,9,1148,464,2088.0,2088,2088.0
359,22,30,5,880,540,1600.0,1600,1600.0
360,22,10,5,1118,244,2033.0,2033,2033.0
361,22,15,4,1386,724,2520.0,2520,2520.0
362,22,19,4,1222,483,2222.0,2222,2222.0
363,22,24,4,284,595,517.0,517,517.0
364,22,13,1,1133,390,2060.0,2060,2060.0
365,22,18,3,209,417,380.0,380,380.0
366,22,7,3,254,452,462.0,462,462.0
367,22,16,7,835,436,1519.0,1519,1519.0
368,22,4,1,224,528,408.0,408,408.0
369,22,6,9,984,383,1790.0,1790,1790.0
370,22,25,5,1014,519,1844.0,1844,1844.0
371,22,21,4,999,562,1817.0,1817,1817.0
372,22,2,6,701,467,1275.0,1275,1275.0
373,22,27,1,746,642,1357.0,1357,1357.0
374,23,11,5,1163,678,2115.0,2115,2115.0
375,23,26,4,850,332,1546.0,1546,1546.0
376,23,16,4,1118,622,2033.0,2033,2033.0
377,23,12,6,1103,569,2006.0,2006,2006.0
378,23,30,8,1356,556,2466.0,2466,2466.0
379,23,22,3,1029,273,1871.0,1871,1871.0
380,23,18,7,1252,689,2277.0,2277,2277.0
381,23,9,8,999,647,1817.0,1817,1817.0
382,23,2,1,909,527,1653.0,1653,1653.0
383,23,4,5,164,228,299.0,299,299.0
384,23,3,1,939,292,1708.0,1708,1708.0
385,23,19,7,224,335,408.0,408,408.0
386,23,27,3,1148,702,2088.0,2088,2088.0
387,23,7,2,1327,442,2413.0,2413,2413.0
388,23,10,1,850,600,1546.0,1546,1546.0
389,23,21,1,1327,537,2413.0,2413,2413.0
390,24,16,3,1476,730,2684.0,2684,2684.0
391,24,14,6,820,175,1491.0,1491,1491.0
392,24,26,2,1118,376,2033.0,2033,2033.0
393,24,28,5,939,239,1708.0,1708,1708.0
394,24,20,6,209,663,380.0,380,380.0
395,24,6,1,552,722,1004.0,1004,1004.0
396,24,22,6,775,302,1410.0,1410,1410.0
397,24,13,7,1461,660,2657.0,2657,2657.0
398,24,12,3,343,442,624.0,624,624.0
399,24,9,3,299,389,544.0,544,544.0
400,24,25,4,1029,257,1871.0,1871,1871.0
401,24,19,9,1237,424,2250.0,2250,2250.0
402,24,8,4,746,258,1357.0,1357,1357.0
403,24,23,4,1058,698,1924.0,1924,1924.0
404,24,1,1,1356,173,2466.0,2466,2466.0
405,24,17,5,1461,301,2657.0,2657,2657.0
406,24,15,7,686,415,1248.0,1248,1248.0
407,25,15,4,209,165,380.0,380,380.0
408,25,7,7,507,348,922.0,922,922.0
409,25,11,5,1133,522,2060.0,2060,2060.0
410,25,28,4,1371,527,2493.0,2493,2493.0
411,25,4,8,1386,194,2520.0,2520,2520.0
412,25,6,3,582,669,1059.0,1059,1059.0
413,25,13,4,164,179,299.0,299,299.0
414,25,23,4,194,447,353.0,353,353.0
415,25,9,7,1133,512,2060.0,2060,2060.0
416,25,29,4,1282,332,2331.0,2331,2331.0
417,25,16,8,194,203,353.0,353,353.0
418,25,24,2,522,496,950.0,950,950.0
419,25,1,8,254,241,462.0,462,462.0
420,25,30,6,254,719,462.0,462,462.0
421,25,27,4,1476,587,2684.0,2684,2684.0
422,25,10,2,686,291,1248.0,1248,1248.0
423,25,17,2,343,228,624.0,624,624.0
424,25,8,1,269,367,490.0,490,490.0
425,25,19,1,1207,587,2195.0,2195,2195.0
426,25,26,3,954,537,1735.0,1735,1735.0
427,25,14,8,716,182,1302.0,1302,1302.0
428,25,3,6,954,638,1735.0,1735,1735.0
429,26,7,3,284,566,517.0,517,517.0
430,26,12,6,716,720,1302.0,1302,1302.0
431,26,29,1,179,319,326.0,326,326.0
432,26,18,6,448,185,815.0,815,815.0
433,26,2,9,1193,433,2170.0,2170,2170.0
434,26,24,6,567,411,1031.0,1031,1031.0
435,26,16,8,1193,619,2170.0,2170,2170.0
436,26,17,5,299,692,544.0,544,544.0
437,26,4,3,1014,565,1844.0,1844,1844.0
438,26,1,7,820,238,1491.0,1491,1491.0
439,26,25,3,552,436,1004.0,1004,1004.0
440,26,6,2,522,601,950.0,950,950.0
441,26,22,6,969,499,1762.0,1762,1762.0
442,26,21,4,939,506,1708.0,1708,1708.0
443,26,28,8,1312,730,2386.0,2386,2386.0
444,26,27,2,1178,661,2142.0,2142,2142.0
445,26,11,7,1356,212,2466.0,2466,2466.0
446,26,3,2,1327,673,2413.0,2413,2413.0
447,27,22,1,954,700,1735.0,1735,1735.0
448,27,3,7,909,510,1653.0,1653,1653.0
449,27,25,6,224,417,408.0,408,408.0
450,27,2,3,939,382,1708.0,1708,1708.0
451,27,16,8,179,415,326.0,326,326.0
452,27,13,5,1297,638,2359.0,2359,2359.0
453,27,15,1,731,661,1330.0,1330,1330.0
454,27,26,7,880,238,1600.0,1600,1600.0
455,27,30,4,1342,286,2440.0,2440,2440.0
456,27,19,6,239,508,435.0,435,435.0
457,27,12,2,790,173,1437.0,1437,1437.0
458,27,14,9,1356,714,2466.0,2466,2466.0
459,27,7,7,701,540,1275.0,1275,1275.0
460,27,10,4,656,275,1193.0,1193,1193.0
461,27,5,2,1446,481,2630.0,2630,2630.0
462,27,11,2,552,667,1004.0,1004,1004.0
463,27,6,8,507,275,922.0,922,922.0
464,27,8,1,716,431,1302.0,1302,1302.0
465,27,23,6,343,377,624.0,624,624.0
466,27,20,3,731,537,1330.0,1330,1330.0
467,27,24,9,1237,610,2250.0,2250,2250.0
468,27,28,4,552,474,1004.0,1004,1004.0
469,28,24,7,716,213,1302.0,1302,1302.0
470,28,26,7,760,546,1382.0,1382,1382.0
471,28,19,8,1431,228,2602.0,2602,2602.0
472,28,22,7,1088,537,1979.0,1979,1979.0
473,28,5,3,1267,714,2304.0,2304,2304.0
474,28,12,7,1476,571,2684.0,2684,2684.0
475,28,17,5,1476,634,2684.0,2684,2684.0
476,28,27,8,1014,424,1844.0,1844,1844.0
477,28,14,2,388,311,706.0,706,706.0
478,28,13,8,1401,490,2548.0,2548,2548.0
479,28,9,3,671,333,1220.0,1220,1220.0
480,28,4,6,418,600,760.0,760,760.0
481,28,3,3,150,468,273.0,273,273.0
482,28,2,4,746,154,1357.0,1357,1357.0
483,28,7,2,850,528,1546.0,1546,1546.0
484,28,6,7,746,219,1357.0,1357,1357.0
485,28,30,2,686,280,1248.0,1248,1248.0
486,28,21,9,671,568,1220.0,1220,1220.0
487,28,18,6,895,423,1628.0,1628,1628.0
488,28,25,4,760,629,1382.0,1382,1382.0
489,28,1,4,477,288,868.0,868,868.0
490,29,24,2,1282,434,2331.0,2331,2331.0
491,29,21,4,805,223,1464.0,1464,1464.0
492,29,7,5,492,239,895.0,895,895.0
493,29,8,8,731,705,1330.0,1330,1330.0
494,29,10,9,731,311,1330.0,1330,1330.0
495,29,27,3,954,229,1735.0,1735,1735.0
496,29,19,6,611,383,1111.0,1111,1111.0
497,29,28,7,969,267,1762.0,1762,1762.0
498,29,15,3,924,549,1680.0,1680,1680.0
499,29,11,8,194,150,353.0,353,353.0
500,29,9,8,1282,565,2331.0,2331,2331.0
501,29,1,8,567,260,1031.0,1031,1031.0
502,29,25,5,701,425,1275.0,1275,1275.0
503,29,14,8,537,534,977.0,977,977.0
504,30,13,5,1148,395,2088.0,2088,2088.0
505,30,20,7,1148,188,2088.0,2088,2088.0
506,30,9,6,150,440,273.0,273,273.0
507,30,25,7,299,475,544.0,544,544.0
508,30,5,1,1133,241,2060.0,2060,2060.0
509,30,24,2,1461,280,2657.0,2657,2657.0
510,30,7,4,1461,176,2657.0,2657,2657.0
511,30,19,3,820,642,1491.0,1491,1491.0
512,30,27,2,1297,192,2359.0,2359,2359.0
513,30,11,8,224,541,408.0,408,408.0
514,30,12,2,1416,187,2575.0,2575,2575.0
515,30,28,8,895,324,1628.0,1628,1628.0
516,30,1,2,179,338,326.0,326,326.0
517,30,23,7,954,187,1735.0,1735,1735.0
518,30,21,4,1193,453,2170.0,2170,2170.0
519,30,3,2,388,231,706.0,706,706.0
COMMODITIES,400
0,24,1,44,579,1904.0,579,1904.0
1,15,20,27,1145,2242.0,1145,2242.0
2,10,26,31,590,1584.0,590,1584.0
3,9,16,73,849,2400.0,849,2400.0
4,21,22,71,903,2698.0,903,2698.0
5,18,11,46,610,1747.0,610,1747.0
6,6,5,41,1582,2144.0,1582,2144.0
7,9,14,21,671,2233.0,671,2233.0
8,30,4,64,804,2058.0,804,2058.0
9,8,29,46,997,2919.0,997,2919.0
10,19,30,70,892,2284.0,892,2284.0
11,23,29,68,649,2010.0,649,2010.0
12,16,15,74,810,2058.0,810,2058.0
13,22,26,19,694,1903.0,694,1903.0
14,14,6,18,1891,3423.0,1891,3423.0
15,25,7,64,1246,2388.0,1246,2388.0
16,18,17,31,749,2464.0,749,2464.0
17,11,15,27,695,2588.0,695,2588.0
18,10,30,43,1362,2486.0,1362,2486.0
19,7,25,40,1698,2542.0,1698,2542.0
20,5,20,64,1425,2355.0,1425,2355.0
21,23,12,35,1231,2791.0,1231,2791.0
22,22,25,72,1397,2722.0,1397,2722.0
23,22,8,30,962,2487.0,962,2487.0
24,8,4,53,889,2037.0,889,2037.0
25,26,16,18,586,2131.0,586,2131.0
26,1,11,55,1017,2430.0,1017,2430.0
27,26,18,51,1389,2388.0,1389,2388.0
28,16,3,31,1060,2374.0,1060,2374.0
29,5,4,25,1839,3274.0,1839,3274.0
30,27,29,24,594,1980.0,594,1980.0
31,23,30,32,1129,2088.0,1129,2088.0
32,12,9,63,1458,3093.0,1458,3093.0
33,14,13,69,669,2231.0,669,2231.0
34,20,17,56,1818,3413.0,1818,3413.0
35,29,19,67,902,2336.0,902,2336.0
36,20,3,69,1119,2278.0,1119,2278.0
37,26,2,56,1659,3526.0,1659,3526.0
38,26,22,37,1096,2695.0,1096,2695.0
39,5,22,53,1052,2596.0,1052,2596.0
40,16,4,16,1540,3164.0,1540,3164.0
41,3,30,69,735,2259.0,735,2259.0
42,6,30,48,1641,3172.0,1641,3172.0
43,14,16,73,1148,2371.0,1148,2371.0
44,8,16,56,1388,2632.0,1388,2632.0
45,15,28,24,1296,2366.0,1296,2366.0
46,2,23,62,1326,2893.0,1326,2893.0
47,17,2,65,1288,3376.0,1288,3376.0
48,24,20,57,1489,2145.0,1489,2145.0
49,25,13,60,976,1594.0,976,1594.0
50,27,3,61,1058,2592.0,1058,2592.0
51,7,17,71,736,2011.0,736,2011.0
52,20,18,73,1544,3101.0,1544,3101.0
53,11,14,47,1766,2860.0,1766,2860.0
54,14,10,18,1190,1978.0,1190,1978.0
55,25,6,72,939,2220.0,939,2220.0
56,10,19,19,993,2457.0,993,2457.0
57,22,15,34,635,2245.0,635,2245.0
58,9,13,56,960,2499.0,960,2499.0
59,16,26,20,721,1690.0,721,1690.0
60,28,20,20,815,2398.0,815,2398.0
61,12,11,15,1061,1855.0,1061,1855.0
62,15,3,37,750,2115.0,750,2115.0
63,12,17,41,1098,2303.0,1098,2303.0
64,8,6,73,883,3035.0,883,3035.0
65,14,4,23,1046,1602.0,1046,1602.0
66,20,19,69,890,1712.0,890,1712.0
67,24,22,35,1392,2915.0,1392,2915.0
68,28,19,50,1154,2566.0,1154,2566.0
69,5,25,28,1272,2408.0,1272,2408.0
70,20,10,57,1527,2650.0,1527,2650.0
71,17,21,19,905,2345.0,905,2345.0
72,21,3,32,1382,3133.0,1382,3133.0
73,14,11,56,1024,1902.0,1024,1902.0
74,15,18,28,549,1983.0,549,1983.0
75,18,8,41,1141,2349.0,1141,2349.0
76,2,4,35,1204,2813.0,1204,2813.0
77,17,29,56,1126,2582.0,1126,2582.0
78,7,30,46,1320,2638.0,1320,2638.0
79,15,9,26,1878,3047.0,1878,3047.0
80,22,27,67,487,1913.0,487,1913.0
81,27,16,32,776,1370.0,776,1370.0
82,17,1,40,1311,2753.0,1311,2753.0
83,12,21,64,1052,2638.0,1052,2638.0
84,9,4,15,1630,2997.0,1630,2997.0
85,21,8,24,731,2645.0,731,2645.0
86,23,25,69,1484,2852.0,1484,2852.0
87,22,21,15,1266,2498.0,1266,2498.0
88,18,4,53,1388,2872.0,1388,2872.0
89,16,11,27,1224,1938.0,1224,1938.0
90,2,11,16,1630,2978.0,1630,2978.0
91,26,30,37,1168,2752.0,1168,2752.0
92,12,16,32,1075,2559.0,1075,2559.0
93,25,18,51,988,2364.0,988,2364.0
94,26,23,24,1011,2657.0,1011,2657.0
95,19,14,69,663,2517.0,663,2517.0
96,19,15,74,536,2080.0,536,2080.0
97,19,21,19,685,2227.0,685,2227.0
98,28,30,23,962,2333.0,962,2333.0
99,22,30,72,1216,2249.0,1216,2249.0
100,13,3,39,1210,2819.0,1210,2819.0
101,28,17,45,1413,2728.0,1413,2728.0
102,18,22,37,1265,2385.0,1265,2385.0
103,24,14,56,1168,2494.0,1168,2494.0
104,4,19,39,1319,2548.0,1319,2548.0
105,2,12,30,564,2072.0,564,2072.0
106,17,25,18,1537,2884.0,1537,2884.0
107,26,21,35,750,2236.0,750,2236.0
108,29,24,54,1559,2678.0,1559,2678.0
109,26,24,17,1260,2541.0,1260,2541.0
110,21,1,35,1122,2413.0,1122,2413.0
111,15,25,19,1238,3017.0,1238,3017.0
112,1,30,70,957,2150.0,957,2150.0
113,21,17,39,1124,2912.0,1124,2912.0
114,29,22,46,901,2658.0,901,2658.0
115,16,17,62,1158,2439.0,1158,2439.0
116,12,24,21,859,2215.0,859,2215.0
117,4,13,20,1415,2954.0,1415,2954.0
118,5,18,49,589,2171.0,589,2171.0
119,1,2,16,588,2809.0,588,2809.0
120,5,8,61,1511,3164.0,1511,3164.0
121,15,10,44,1459,2705.0,1459,2705.0
122,12,8,51,906,2451.0,906,2451.0
123,19,24,38,1201,2409.0,1201,2409.0
124,23,24,49,1306,2840.0,1306,2840.0
125,16,29,50,437,1723.0,437,1723.0
126,3,26,50,1202,2407.0,1202,2407.0
127,3,4,74,1194,2669.0,1194,2669.0
128,3,6,51,706,2278.0,706,2278.0
129,4,24,52,1191,2789.0,1191,2789.0
130,19,7,20,1498,2591.0,1498,2591.0
131,29,20,57,1366,2438.0,1366,2438.0
132,26,14,25,989,2502.0,989,2502.0
133,3,27,56,538,1219.0,538,1219.0
134,13,25,53,1361,2371.0,1361,2371.0
135,22,14,30,1239,2772.0,1239,2772.0
136,13,20,44,1419,2917.0,1419,2917.0
137,21,11,25,1736,3100.0,1736,3100.0
138,12,29,51,961,2388.0,961,2388.0
139,9,19,18,1224,1926.0,1224,1926.0
140,10,6,73,837,2511.0,837,2511.0
141,9,3,74,1166,2462.0,1166,2462.0
142,5,17,29,888,2205.0,888,2205.0
143,30,25,22,1186,2033.0,1186,2033.0
144,20,11,22,1309,2360.0,1309,2360.0
145,7,27,45,1010,2072.0,1010,2072.0
146,28,27,70,1384,2327.0,1384,2327.0
147,27,25,25,1018,1713.0,1018,1713.0
148,22,4,26,1294,2038.0,1294,2038.0
149,12,15,60,827,2559.0,827,2559.0
150,3,15,58,1160,2580.0,1160,2580.0
151,22,2,54,835,2260.0,835,2260.0
152,19,5,16,829,2791.0,829,2791.0
153,5,14,23,1148,2355.0,1148,2355.0
154,30,21,35,1256,2924.0,1256,2924.0
155,12,3,38,1160,2416.0,1160,2416.0
156,26,9,37,1372,2614.0,1372,2614.0
157,5,1,36,1014,2647.0,1014,2647.0
158,16,21,17,2118,3757.0,2118,3757.0
159,8,1,33,1420,1985.0,1420,1985.0
160,2,20,55,1153,2925.0,1153,2925.0
161,20,15,62,922,2444.0,922,2444.0
162,14,19,69,588,2116.0,588,2116.0
163,3,2,52,1437,2662.0,1437,2662.0
164,22,11,69,935,2313.0,935,2313.0
165,30,14,20,1305,2748.0,1305,2748.0
166,3,16,22,472,1437.0,472,1437.0
167,9,17,48,1210,2201.0,1210,2201.0
168,25,30,17,843,1530.0,843,1530.0
169,27,22,42,1256,2323.0,1256,2323.0
170,16,12,30,1207,2236.0,1207,2236.0
171,1,20,39,1139,2882.0,1139,2882.0
172,27,19,25,1186,1961.0,1186,1961.0
173,30,9,46,734,1245.0,734,1245.0
174,6,11,29,1155,2071.0,1155,2071.0
175,6,4,30,864,2290.0,864,2290.0
176,22,28,65,1503,2566.0,1503,2566.0
177,9,15,37,1197,2826.0,1197,2826.0
178,28,6,25,696,2362.0,696,2362.0
179,15,4,72,1150,2876.0,1150,2876.0
180,14,2,35,1165,2918.0,1165,2918.0
181,19,3,61,364,1770.0,364,1770.0
182,16,28,71,1113,2362.0,1113,2362.0
183,21,9,25,1285,3400.0,1285,3400.0
184,14,26,40,691,1915.0,691,1915.0
185,18,9,50,1530,3175.0,1530,3175.0
186,15,14,32,1308,3069.0,1308,3069.0
187,22,29,28,1233,2618.0,1233,2618.0
188,9,12,19,957,2014.0,957,2014.0
189,10,15,47,1027,2096.0,1027,2096.0
190,22,3,36,719,1774.0,719,1774.0
191,16,2,50,864,2438.0,864,2438.0
192,30,6,50,1226,3033.0,1226,3033.0
193,24,6,68,1108,2355.0,1108,2355.0
194,26,7,21,1597,2392.0,1597,2392.0
195,12,5,69,1413,2621.0,1413,2621.0
196,26,17,36,934,1757.0,934,1757.0
197,22,1,66,1346,2724.0,1346,2724.0
198,22,6,44,682,2374.0,682,2374.0
199,12,2,30,1171,2793.0,1171,2793.0
200,2,15,33,1495,2511.0,1495,2511.0
201,23,9,19,639,1861.0,639,1861.0
202,16,1,31,432,2227.0,432,2227.0
203,11,19,21,1861,3051.0,1861,3051.0
204,22,9,41,892,2183.0,892,2183.0
205,5,3,38,1211,2336.0,1211,2336.0
206,19,18,73,2005,3025.0,2005,3025.0
207,6,26,36,782,1925.0,782,1925.0
208,10,2,20,996,2551.0,996,2551.0
209,6,24,44,894,2296.0,894,2296.0
210,6,8,74,944,1492.0,944,1492.0
211,4,9,36,825,1683.0,825,1683.0
212,28,23,61,1037,2650.0,1037,2650.0
213,20,29,43,777,2237.0,777,2237.0
214,4,26,50,917,2196.0,917,2196.0
215,21,25,20,900,2791.0,900,2791.0
216,12,1,28,950,2617.0,950,2617.0
217,24,2,37,1485,3725.0,1485,3725.0
218,11,26,71,1645,2179.0,1645,2179.0
219,16,18,38,952,2290.0,952,2290.0
220,23,4,28,1486,2004.0,1486,2004.0
221,16,10,55,877,1735.0,877,1735.0
222,14,5,30,238,873.0,238,873.0
223,12,18,72,1112,2890.0,1112,2890.0
224,3,17,70,966,2665.0,966,2665.0
225,19,1,41,1312,3006.0,1312,3006.0
226,16,30,69,1703,3120.0,1703,3120.0
227,9,11,21,1063,1977.0,1063,1977.0
228,17,28,28,791,1863.0,791,1863.0
229,10,18,36,1465,2241.0,1465,2241.0
230,19,17,23,1393,2667.0,1393,2667.0
231,3,9,31,562,1798.0,562,1798.0
232,20,16,23,1767,3239.0,1767,3239.0
233,11,10,54,593,2067.0,593,2067.0
234,3,10,31,951,2454.0,951,2454.0
235,19,27,74,1622,2557.0,1622,2557.0
236,19,22,36,766,1366.0,766,1366.0
237,2,5,29,1015,2816.0,1015,2816.0
238,11,27,18,1523,2686.0,1523,2686.0
239,21,5,69,879,2619.0,879,2619.0
240,6,15,65,708,2494.0,708,2494.0
241,18,16,60,908,2383.0,908,2383.0
242,29,12,52,948,2022.0,948,2022.0
243,21,2,33,1638,2927.0,1638,2927.0
244,30,23,44,726,1907.0,726,1907.0
245,14,9,73,1005,2249.0,1005,2249.0
246,1,3,48,898,2714.0,898,2714.0
247,2,24,62,1531,3152.0,1531,3152.0
248,29,1,34,1071,2389.0,1071,2389.0
249,28,26,50,1152,2551.0,1152,2551.0
250,29,14,42,887,2122.0,887,2122.0
251,20,28,56,1123,2309.0,1123,2309.0
252,12,14,39,501,1258.0,501,1258.0
253,3,20,34,1398,2842.0,1398,2842.0
254,20,4,32,1087,2733.0,1087,2733.0
255,25,26,65,862,2151.0,862,2151.0
256,4,1,63,589,1566.0,589,1566.0
257,21,20,40,1382,3156.0,1382,3156.0
258,3,28,73,1006,2103.0,1006,2103.0
259,28,5,37,1123,2599.0,1123,2599.0
260,28,4,34,1468,2493.0,1468,2493.0
261,30,27,50,1496,2843.0,1496,2843.0
262,6,27,29,1102,2290.0,1102,2290.0
263,17,10,74,1218,3025.0,1218,3025.0
264,17,15,32,1231,2780.0,1231,2780.0
265,6,18,40,1327,2450.0,1327,2450.0
266,27,5,20,881,2482.0,881,2482.0
267,27,18,17,517,1923.0,517,1923.0
268,24,29,41,1184,2952.0,1184,2952.0
269,3,18,46,921,2348.0,921,2348.0
270,10,23,70,804,1890.0,804,1890.0
271,13,4,17,540,1973.0,540,1973.0
272,9,8,54,1290,2926.0,1290,2926.0
273,10,24,20,1147,2191.0,1147,2191.0
274,5,24,56,915,2041.0,915,2041.0
275,8,25,28,1484,2947.0,1484,2947.0
276,14,20,26,1688,3073.0,1688,3073.0
277,3,1,51,635,2129.0,635,2129.0
278,15,12,63,575,1819.0,575,1819.0
279,12,7,62,1125,1869.0,1125,1869.0
280,19,29,37,1323,2234.0,1323,2234.0
281,25,11,40,1095,2163.0,1095,2163.0
282,16,20,16,1511,2618.0,1511,2618.0
283,25,15,70,828,1356.0,828,1356.0
284,22,16,71,1374,2775.0,1374,2775.0
285,12,13,33,904,2589.0,904,2589.0
286,2,7,60,1470,3110.0,1470,3110.0
287,10,9,70,1414,2907.0,1414,2907.0
288,6,16,41,1305,2345.0,1305,2345.0
289,22,13,39,1066,2745.0,1066,2745.0
290,18,30,46,1288,2856.0,1288,2856.0
291,21,18,36,770,2257.0,770,2257.0
292,11,17,37,1242,2432.0,1242,2432.0
293,17,7,59,708,1361.0,708,1361.0
294,2,16,50,656,2242.0,656,2242.0
295,20,1,52,427,1371.0,427,1371.0
296,24,8,67,965,2446.0,965,2446.0
297,26,27,57,976,2540.0,976,2540.0
298,18,12,64,808,2141.0,808,2141.0
299,28,22,46,1233,2966.0,1233,2966.0
300,1,7,64,746,2384.0,746,2384.0
301,10,11,55,1064,1854.0,1064,1854.0
302,10,4,25,458,1522.0,458,1522.0
303,1,13,54,1041,2492.0,1041,2492.0
304,2,17,74,913,2324.0,913,2324.0
305,3,25,30,868,1922.0,868,1922.0
306,10,3,43,1081,2471.0,1081,2471.0
307,3,7,37,956,1712.0,956,1712.0
308,13,9,57,1723,3411.0,1723,3411.0
309,13,22,20,629,1557.0,629,1557.0
310,21,23,36,1316,2611.0,1316,2611.0
311,9,7,53,667,2011.0,667,2011.0
312,2,27,20,983,3143.0,983,3143.0
313,18,14,68,1242,2945.0,1242,2945.0
314,18,29,48,512,1500.0,512,1500.0
315,16,6,27,915,2825.0,915,2825.0
316,3,13,58,1234,2631.0,1234,2631.0
317,19,12,53,1725,3215.0,1725,3215.0
318,12,27,23,960,2476.0,960,2476.0
319,19,25,66,1180,2484.0,1180,2484.0
320,26,5,60,1490,3127.0,1490,3127.0
321,10,22,26,623,1299.0,623,1299.0
322,7,23,50,1202,2356.0,1202,2356.0
323,13,7,69,1535,2925.0,1535,2925.0
324,2,14,15,1141,2725.0,1141,2725.0
325,5,2,28,756,2135.0,756,2135.0
326,21,30,56,908,2771.0,908,2771.0
327,3,19,49,1025,2091.0,1025,2091.0
328,6,21,44,826,2278.0,826,2278.0
329,2,9,36,668,1781.0,668,1781.0
330,20,14,36,1057,2597.0,1057,2597.0
331,18,24,61,1052,2506.0,1052,2506.0
332,28,3,38,1400,1982.0,1400,1982.0
333,16,19,70,629,2211.0,629,2211.0
334,18,27,51,1230,3375.0,1230,3375.0
335,19,6,67,636,2558.0,636,2558.0
336,28,7,47,1546,2554.0,1546,2554.0
337,15,1,74,855,2360.0,855,2360.0
338,9,22,52,1522,2515.0,1522,2515.0
339,15,11,33,934,2157.0,934,2157.0
340,29,17,61,804,2237.0,804,2237.0
341,7,16,53,639,1638.0,639,1638.0
342,30,5,46,1339,3432.0,1339,3432.0
343,3,14,22,1777,3259.0,1777,3259.0
344,7,8,36,568,1796.0,568,1796.0
345,23,11,26,640,1921.0,640,1921.0
346,4,25,35,688,1828.0,688,1828.0
347,15,30,42,535,1948.0,535,1948.0
348,25,16,68,1556,2226.0,1556,2226.0
349,29,9,38,737,2429.0,737,2429.0
350,7,21,54,1200,2196.0,1200,2196.0
351,29,10,58,1024,2669.0,1024,2669.0
352,1,16,15,1653,2575.0,1653,2575.0
353,25,22,42,756,2041.0,756,2041.0
354,22,19,20,1825,3059.0,1825,3059.0
355,30,17,27,1184,2419.0,1184,2419.0
356,26,6,72,909,2128.0,909,2128.0
357,22,12,22,982,2364.0,982,2364.0
358,18,7,29,866,2433.0,866,2433.0
359,27,28,71,830,2194.0,830,2194.0
360,16,5,42,1240,3138.0,1240,3138.0
361,25,10,30,713,1556.0,713,1556.0
362,13,23,60,1166,2483.0,1166,2483.0
363,5,23,20,819,2239.0,819,2239.0
364,7,5,62,1005,2175.0,1005,2175.0
365,30,3,23,794,1698.0,794,1698.0
366,15,19,65,1125,2201.0,1125,2201.0
367,19,28,30,1695,3227.0,1695,3227.0
368,7,18,68,650,2205.0,650,2205.0
369,27,6,25,734,1914.0,734,1914.0
370,19,11,22,645,1740.0,645,1740.0
371,9,21,40,1754,3596.0,1754,3596.0
372,3,11,33,253,1227.0,253,1227.0
373,7,2,35,1609,3216.0,1609,3216.0
374,20,6,20,1002,2571.0,1002,2571.0
375,14,22,44,1486,2729.0,1486,2729.0
376,9,24,65,690,2186.0,690,2186.0
377,6,25,32,1734,3197.0,1734,3197.0
378,26,3,55,1480,2703.0,1480,2703.0
379,28,2,47,646,2095.0,646,2095.0
380,1,27,46,495,2719.0,495,2719.0
381,20,23,27,1251,2762.0,1251,2762.0
382,24,17,25,1436,2911.0,1436,2911.0
383,7,19,31,1201,1928.0,1201,1928.0
384,24,12,56,733,1638.0,733,1638.0
385,7,26,40,1576,2321.0,1576,2321.0
386,8,30,57,1096,2636.0,1096,2636.0
387,25,23,59,1285,1857.0,1285,1857.0
388,8,18,58,1249,2602.0,1249,2602.0
389,27,14,22,516,2540.0,516,2540.0
390,18,15,71,1205,2687.0,1205,2687.0
391,6,28,46,1450,2873.0,1450,2873.0
392,25,9,48,1513,2503.0,1513,2503.0
393,29,3,68,1001,2144.0,1001,2144.0
394,27,10,36,1542,2701.0,1542,2701.0
395,24,23,59,711,2031.0,711,2031.0
396,22,7,38,875,1678.0,875,1678.0
397,15,17,24,1112,1804.0,1112,1804.0
398,3,22,21,1700,3221.0,1700,3221.0
399,6,9,68,809,2017.0,809,2017.0
horizon=751
