NODES,30
1,1,-,-
2,2,-,-
3,3,-,-
4,4,-,-
5,5,-,-
6,6,-,-
7,7,-,-
8,8,-,-
9,9,-,-
10,10,-,-
11,11,-,-
12,12,-,-
13,13,-,-
14,14,-,-
15,15,-,-
16,16,-,-
17,17,-,-
18,18,-,-
19,19,-,-
20,20,-,-
21,21,-,-
22,22,-,-
23,23,-,-
24,24,-,-
25,25,-,-
26,26,-,-
27,27,-,-
28,28,-,-
29,29,-,-
30,30,-,-
ARCS,520
0,1,14,2,1431,464,2602.0,2602,2602.0
1,1,16,6,373,490,679.0,679,679.0
2,1,4,8,358,181,651.0,651,651.0
3,1,17,9,909,267,1653.0,1653,1653.0
4,1,30,6,492,595,895.0,895,895.0
5,1,24,7,1118,496,2033.0,2033,2033.0
6,1,12,6,895,430,1628.0,1628,1628.0
7,1,29,3,701,232,1275.0,1275,1275.0
8,1,21,4,1267,206,2304.0,2304,2304.0
9,1,10,4,641,452,1166.0,1166,1166.0
10,1,9,7,1148,452,2088.0,2088,2088.0
11,1,25,5,507,593,922.0,922,922.0
12,1,11,8,626,550,1139.0,1139,1139.0
13,1,13,8,790,417,1437.0,1437,1437.0
14,1,6,6,1327,702,2413.0,2413,2413.0
15,1,5,5,880,242,1600.0,1600,1600.0
16,1,18,9,731,461,1330.0,1330,1330.0
17,2,18,4,150,401,273.0,273,273.0
18,2,20,8,1476,651,2684.0,2684,2684.0
19,2,26,1,1312,207,2386.0,2386,2386.0
20,2,23,8,954,623,1735.0,1735,1735.0
21,2,12,6,1133,149,2060.0,2060,2060.0
22,2,4,5,1178,552,2142.0,2142,2142.0
23,2,15,5,403,477,733.0,733,733.0
24,2,30,9,760,458,1382.0,1382,1382.0
25,2,10,9,269,615,490.0,490,490.0
26,2,14,4,701,554,1275.0,1275,1275.0
27,2,21,9,850,409,1546.0,1546,1546.0
28,2,11,9,1178,285,2142.0,2142,2142.0
29,2,9,2,492,245,895.0,895,895.0
30,2,28,4,835,175,1519.0,1519,1519.0
31,2,5,4,1371,606,2493.0,2493,2493.0
32,3,10,7,1431,710,2602.0,2602,2602.0
33,3,9,5,522,225,950.0,950,950.0
34,3,4,3,656,357,1193.0,1193,1193.0
35,3,19,8,880,339,1600.0,1600,1600.0
36,3,27,9,209,447,380.0,380,380.0
37,3,2,7,492,578,895.0,895,895.0
38,3,17,2,820,172,1491.0,1491,1491.0
39,3,12,1,865,323,1573.0,1573,1573.0
40,3,28,8,1058,285,1924.0,1924,1924.0
41,3,11,6,388,547,706.0,706,706.0
42,3,26,2,1356,603,2466.0,2466,2466.0
43,3,7,6,239,642,435.0,435,435.0
44,4,26,9,1267,289,2304.0,2304,2304.0
45,4,13,2,1178,628,2142.0,2142,2142.0
46,4,29,3,656,431,1193.0,1193,1193.0
47,4,30,1,194,220,353.0,353,353.0
48,4,6,2,537,698,977.0,977,977.0
49,4,10,6,1446,241,2630.0,2630,2630.0
50,4,7,5,433,425,788.0,788,788.0
51,4,15,5,939,210,1708.0,1708,1708.0
52,4,5,1,611,323,1111.0,1111,1111.0
53,4,12,7,1252,632,2277.0,2277,2277.0
54,4,20,5,462,250,840.0,840,840.0
55,4,28,9,656,201,1193.0,1193,1193.0
56,4,1,7,835,629,1519.0,1519,1519.0
57,4,21,8,284,282,517.0,517,517.0
58,4,16,7,716,316,1302.0,1302,1302.0
59,4,19,7,1416,651,2575.0,2575,2575.0
60,4,23,3,626,323,1139.0,1139,1139.0
61,4,17,5,150,532,273.0,273,273.0
62,5,27,2,269,289,490.0,490,490.0
63,5,13,2,1088,679,1979.0,1979,1979.0
64,5,25,8,567,178,1031.0,1031,1031.0
65,5,9,8,328,664,597.0,597,597.0
66,5,28,6,880,248,1600.0,1600,1600.0
67,5,16,3,239,631,435.0,435,435.0
68,5,18,6,1401,730,2548.0,2548,2548.0
69,5,3,8,1401,335,2548.0,2548,2548.0
70,5,6,7,999,178,1817.0,1817,1817.0
71,5,4,9,1401,704,2548.0,2548,2548.0
72,5,23,6,656,628,1193.0,1193,1193.0
73,5,22,7,686,179,1248.0,1248,1248.0
74,5,1,2,790,509,1437.0,1437,1437.0
75,5,14,1,507,304,922.0,922,922.0
76,5,24,5,1029,546,1871.0,1871,1871.0
77,5,29,8,1118,591,2033.0,2033,2033.0
78,5,21,7,477,543,868.0,868,868.0
79,5,11,6,150,406,273.0,273,273.0
80,5,12,4,820,365,1491.0,1491,1491.0
81,5,8,8,1446,658,2630.0,2630,2630.0
82,5,30,8,1356,346,2466.0,2466,2466.0
83,6,30,4,1148,245,2088.0,2088,2088.0
84,6,13,1,865,159,1573.0,1573,1573.0
85,6,17,5,418,150,760.0,760,760.0
86,6,12,9,388,364,706.0,706,706.0
87,6,11,1,418,566,760.0,760,760.0
88,6,25,7,1222,730,2222.0,2222,2222.0
89,6,8,5,150,647,273.0,273,273.0
90,6,10,2,1431,553,2602.0,2602,2602.0
91,6,15,6,880,730,1600.0,1600,1600.0
92,6,28,6,567,553,1031.0,1031,1031.0
93,6,27,7,1133,354,2060.0,2060,2060.0
94,6,18,8,433,417,788.0,788,788.0
95,6,20,9,790,204,1437.0,1437,1437.0
96,6,5,1,194,197,353.0,353,353.0
97,6,23,6,731,313,1330.0,1330,1330.0
98,6,2,5,671,553,1220.0,1220,1220.0
99,6,19,4,209,362,380.0,380,380.0
100,6,29,2,1401,255,2548.0,2548,2548.0
101,6,1,3,1282,568,2331.0,2331,2331.0
102,6,21,5,1148,222,2088.0,2088,2088.0
103,6,3,4,1058,661,1924.0,1924,1924.0
104,6,9,1,805,562,1464.0,1464,1464.0
105,6,7,3,1014,255,1844.0,1844,1844.0
106,7,5,5,462,289,840.0,840,840.0
107,7,2,5,1461,464,2657.0,2657,2657.0
108,7,6,1,1148,382,2088.0,2088,2088.0
109,7,16,8,403,402,733.0,733,733.0
110,7,4,8,984,365,1790.0,1790,1790.0
111,7,29,2,448,720,815.0,815,815.0
112,7,3,2,239,474,435.0,435,435.0
113,7,22,6,954,316,1735.0,1735,1735.0
114,7,23,2,731,458,1330.0,1330,1330.0
115,7,8,5,522,153,950.0,950,950.0
116,7,28,9,209,727,380.0,380,380.0
117,7,11,9,552,573,1004.0,1004,1004.0
118,7,21,7,403,226,733.0,733,733.0
119,7,15,3,492,528,895.0,895,895.0
120,7,19,1,269,625,490.0,490,490.0
121,7,24,3,1133,722,2060.0,2060,2060.0
122,7,14,5,448,349,815.0,815,815.0
123,7,25,8,343,156,624.0,624,624.0
124,7,30,5,984,395,1790.0,1790,1790.0
125,7,26,2,239,323,435.0,435,435.0
126,8,11,4,1163,234,2115.0,2115,2115.0
127,8,13,5,820,675,1491.0,1491,1491.0
128,8,23,4,343,484,624.0,624,624.0
129,8,5,1,1342,549,2440.0,2440,2440.0
130,8,21,6,671,220,1220.0,1220,1220.0
131,8,17,6,1297,379,2359.0,2359,2359.0
132,8,1,8,164,393,299.0,299,299.0
133,8,12,6,1342,418,2440.0,2440,2440.0
134,8,15,2,865,382,1573.0,1573,1573.0
135,8,2,5,418,609,760.0,760,760.0
136,8,22,6,507,402,922.0,922,922.0
137,8,27,8,895,335,1628.0,1628,1628.0
138,8,20,8,641,666,1166.0,1166,1166.0
139,8,3,4,284,324,517.0,517,517.0
140,9,3,9,835,641,1519.0,1519,1519.0
141,9,26,9,1103,720,2006.0,2006,2006.0
142,9,19,7,194,368,353.0,353,353.0
143,9,10,2,1178,433,2142.0,2142,2142.0
144,9,17,7,388,175,706.0,706,706.0
145,9,11,4,358,484,651.0,651,651.0
146,9,6,3,775,572,1410.0,1410,1410.0
147,9,14,1,1267,710,2304.0,2304,2304.0
148,9,12,6,448,556,815.0,815,815.0
149,9,15,9,1058,436,1924.0,1924,1924.0
150,9,13,3,775,409,1410.0,1410,1410.0
151,9,30,5,209,340,380.0,380,380.0
152,9,7,9,597,461,1086.0,1086,1086.0
153,9,23,2,686,250,1248.0,1248,1248.0
154,9,20,3,611,601,1111.0,1111,1111.0
155,10,8,2,299,509,544.0,544,544.0
156,10,21,5,1401,713,2548.0,2548,2548.0
157,10,20,4,1446,610,2630.0,2630,2630.0
158,10,27,1,865,471,1573.0,1573,1573.0
159,10,30,9,835,292,1519.0,1519,1519.0
160,10,5,7,597,203,1086.0,1086,1086.0
161,10,24,5,462,207,840.0,840,840.0
162,10,18,8,299,251,544.0,544,544.0
163,10,28,4,954,157,1735.0,1735,1735.0
164,10,11,5,284,418,517.0,517,517.0
165,10,25,8,239,553,435.0,435,435.0
166,10,22,5,224,648,408.0,408,408.0
167,10,3,8,597,266,1086.0,1086,1086.0
168,10,16,8,1193,310,2170.0,2170,2170.0
169,10,12,9,954,190,1735.0,1735,1735.0
170,11,13,2,1282,298,2331.0,2331,2331.0
171,11,3,9,313,528,570.0,570,570.0
172,11,2,4,462,301,840.0,840,840.0
173,11,12,5,239,714,435.0,435,435.0
174,11,7,7,1237,250,2250.0,2250,2250.0
175,11,5,4,924,355,1680.0,1680,1680.0
176,11,8,2,656,308,1193.0,1193,1193.0
177,11,1,9,760,581,1382.0,1382,1382.0
178,11,26,3,150,510,273.0,273,273.0
179,11,14,1,984,584,1790.0,1790,1790.0
180,11,28,3,1386,631,2520.0,2520,2520.0
181,11,21,5,522,506,950.0,950,950.0
182,11,18,5,1267,483,2304.0,2304,2304.0
183,11,20,9,239,273,435.0,435,435.0
184,11,22,9,1178,620,2142.0,2142,2142.0
185,11,29,2,358,254,651.0,651,651.0
186,11,17,8,701,698,1275.0,1275,1275.0
187,11,10,7,1252,631,2277.0,2277,2277.0
188,11,9,7,1312,283,2386.0,2386,2386.0
189,11,24,4,313,704,570.0,570,570.0
190,12,4,4,433,453,788.0,788,788.0
191,12,26,2,984,379,1790.0,1790,1790.0
192,12,5,2,1044,402,1899.0,1899,1899.0
193,12,7,2,269,556,490.0,490,490.0
194,12,15,9,835,467,1519.0,1519,1519.0
195,12,10,6,969,377,1762.0,1762,1762.0
196,12,21,6,1118,420,2033.0,2033,2033.0
197,12,1,2,969,475,1762.0,1762,1762.0
198,12,16,3,1193,154,2170.0,2170,2170.0
199,12,11,5,284,566,517.0,517,517.0
200,12,2,4,924,651,1680.0,1680,1680.0
201,12,3,2,954,192,1735.0,1735,1735.0
202,12,19,3,403,289,733.0,733,733.0
203,12,29,7,895,714,1628.0,1628,1628.0
204,12,23,2,269,159,490.0,490,490.0
205,12,6,4,567,603,1031.0,1031,1031.0
206,12,22,8,1058,527,1924.0,1924,1924.0
207,12,14,9,239,651,435.0,435,435.0
208,12,27,4,671,439,1220.0,1220,1220.0
209,12,17,9,671,615,1220.0,1220,1220.0
210,13,27,5,746,607,1357.0,1357,1357.0
211,13,2,4,492,390,895.0,895,895.0
212,13,5,5,1207,367,2195.0,2195,2195.0
213,13,14,2,1446,695,2630.0,2630,2630.0
214,13,23,2,552,292,1004.0,1004,1004.0
215,13,7,3,1133,447,2060.0,2060,2060.0
216,13,10,4,164,226,299.0,299,299.0
217,13,16,3,299,417,544.0,544,544.0
218,13,15,4,954,537,1735.0,1735,1735.0
219,13,6,9,716,370,1302.0,1302,1302.0
220,13,25,2,790,449,1437.0,1437,1437.0
221,13,18,9,1342,549,2440.0,2440,2440.0
222,13,11,6,760,704,1382.0,1382,1382.0
223,14,11,7,358,307,651.0,651,651.0
224,14,5,3,254,191,462.0,462,462.0
225,14,13,7,1386,481,2520.0,2520,2520.0
226,14,1,7,1073,289,1951.0,1951,1951.0
227,14,3,4,835,600,1519.0,1519,1519.0
228,14,28,1,209,225,380.0,380,380.0
229,14,16,4,909,204,1653.0,1653,1653.0
230,14,25,8,924,433,1680.0,1680,1680.0
231,14,26,2,1103,162,2006.0,2006,2006.0
232,14,10,6,299,286,544.0,544,544.0
233,14,27,1,1461,513,2657.0,2657,2657.0
234,14,29,3,1371,420,2493.0,2493,2493.0
235,14,15,7,1312,149,2386.0,2386,2386.0
236,14,22,8,1356,179,2466.0,2466,2466.0
237,14,9,4,1222,289,2222.0,2222,2222.0
238,14,8,5,686,229,1248.0,1248,1248.0
239,14,21,8,1237,639,2250.0,2250,2250.0
240,14,7,9,984,433,1790.0,1790,1790.0
241,14,4,1,164,502,299.0,299,299.0
242,14,12,5,746,412,1357.0,1357,1357.0
243,15,23,5,656,276,1193.0,1193,1193.0
244,15,27,3,1312,595,2386.0,2386,2386.0
245,15,25,4,820,280,1491.0,1491,1491.0
246,15,1,5,1118,239,2033.0,2033,2033.0
247,15,22,5,1058,474,1924.0,1924,1924.0
248,15,9,7,582,509,1059.0,1059,1059.0
249,15,4,9,1416,610,2575.0,2575,2575.0
250,15,26,3,939,326,1708.0,1708,1708.0
251,15,19,9,477,355,868.0,868,868.0
252,15,21,7,254,336,462.0,462,462.0
253,15,20,7,448,689,815.0,815,815.0
254,15,11,8,507,338,922.0,922,922.0
255,15,13,9,954,462,1735.0,1735,1735.0
256,15,24,3,731,658,1330.0,1330,1330.0
257,15,17,1,224,683,408.0,408,408.0
258,15,28,6,448,579,815.0,815,815.0
259,15,5,2,850,544,1546.0,1546,1546.0
260,15,7,4,597,379,1086.0,1086,1086.0
261,15,2,9,507,417,922.0,922,922.0
262,15,10,4,567,480,1031.0,1031,1031.0
263,15,6,7,373,534,679.0,679,679.0
264,15,29,1,1073,720,1951.0,1951,1951.0
265,16,24,9,313,336,570.0,570,570.0
266,16,26,1,1133,519,2060.0,2060,2060.0
267,16,30,5,1163,637,2115.0,2115,2115.0
268,16,28,8,522,428,950.0,950,950.0
269,16,27,4,1029,343,1871.0,1871,1871.0
270,16,3,5,1014,635,1844.0,1844,1844.0
271,16,11,8,239,338,435.0,435,435.0
272,16,25,9,1014,286,1844.0,1844,1844.0
273,16,4,1,1431,676,2602.0,2602,2602.0
274,16,9,6,1282,701,2331.0,2331,2331.0
275,16,20,1,462,612,840.0,840,840.0
276,16,19,4,1073,258,1951.0,1951,1951.0
277,16,10,3,313,458,570.0,570,570.0
278,16,8,4,1476,387,2684.0,2684,2684.0
279,16,15,7,522,716,950.0,950,950.0
280,16,17,6,552,635,1004.0,1004,1004.0
281,17,27,6,1252,673,2277.0,2277,2277.0
282,17,19,1,716,172,1302.0,1302,1302.0
283,17,15,5,775,423,1410.0,1410,1410.0
284,17,24,1,1044,266,1899.0,1899,1899.0
285,17,14,8,1222,588,2222.0,2222,2222.0
286,17,4,5,611,351,1111.0,1111,1111.0
287,17,10,2,820,505,1491.0,1491,1491.0
288,17,9,8,254,349,462.0,462,462.0
289,17,7,8,239,673,435.0,435,435.0
290,17,11,9,820,518,1491.0,1491,1491.0
291,18,10,6,224,575,408.0,408,408.0
292,18,17,9,984,184,1790.0,1790,1790.0
293,18,16,9,1476,232,2684.0,2684,2684.0
294,18,26,4,522,354,950.0,950,950.0
295,18,28,6,895,474,1628.0,1628,1628.0
296,18,29,3,433,299,788.0,788,788.0
297,18,9,1,775,198,1410.0,1410,1410.0
298,18,5,4,1163,332,2115.0,2115,2115.0
299,18,12,5,567,494,1031.0,1031,1031.0
300,18,11,7,909,503,1653.0,1653,1653.0
301,18,1,1,984,191,1790.0,1790,1790.0
302,18,20,1,1103,534,2006.0,2006,2006.0
303,18,19,7,775,695,1410.0,1410,1410.0
304,18,24,4,895,207,1628.0,1628,1628.0
305,19,4,1,522,264,950.0,950,950.0
306,19,9,3,850,606,1546.0,1546,1546.0
307,19,22,5,209,510,380.0,380,380.0
308,19,15,2,746,450,1357.0,1357,1357.0
309,19,6,4,999,697,1817.0,1817,1817.0
310,19,18,3,775,147,1410.0,1410,1410.0
311,19,3,4,1103,660,2006.0,2006,2006.0
312,19,26,5,969,483,1762.0,1762,1762.0
313,19,21,6,1193,194,2170.0,2170,2170.0
314,19,11,7,462,566,840.0,840,840.0
315,19,28,1,1178,175,2142.0,2142,2142.0
316,19,20,7,671,493,1220.0,1220,1220.0
317,19,27,3,343,626,624.0,624,624.0
318,19,1,5,1088,447,1979.0,1979,1979.0
319,19,17,6,537,206,977.0,977,977.0
320,19,29,8,343,704,624.0,624,624.0
321,19,23,2,1029,445,1871.0,1871,1871.0
322,19,25,8,1327,415,2413.0,2413,2413.0
323,20,13,7,850,241,1546.0,1546,1546.0
324,20,22,2,1118,194,2033.0,2033,2033.0
325,20,18,5,760,512,1382.0,1382,1382.0
326,20,4,3,1371,286,2493.0,2493,2493.0
327,20,11,6,1446,582,2630.0,2630,2630.0
328,20,10,1,462,414,840.0,840,840.0
329,20,12,2,492,670,895.0,895,895.0
330,20,25,2,1431,314,2602.0,2602,2602.0
331,20,19,2,284,727,517.0,517,517.0
332,20,24,5,880,483,1600.0,1600,1600.0
333,20,26,5,1118,269,2033.0,2033,2033.0
334,20,6,7,731,670,1330.0,1330,1330.0
335,20,27,7,746,222,1357.0,1357,1357.0
336,20,21,6,313,673,570.0,570,570.0
337,20,30,7,179,163,326.0,326,326.0
338,20,7,3,299,204,544.0,544,544.0
339,20,29,6,1029,623,1871.0,1871,1871.0
340,21,14,9,1148,719,2088.0,2088,2088.0
341,21,2,9,537,282,977.0,977,977.0
342,21,30,8,1356,619,2466.0,2466,2466.0
343,21,10,8,626,437,1139.0,1139,1139.0
344,21,12,7,299,497,544.0,544,544.0
345,21,20,2,1327,616,2413.0,2413,2413.0
346,21,25,8,1073,678,1951.0,1951,1951.0
347,21,9,2,1401,553,2548.0,2548,2548.0
348,21,28,6,686,307,1248.0,1248,1248.0
349,21,24,6,1297,267,2359.0,2359,2359.0
350,21,1,8,597,393,1086.0,1086,1086.0
351,21,16,1,507,697,922.0,922,922.0
352,21,5,8,984,670,1790.0,1790,1790.0
353,21,23,5,1044,585,1899.0,1899,1899.0
354,22,23,9,716,685,1302.0,1302,1302.0
355,22,3,2,433,609,788.0,788,788.0
356,22,1,3,1014,255,1844.0,1844,1844.0
357,22,14,4,1073,234,1951.0,1951,1951.0
358,22,28,9,1148,464,2088.0,2088,2088.0
359,22,30,5,880,540,1600.0,1600,1600.0
360,22,10,5,1118,244,2033.0,2033,2033.0
361,22,15,4,1386,724,2520.0,2520,2520.0
362,22,19,4,1222,483,2222.0,2222,2222.0
363,22,24,4,284,595,517.0,517,517.0
364,22,13,1,1133,390,2060.0,2060,2060.0
365,22,18,3,209,417,380.0,380,380.0
366,22,7,3,254,452,462.0,462,462.0
367,22,16,7,835,436,1519.0,1519,1519.0
368,22,4,1,224,528,408.0,408,408.0
369,22,6,9,984,383,1790.0,1790,1790.0
370,22,25,5,1014,519,1844.0,1844,1844.0
371,22,21,4,999,562,1817.0,1817,1817.0
372,22,2,6,701,467,1275.0,1275,1275.0
373,22,27,1,746,642,1357.0,1357,1357.0
374,23,11,5,1163,678,2115.0,2115,2115.0
375,23,26,4,850,332,1546.0,1546,1546.0
376,23,16,4,1118,622,2033.0,2033,2033.0
377,23,12,6,1103,569,2006.0,2006,2006.0
378,23,30,8,1356,556,2466.0,2466,2466.0
379,23,22,3,1029,273,1871.0,1871,1871.0
380,23,18,7,1252,689,2277.0,2277,2277.0
381,23,9,8,999,647,1817.0,1817,1817.0
382,23,2,1,909,527,1653.0,1653,1653.0
383,23,4,5,164,228,299.0,299,299.0
384,23,3,1,939,292,1708.0,1708,1708.0
385,23,19,7,224,335,408.0,408,408.0
386,23,27,3,1148,702,2088.0,2088,2088.0
387,23,7,2,1327,442,2413.0,2413,2413.0
388,23,10,1,850,600,1546.0,1546,1546.0
389,23,21,1,1327,537,2413.0,2413,2413.0
390,24,16,3,1476,730,2684.0,2684,2684.0
391,24,14,6,820,175,1491.0,1491,1491.0
392,24,26,2,1118,376,2033.0,2033,2033.0
393,24,28,5,939,239,1708.0,1708,1708.0
394,24,20,6,209,663,380.0,380,380.0
395,24,6,1,552,722,1004.0,1004,1004.0
396,24,22,6,775,302,1410.0,1410,1410.0
397,24,13,7,1461,660,2657.0,2657,2657.0
398,24,12,3,343,442,624.0,624,624.0
399,24,9,3,299,389,544.0,544,544.0
400,24,25,4,1029,257,1871.0,1871,1871.0
401,24,19,9,1237,424,2250.0,2250,2250.0
402,24,8,4,746,258,1357.0,1357,1357.0
403,24,23,4,1058,698,1924.0,1924,1924.0
404,24,1,1,1356,173,2466.0,2466,2466.0
405,24,17,5,1461,301,2657.0,2657,2657.0
406,24,15,7,686,415,1248.0,1248,1248.0
407,25,15,4,209,165,380.0,380,380.0
408,25,7,7,507,348,922.0,922,922.0
409,25,11,5,1133,522,2060.0,2060,2060.0
410,25,28,4,1371,527,2493.0,2493,2493.0
411,25,4,8,1386,194,2520.0,2520,2520.0
412,25,6,3,582,669,1059.0,1059,1059.0
413,25,13,4,164,179,299.0,299,299.0
414,25,23,4,194,447,353.0,353,353.0
415,25,9,7,1133,512,2060.0,2060,2060.0
416,25,29,4,1282,332,2331.0,2331,2331.0
417,25,16,8,194,203,353.0,353,353.0
418,25,24,2,522,496,950.0,950,950.0
419,25,1,8,254,241,462.0,462,462.0
420,25,30,6,254,719,462.0,462,462.0
421,25,27,4,1476,587,2684.0,2684,2684.0
422,25,10,2,686,291,1248.0,1248,1248.0
423,25,17,2,343,228,624.0,624,624.0
424,25,8,1,269,367,490.0,490,490.0
425,25,19,1,1207,587,2195.0,2195,2195.0
426,25,26,3,954,537,1735.0,1735,1735.0
427,25,14,8,716,182,1302.0,1302,1302.0
428,25,3,6,954,638,1735.0,1735,1735.0
429,26,7,3,284,566,517.0,517,517.0
430,26,12,6,716,720,1302.0,1302,1302.0
431,26,29,1,179,319,326.0,326,326.0
432,26,18,6,448,185,815.0,815,815.0
433,26,2,9,1193,433,2170.0,2170,2170.0
434,26,24,6,567,411,1031.0,1031,1031.0
435,26,16,8,1193,619,2170.0,2170,2170.0
436,26,17,5,299,692,544.0,544,544.0
437,26,4,3,1014,565,1844.0,1844,1844.0
438,26,1,7,820,238,1491.0,1491,1491.0
439,26,25,3,552,436,1004.0,1004,1004.0
440,26,6,2,522,601,950.0,950,950.0
441,26,22,6,969,499,1762.0,1762,1762.0
442,26,21,4,939,506,1708.0,1708,1708.0
443,26,28,8,1312,730,2386.0,2386,2386.0
444,26,27,2,1178,661,2142.0,2142,2142.0
445,26,11,7,1356,212,2466.0,2466,2466.0
446,26,3,2,1327,673,2413.0,2413,2413.0
447,27,22,1,954,700,1735.0,1735,1735.0
448,27,3,7,909,510,1653.0,1653,1653.0
449,27,25,6,224,417,408.0,408,408.0
450,27,2,3,939,382,1708.0,1708,1708.0
451,27,16,8,179,415,326.0,326,326.0
452,27,13,5,1297,638,2359.0,2359,2359.0
453,27,15,1,731,661,1330.0,1330,1330.0
454,27,26,7,880,238,1600.0,1600,1600.0
455,27,30,4,1342,286,2440.0,2440,2440.0
456,27,19,6,239,508,435.0,435,435.0
457,27,12,2,790,173,1437.0,1437,1437.0
458,27,14,9,1356,714,2466.0,2466,2466.0
459,27,7,7,701,540,1275.0,1275,1275.0
460,27,10,4,656,275,1193.0,1193,1193.0
461,27,5,2,1446,481,2630.0,2630,2630.0
462,27,11,2,552,667,1004.0,1004,1004.0
463,27,6,8,507,275,922.0,922,922.0
464,27,8,1,716,431,1302.0,1302,1302.0
465,27,23,6,343,377,624.0,624,624.0
466,27,20,3,731,537,1330.0,1330,1330.0
467,27,24,9,1237,610,2250.0,2250,2250.0
468,27,28,4,552,474,1004.0,1004,1004.0
469,28,24,7,716,213,1302.0,1302,1302.0
470,28,26,7,760,546,1382.0,1382,1382.0
471,28,19,8,1431,228,2602.0,2602,2602.0
472,28,22,7,1088,537,1979.0,1979,1979.0
473,28,5,3,1267,714,2304.0,2304,2304.0
474,28,12,7,1476,571,2684.0,2684,2684.0
475,28,17,5,1476,634,2684.0,2684,2684.0
476,28,27,8,1014,424,1844.0,1844,1844.0
477,28,14,2,388,311,706.0,706,706.0
478,28,13,8,1401,490,2548.0,2548,2548.0
479,28,9,3,671,333,1220.0,1220,1220.0
480,28,4,6,418,600,760.0,760,760.0
481,28,3,3,150,468,273.0,273,273.0
482,28,2,4,746,154,1357.0,1357,1357.0
483,28,7,2,850,528,1546.0,1546,1546.0
484,28,6,7,746,219,1357.0,1357,1357.0
485,28,30,2,686,280,1248.0,1248,1248.0
486,28,21,9,671,568,1220.0,1220,1220.0
487,28,18,6,895,423,1628.0,1628,1628.0
488,28,25,4,760,629,1382.0,1382,1382.0
489,28,1,4,477,288,868.0,868,868.0
490,29,24,2,1282,434,2331.0,2331,2331.0
491,29,21,4,805,223,1464.0,1464,1464.0
492,29,7,5,492,239,895.0,895,895.0
493,29,8,8,731,705,1330.0,1330,1330.0
494,29,10,9,731,311,1330.0,1330,1330.0
495,29,27,3,954,229,1735.0,1735,1735.0
496,29,19,6,611,383,1111.0,1111,1111.0
497,29,28,7,969,267,1762.0,1762,1762.0
498,29,15,3,924,549,1680.0,1680,1680.0
499,29,11,8,194,150,353.0,353,353.0
500,29,9,8,1282,565,2331.0,2331,2331.0
501,29,1,8,567,260,1031.0,1031,1031.0
502,29,25,5,701,425,1275.0,1275,1275.0
503,29,14,8,537,534,977.0,977,977.0
504,30,13,5,1148,395,2088.0,2088,2088.0
505,30,20,7,1148,188,2088.0,2088,2088.0
506,30,9,6,150,440,273.0,273,273.0
507,30,25,7,299,475,544.0,544,544.0
508,30,5,1,1133,241,2060.0,2060,2060.0
509,30,24,2,1461,280,2657.0,2657,2657.0
510,30,7,4,1461,176,2657.0,2657,2657.0
511,30,19,3,820,642,1491.0,1491,1491.0
512,30,27,2,1297,192,2359.0,2359,2359.0
513,30,11,8,224,541,408.0,408,408.0
514,30,12,2,1416,187,2575.0,2575,2575.0
515,30,28,8,895,324,1628.0,1628,1628.0
516,30,1,2,179,338,326.0,326,326.0
517,30,23,7,954,187,1735.0,1735,1735.0
518,30,21,4,1193,453,2170.0,2170,2170.0
519,30,3,2,388,231,706.0,706,706.0
COMMODITIES,400
0,24,1,44,1162,2447.0,1162,2447.0
1,15,20,27,1130,2210.0,1130,2210.0
2,10,26,31,1145,2209.0,1145,2209.0
3,9,16,73,911,2528.0,911,2528.0
4,21,22,71,1250,3083.0,1250,3083.0
5,18,11,46,1172,2403.0,1172,2403.0
6,6,5,41,1135,1765.0,1135,1765.0
7,9,14,21,1195,2655.0,1195,2655.0
8,30,4,64,1021,2254.0,1021,2254.0
9,8,29,46,912,2790.0,912,2790.0
10,19,30,70,1068,2499.0,1068,2499.0
11,23,29,68,1136,2478.0,1136,2478.0
12,16,15,74,1105,2252.0,1105,2252.0
13,22,26,19,1233,2411.0,1233,2411.0
14,14,6,18,964,2490.0,964,2490.0
15,25,7,64,1111,2248.0,1111,2248.0
16,18,17,31,1089,2842.0,1089,2842.0
17,11,15,27,839,2720.0,839,2720.0
18,10,30,43,1183,2432.0,1183,2432.0
19,7,25,40,819,1713.0,819,1713.0
20,5,20,64,1021,2066.0,1021,2066.0
21,23,12,35,1031,2688.0,1031,2688.0
22,22,25,72,1090,2397.0,1090,2397.0
23,22,8,30,1150,2729.0,1150,2729.0
24,8,4,53,1183,2412.0,1183,2412.0
25,26,16,18,1158,2634.0,1158,2634.0
26,1,11,55,1094,2480.0,1094,2480.0
27,26,18,51,1161,2202.0,1161,2202.0
28,16,3,31,1119,2291.0,1119,2291.0
29,5,4,25,998,2479.0,998,2479.0
30,27,29,24,1365,2661.0,1365,2661.0
31,23,30,32,1186,2096.0,1186,2096.0
32,12,9,63,938,2527.0,938,2527.0
33,14,13,69,1023,2548.0,1023,2548.0
34,20,17,56,966,2536.0,966,2536.0
35,29,19,67,987,2419.0,987,2419.0
36,20,3,69,870,2147.0,870,2147.0
37,26,2,56,1125,2881.0,1125,2881.0
38,26,22,37,1157,2784.0,1157,2784.0
39,5,22,53,1127,2743.0,1127,2743.0
40,16,4,16,1067,2668.0,1067,2668.0
41,3,30,69,1073,2615.0,1073,2615.0
42,6,30,48,1006,2646.0,1006,2646.0
43,14,16,73,1100,2216.0,1100,2216.0
44,8,16,56,1086,2305.0,1086,2305.0
45,15,28,24,1037,2242.0,1037,2242.0
46,2,23,62,1076,2581.0,1076,2581.0
47,17,2,65,929,3040.0,929,3040.0
48,24,20,57,958,1553.0,958,1553.0
49,25,13,60,1141,1745.0,1141,1745.0
50,27,3,61,1053,2534.0,1053,2534.0
51,7,17,71,1090,2385.0,1090,2385.0
52,20,18,73,1210,2769.0,1210,2769.0
53,11,14,47,794,1982.0,794,1982.0
54,14,10,18,1014,1787.0,1014,1787.0
55,25,6,72,1161,2500.0,1161,2500.0
56,10,19,19,1265,2795.0,1265,2795.0
57,22,15,34,926,2498.0,926,2498.0
58,9,13,56,810,2215.0,810,2215.0
59,16,26,20,1082,2040.0,1082,2040.0
60,28,20,20,1278,2916.0,1278,2916.0
61,12,11,15,1125,1924.0,1125,1924.0
62,15,3,37,1062,2354.0,1062,2354.0
63,12,17,41,852,2087.0,852,2087.0
64,8,6,73,928,2983.0,928,2983.0
65,14,4,23,1125,1676.0,1125,1676.0
66,20,19,69,1268,2056.0,1268,2056.0
67,24,22,35,1065,2602.0,1065,2602.0
68,28,19,50,1196,2530.0,1196,2530.0
69,5,25,28,889,2004.0,889,2004.0
70,20,10,57,939,1975.0,939,1975.0
71,17,21,19,1063,2453.0,1063,2453.0
72,21,3,32,1045,2757.0,1045,2757.0
73,14,11,56,1004,1886.0,1004,1886.0
74,15,18,28,1231,2750.0,1231,2750.0
75,18,8,41,1136,2284.0,1136,2284.0
76,2,4,35,1218,2772.0,1218,2772.0
77,17,29,56,1175,2674.0,1175,2674.0
78,7,30,46,974,2336.0,974,2336.0
79,15,9,26,1130,2195.0,1130,2195.0
80,22,27,67,983,2445.0,983,2445.0
81,27,16,32,921,1526.0,921,1526.0
82,17,1,40,1192,2582.0,1192,2582.0
83,12,21,64,1002,2530.0,1002,2530.0
84,9,4,15,1104,2476.0,1104,2476.0
85,21,8,24,1081,3042.0,1081,3042.0
86,23,25,69,1064,2599.0,1064,2599.0
87,22,21,15,1013,2187.0,1013,2187.0
88,18,4,53,927,2428.0,927,2428.0
89,16,11,27,956,1663.0,956,1663.0
90,2,11,16,1002,2217.0,1002,2217.0
91,26,30,37,1263,2906.0,1263,2906.0
92,12,16,32,1009,2459.0,1009,2459.0
93,25,18,51,1263,2600.0,1263,2600.0
94,26,23,24,1214,2825.0,1214,2825.0
95,19,14,69,960,2731.0,960,2731.0
96,19,15,74,970,2576.0,970,2576.0
97,19,21,19,1178,2729.0,1178,2729.0
98,28,30,23,1141,2479.0,1141,2479.0
99,22,30,72,1237,2291.0,1237,2291.0
100,13,3,39,1064,2686.0,1064,2686.0
101,28,17,45,1107,2365.0,1107,2365.0
102,18,22,37,1153,2168.0,1153,2168.0
103,24,14,56,1066,2394.0,1066,2394.0
104,4,19,39,1306,2524.0,1306,2524.0
105,2,12,30,971,2605.0,971,2605.0
106,17,25,18,1273,2613.0,1273,2613.0
107,26,21,35,873,2427.0,873,2427.0
108,29,24,54,1096,2227.0,1096,2227.0
109,26,24,17,1153,2487.0,1153,2487.0
110,21,1,35,968,2404.0,968,2404.0
111,15,25,19,1058,2806.0,1058,2806.0
112,1,30,70,1012,2159.0,1012,2159.0
113,21,17,39,1030,2774.0,1030,2774.0
114,29,22,46,1084,2816.0,1084,2816.0
115,16,17,62,1170,2342.0,1170,2342.0
116,12,24,21,929,2282.0,929,2282.0
117,4,13,20,951,2374.0,951,2374.0
118,5,18,49,1043,2660.0,1043,2660.0
119,1,2,16,1168,3360.0,1168,3360.0
120,5,8,61,1006,2621.0,1006,2621.0
121,15,10,44,1064,2369.0,1064,2369.0
122,12,8,51,950,2472.0,950,2472.0
123,19,24,38,965,2174.0,965,2174.0
124,23,24,49,916,2488.0,916,2488.0
125,16,29,50,1214,2510.0,1214,2510.0
126,3,26,50,1070,2231.0,1070,2231.0
127,3,4,74,1024,2472.0,1024,2472.0
128,3,6,51,1144,2648.0,1144,2648.0
129,4,24,52,805,2399.0,805,2399.0
130,19,7,20,1104,2226.0,1104,2226.0
131,29,20,57,999,2068.0,999,2068.0
132,26,14,25,893,2475.0,893,2475.0
133,3,27,56,1275,1966.0,1275,1966.0
134,13,25,53,1083,2129.0,1083,2129.0
135,22,14,30,1187,2734.0,1187,2734.0
136,13,20,44,798,2300.0,798,2300.0
137,21,11,25,1117,2428.0,1117,2428.0
138,12,29,51,1079,2497.0,1079,2497.0
139,9,19,18,1128,1728.0,1128,1728.0
140,10,6,73,933,2747.0,933,2747.0
141,9,3,74,1088,2431.0,1088,2431.0
142,5,17,29,1007,2390.0,1007,2390.0
143,30,25,22,1136,1948.0,1136,1948.0
144,20,11,22,1273,2352.0,1273,2352.0
145,7,27,45,1204,2280.0,1204,2280.0
146,28,27,70,927,1804.0,927,1804.0
147,27,25,25,1048,1688.0,1048,1688.0
148,22,4,26,1208,1897.0,1208,1897.0
149,12,15,60,1102,2707.0,1102,2707.0
150,3,15,58,1298,2768.0,1298,2768.0
151,22,2,54,1064,2680.0,1064,2680.0
152,19,5,16,1048,3020.0,1048,3020.0
153,5,14,23,1080,2325.0,1080,2325.0
154,30,21,35,927,2550.0,927,2550.0
155,12,3,38,890,2069.0,890,2069.0
156,26,9,37,1086,2380.0,1086,2380.0
157,5,1,36,885,2360.0,885,2360.0
158,16,21,17,985,2613.0,985,2613.0
159,8,1,33,1204,1672.0,1204,1672.0
160,2,20,55,1163,2805.0,1163,2805.0
161,20,15,62,1135,2659.0,1135,2659.0
162,14,19,69,943,2472.0,943,2472.0
163,3,2,52,978,2154.0,978,2154.0
164,22,11,69,1140,2563.0,1140,2563.0
165,30,14,20,1088,2563.0,1088,2563.0
166,3,16,22,1088,2035.0,1088,2035.0
167,9,17,48,1134,2102.0,1134,2102.0
168,25,30,17,1039,1737.0,1039,1737.0
169,27,22,42,905,2074.0,905,2074.0
170,16,12,30,1053,2270.0,1053,2270.0
171,1,20,39,1109,2884.0,1109,2884.0
172,27,19,25,1166,1813.0,1166,1813.0
173,30,9,46,1019,1633.0,1019,1633.0
174,6,11,29,919,1860.0,919,1860.0
175,6,4,30,1033,2408.0,1033,2408.0
176,22,28,65,965,2162.0,965,2162.0
177,9,15,37,1086,2659.0,1086,2659.0
178,28,6,25,1038,2714.0,1038,2714.0
179,15,4,72,1137,2906.0,1137,2906.0
180,14,2,35,1156,2998.0,1156,2998.0
181,19,3,61,989,2456.0,989,2456.0
182,16,28,71,1093,2348.0,1093,2348.0
183,21,9,25,1020,3082.0,1020,3082.0
184,14,26,40,1225,2387.0,1225,2387.0
185,18,9,50,1103,2855.0,1103,2855.0
186,15,14,32,883,2580.0,883,2580.0
187,22,29,28,907,2420.0,907,2420.0
188,9,12,19,840,1946.0,840,1946.0
189,10,15,47,1126,2197.0,1126,2197.0
190,22,3,36,1239,2209.0,1239,2209.0
191,16,2,50,1115,2591.0,1115,2591.0
192,30,6,50,1069,2974.0,1069,2974.0
193,24,6,68,947,2200.0,947,2200.0
194,26,7,21,1292,1997.0,1292,1997.0
195,12,5,69,1078,2268.0,1078,2268.0
196,26,17,36,1103,1835.0,1103,1835.0
197,22,1,66,1065,2354.0,1065,2354.0
198,22,6,44,976,2582.0,976,2582.0
199,12,2,30,1084,2784.0,1084,2784.0
200,2,15,33,1021,2074.0,1021,2074.0
201,23,9,19,864,2125.0,864,2125.0
202,16,1,31,806,2471.0,806,2471.0
203,11,19,21,1151,2400.0,1151,2400.0
204,22,9,41,1144,2440.0,1144,2440.0
205,5,3,38,1080,2209.0,1080,2209.0
206,19,18,73,1234,2280.0,1234,2280.0
207,6,26,36,1221,2328.0,1221,2328.0
208,10,2,20,1116,2604.0,1116,2604.0
209,6,24,44,1228,2685.0,1228,2685.0
210,6,8,74,1056,1558.0,1056,1558.0
211,4,9,36,1168,2082.0,1168,2082.0
212,28,23,61,1049,2577.0,1049,2577.0
213,20,29,43,995,2439.0,995,2439.0
214,4,26,50,1106,2443.0,1106,2443.0
215,21,25,20,979,2776.0,979,2776.0
216,12,1,28,1098,2764.0,1098,2764.0
217,24,2,37,1094,3281.0,1094,3281.0
218,11,26,71,961,1474.0,961,1474.0
219,16,18,38,815,2096.0,815,2096.0
220,23,4,28,1053,1667.0,1053,1667.0
221,16,10,55,1188,2034.0,1188,2034.0
222,14,5,30,1142,1799.0,1142,1799.0
223,12,18,72,1254,3017.0,1254,3017.0
224,3,17,70,1032,2742.0,1032,2742.0
225,19,1,41,1044,2725.0,1044,2725.0
226,16,30,69,962,2469.0,962,2469.0
227,9,11,21,1099,1931.0,1099,1931.0
228,17,28,28,1051,2210.0,1051,2210.0
229,10,18,36,949,1718.0,949,1718.0
230,19,17,23,1154,2409.0,1154,2409.0
231,3,9,31,1175,2386.0,1175,2386.0
232,20,16,23,1065,2604.0,1065,2604.0
233,11,10,54,980,2551.0,980,2551.0
234,3,10,31,1059,2573.0,1059,2573.0
235,19,27,74,1056,1965.0,1056,1965.0
236,19,22,36,1151,1767.0,1151,1767.0
237,2,5,29,986,2831.0,986,2831.0
238,11,27,18,1000,2171.0,1000,2171.0
239,21,5,69,1064,2772.0,1064,2772.0
240,6,15,65,1148,2952.0,1148,2952.0
241,18,16,60,913,2296.0,913,2296.0
242,29,12,52,1036,2118.0,1036,2118.0
243,21,2,33,1043,2220.0,1043,2220.0
244,30,23,44,1244,2437.0,1244,2437.0
245,14,9,73,1096,2258.0,1096,2258.0
246,1,3,48,996,2897.0,996,2897.0
247,2,24,62,1139,2724.0,1139,2724.0
248,29,1,34,1018,2281.0,1018,2281.0
249,28,26,50,1015,2345.0,1015,2345.0
250,29,14,42,1086,2300.0,1086,2300.0
251,20,28,56,1019,2112.0,1019,2112.0
252,12,14,39,964,1747.0,964,1747.0
253,3,20,34,1268,2654.0,1268,2654.0
254,20,4,32,1181,2758.0,1181,2758.0
255,25,26,65,1115,2417.0,1115,2417.0
256,4,1,63,1034,1984.0,1034,1984.0
257,21,20,40,1174,2909.0,1174,2909.0
258,3,28,73,858,1933.0,858,1933.0
259,28,5,37,1018,2465.0,1018,2465.0
260,28,4,34,1165,2181.0,1165,2181.0
261,30,27,50,1056,2407.0,1056,2407.0
262,6,27,29,1029,2133.0,1029,2133.0
263,17,10,74,1140,2947.0,1140,2947.0
264,17,15,32,1162,2716.0,1162,2716.0
265,6,18,40,952,2013.0,952,2013.0
266,27,5,20,987,2560.0,987,2560.0
267,27,18,17,924,2319.0,924,2319.0
268,24,29,41,1147,2909.0,1147,2909.0
269,3,18,46,1125,2523.0,1125,2523.0
270,10,23,70,1303,2372.0,1303,2372.0
271,13,4,17,1105,2464.0,1105,2464.0
272,9,8,54,891,2606.0,891,2606.0
273,10,24,20,897,1999.0,897,1999.0
274,5,24,56,892,2026.0,892,2026.0
275,8,25,28,1222,2664.0,1222,2664.0
276,14,20,26,900,2207.0,900,2207.0
277,3,1,51,943,2519.0,943,2519.0
278,15,12,63,1055,2265.0,1055,2265.0
279,12,7,62,1233,2047.0,1233,2047.0
280,19,29,37,1143,2024.0,1143,2024.0
281,25,11,40,1024,2039.0,1024,2039.0
282,16,20,16,1126,2247.0,1126,2247.0
283,25,15,70,1058,1769.0,1058,1769.0
284,22,16,71,1001,2460.0,1001,2460.0
285,12,13,33,1110,2802.0,1110,2802.0
286,2,7,60,1052,2624.0,1052,2624.0
287,10,9,70,1071,2488.0,1071,2488.0
288,6,16,41,1049,2153.0,1049,2153.0
289,22,13,39,1044,2705.0,1044,2705.0
290,18,30,46,1134,2696.0,1134,2696.0
291,21,18,36,1026,2482.0,1026,2482.0
292,11,17,37,1126,2235.0,1126,2235.0
293,17,7,59,1014,1640.0,1014,1640.0
294,2,16,50,1032,2628.0,1032,2628.0
295,20,1,52,1004,1937.0,1004,1937.0
296,24,8,67,1110,2650.0,1110,2650.0
297,26,27,57,987,2548.0,987,2548.0
298,18,12,64,1171,2522.0,1171,2522.0
299,28,22,46,1208,2973.0,1208,2973.0
300,1,7,64,761,2438.0,761,2438.0
301,10,11,55,1166,1920.0,1166,1920.0
302,10,4,25,1116,2156.0,1116,2156.0
303,1,13,54,989,2500.0,989,2500.0
304,2,17,74,1140,2553.0,1140,2553.0
305,3,25,30,992,2060.0,992,2060.0
306,10,3,43,1030,2395.0,1030,2395.0
307,3,7,37,1072,1801.0,1072,1801.0
308,13,9,57,1031,2741.0,1031,2741.0
309,13,22,20,994,2000.0,994,2000.0
310,21,23,36,977,2218.0,977,2218.0
311,9,7,53,1074,2389.0,1074,2389.0
312,2,27,20,1103,3247.0,1103,3247.0
313,18,14,68,1113,2800.0,1113,2800.0
314,18,29,48,1085,2177.0,1085,2177.0
315,16,6,27,936,2817.0,936,2817.0
316,3,13,58,1026,2423.0,1026,2423.0
317,19,12,53,933,2452.0,933,2452.0
318,12,27,23,1159,2608.0,1159,2608.0
319,19,25,66,1060,2427.0,1060,2427.0
320,26,5,60,1119,2637.0,1119,2637.0
321,10,22,26,1020,1680.0,1020,1680.0
322,7,23,50,1024,2300.0,1024,2300.0
323,13,7,69,1342,2789.0,1342,2789.0
324,2,14,15,900,2538.0,900,2538.0
325,5,2,28,1187,2588.0,1187,2588.0
326,21,30,56,1254,3103.0,1254,3103.0
327,3,19,49,1103,2167.0,1103,2167.0
328,6,21,44,909,2455.0,909,2455.0
329,2,9,36,1037,2159.0,1037,2159.0
330,20,14,36,1249,2880.0,1249,2880.0
331,18,24,61,1150,2601.0,1150,2601.0
332,28,3,38,971,1488.0,971,1488.0
333,16,19,70,1056,2668.0,1056,2668.0
334,18,27,51,1000,3082.0,1000,3082.0
335,19,6,67,1200,3024.0,1200,3024.0
336,28,7,47,1042,2022.0,1042,2022.0
337,15,1,74,1122,2639.0,1122,2639.0
338,9,22,52,1188,2116.0,1188,2116.0
339,15,11,33,1147,2379.0,1147,2379.0
340,29,17,61,971,2419.0,971,2419.0
341,7,16,53,944,1908.0,944,1908.0
342,30,5,46,1203,3138.0,1203,3138.0
343,3,14,22,880,2386.0,880,2386.0
344,7,8,36,920,2137.0,920,2137.0
345,23,11,26,1267,2613.0,1267,2613.0
346,4,25,35,1151,2291.0,1151,2291.0
347,15,30,42,952,2344.0,952,2344.0
348,25,16,68,1097,1707.0,1097,1707.0
349,29,9,38,1080,2715.0,1080,2715.0
350,7,21,54,945,2051.0,945,2051.0
351,29,10,58,1123,2664.0,1123,2664.0
352,1,16,15,1011,2012.0,1011,2012.0
353,25,22,42,1066,2398.0,1066,2398.0
354,22,19,20,1119,2286.0,1119,2286.0
355,30,17,27,921,2191.0,921,2191.0
356,26,6,72,1042,2246.0,1042,2246.0
357,22,12,22,1049,2514.0,1049,2514.0
358,18,7,29,1030,2607.0,1030,2607.0
359,27,28,71,887,2226.0,887,2226.0
360,16,5,42,1161,3131.0,1161,3131.0
361,25,10,30,1054,1938.0,1054,1938.0
362,13,23,60,1299,2550.0,1299,2550.0
363,5,23,20,1039,2373.0,1039,2373.0
364,7,5,62,1173,2284.0,1173,2284.0
365,30,3,23,1053,2094.0,1053,2094.0
366,15,19,65,969,2078.0,969,2078.0
367,19,28,30,1130,2652.0,1130,2652.0
368,7,18,68,930,2440.0,930,2440.0
369,27,6,25,1414,2583.0,1414,2583.0
370,19,11,22,1075,2205.0,1075,2205.0
371,9,21,40,947,2809.0,947,2809.0
372,3,11,33,983,1902.0,983,1902.0
373,7,2,35,961,2525.0,961,2525.0
374,20,6,20,1183,2793.0,1183,2793.0
375,14,22,44,1318,2524.0,1318,2524.0
376,9,24,65,1174,2712.0,1174,2712.0
377,6,25,32,875,2322.0,875,2322.0
378,26,3,55,1209,2489.0,1209,2489.0
379,28,2,47,1128,2581.0,1128,2581.0
380,1,27,46,1154,3402.0,1154,3402.0
381,20,23,27,1350,2801.0,1350,2801.0
382,24,17,25,1117,2605.0,1117,2605.0
383,7,19,31,1116,1849.0,1116,1849.0
384,24,12,56,893,1780.0,893,1780.0
385,7,26,40,1155,1878.0,1155,1878.0
386,8,30,57,1245,2667.0,1245,2667.0
387,25,23,59,841,1487.0,841,1487.0
388,8,18,58,1023,2275.0,1023,2275.0
389,27,14,22,1130,3028.0,1130,3028.0
390,18,15,71,1075,2517.0,1075,2517.0
391,6,28,46,942,2175.0,942,2175.0
392,25,9,48,981,1959.0,981,1959.0
393,29,3,68,934,2081.0,934,2081.0
394,27,10,36,997,2096.0,997,2096.0
395,24,23,59,827,2195.0,827,2195.0
396,22,7,38,1031,1760.0,1031,1760.0
397,15,17,24,1022,1761.0,1022,1761.0
398,3,22,21,1304,2809.0,1304,2809.0
399,6,9,68,1176,2415.0,1176,2415.0
horizon=680
