NODES,30
1,1,-,-
2,2,-,-
3,3,-,-
4,4,-,-
5,5,-,-
6,6,-,-
7,7,-,-
8,8,-,-
9,9,-,-
10,10,-,-
11,11,-,-
12,12,-,-
13,13,-,-
14,14,-,-
15,15,-,-
16,16,-,-
17,17,-,-
18,18,-,-
19,19,-,-
20,20,-,-
21,21,-,-
22,22,-,-
23,23,-,-
24,24,-,-
25,25,-,-
26,26,-,-
27,27,-,-
28,28,-,-
29,29,-,-
30,30,-,-
ARCS,516
0,1,10,8,148,445,270.0,270,270.0
1,1,28,4,216,199,393.0,393,393.0
2,1,18,4,216,585,393.0,393,393.0
3,1,23,5,171,199,311.0,311,311.0
4,1,20,5,267,268,486.0,486,486.0
5,1,8,8,341,483,620.0,620,620.0
6,1,22,1,148,233,270.0,270,270.0
7,1,9,1,176,268,320.0,320,320.0
8,1,29,3,370,223,673.0,673,673.0
9,1,17,3,142,579,259.0,259,259.0
10,1,13,1,506,415,920.0,920,920.0
11,1,12,3,80,474,146.0,146,146.0
12,1,21,9,137,421,250.0,250,250.0
13,1,6,2,57,572,104.0,104,104.0
14,1,19,6,239,478,435.0,435,435.0
15,1,25,4,449,513,817.0,817,817.0
16,1,26,8,489,451,890.0,890,890.0
17,1,16,7,222,124,404.0,404,404.0
18,1,5,2,222,588,404.0,404,404.0
19,1,24,4,409,220,744.0,744,744.0
20,1,15,4,540,520,982.0,982,982.0
21,1,14,4,284,379,517.0,517,517.0
22,1,30,3,97,292,177.0,177,177.0
23,1,7,7,364,521,662.0,662,662.0
24,1,2,1,245,564,446.0,446,446.0
25,2,10,1,176,320,320.0,320,320.0
26,2,11,2,415,396,755.0,755,755.0
27,2,26,7,421,176,766.0,766,766.0
28,2,7,1,432,347,786.0,786,786.0
29,2,17,3,494,130,899.0,899,899.0
30,2,9,5,245,125,446.0,446,446.0
31,2,22,3,318,282,579.0,579,579.0
32,2,15,1,370,572,673.0,673,673.0
33,2,6,8,426,384,775.0,775,775.0
34,2,5,7,216,144,393.0,393,393.0
35,2,3,4,546,170,993.0,993,993.0
36,2,1,8,284,184,517.0,517,517.0
37,2,12,9,449,220,817.0,817,817.0
38,2,29,2,341,204,620.0,620,620.0
39,2,4,5,358,359,651.0,651,651.0
40,2,20,4,125,144,228.0,228,228.0
41,3,28,7,341,476,620.0,620,620.0
42,3,17,9,517,212,940.0,940,940.0
43,3,22,9,171,323,311.0,311,311.0
44,3,30,9,262,349,477.0,477,477.0
45,3,6,6,284,183,517.0,517,517.0
46,3,23,7,165,596,300.0,300,300.0
47,3,26,4,74,403,135.0,135,135.0
48,3,18,6,262,316,477.0,477,477.0
49,3,19,4,472,131,859.0,859,859.0
50,3,2,8,120,448,219.0,219,219.0
51,3,12,3,267,482,486.0,486,486.0
52,3,14,9,142,494,259.0,259,259.0
53,3,13,2,426,495,775.0,775,775.0
54,3,4,7,415,269,755.0,755,755.0
55,3,20,3,176,496,320.0,320,320.0
56,3,24,8,296,241,539.0,539,539.0
57,4,20,4,114,245,208.0,208,208.0
58,4,14,9,438,309,797.0,797,797.0
59,4,13,3,171,514,311.0,311,311.0
60,4,29,5,86,176,157.0,157,157.0
61,4,19,9,296,243,539.0,539,539.0
62,4,9,5,108,304,197.0,197,197.0
63,4,25,7,443,123,806.0,806,806.0
64,4,2,4,267,503,486.0,486,486.0
65,4,15,2,301,558,548.0,548,548.0
66,4,6,4,63,534,115.0,115,115.0
67,4,3,2,438,243,797.0,797,797.0
68,4,30,4,256,169,466.0,466,466.0
69,4,12,5,256,488,466.0,466,466.0
70,4,26,7,546,489,993.0,993,993.0
71,4,18,3,511,384,930.0,930,930.0
72,4,5,9,438,241,797.0,797,797.0
73,4,16,6,551,367,1002.0,1002,1002.0
74,4,11,7,335,563,610.0,610,610.0
75,4,1,4,256,222,466.0,466,466.0
76,5,11,6,455,191,828.0,828,828.0
77,5,20,7,131,286,239.0,239,239.0
78,5,24,8,540,183,982.0,982,982.0
79,5,29,6,324,308,590.0,590,590.0
80,5,16,2,375,280,682.0,682,682.0
81,5,19,3,409,449,744.0,744,744.0
82,5,30,2,176,561,320.0,320,320.0
83,5,21,5,517,425,940.0,940,940.0
84,5,25,6,506,454,920.0,920,920.0
85,5,9,2,443,576,806.0,806,806.0
86,5,6,4,500,242,910.0,910,910.0
87,5,15,9,137,359,250.0,250,250.0
88,5,28,9,557,424,1013.0,1013,1013.0
89,5,2,7,114,490,208.0,208,208.0
90,5,23,2,216,162,393.0,393,393.0
91,5,4,4,415,324,755.0,755,755.0
92,5,10,7,534,567,971.0,971,971.0
93,5,14,4,494,523,899.0,899,899.0
94,5,22,1,460,388,837.0,837,837.0
95,5,1,1,477,177,868.0,868,868.0
96,5,17,9,216,278,393.0,393,393.0
97,6,11,4,114,138,208.0,208,208.0
98,6,7,1,381,310,693.0,693,693.0
99,6,17,2,194,190,353.0,353,353.0
100,6,1,5,103,484,188.0,188,188.0
101,6,30,1,307,288,559.0,559,559.0
102,6,4,5,142,543,259.0,259,259.0
103,6,5,2,250,230,455.0,455,455.0
104,6,29,9,318,411,579.0,579,579.0
105,6,8,1,279,198,508.0,508,508.0
106,6,2,2,57,340,104.0,104,104.0
107,6,26,3,483,242,879.0,879,879.0
108,6,20,3,74,121,135.0,135,135.0
109,6,19,9,404,366,735.0,735,735.0
110,6,28,9,392,184,713.0,713,713.0
111,6,12,6,358,256,651.0,651,651.0
112,6,24,4,245,187,446.0,446,446.0
113,6,13,2,449,155,817.0,817,817.0
114,6,9,5,426,241,775.0,775,775.0
115,6,22,8,284,511,517.0,517,517.0
116,6,15,6,438,433,797.0,797,797.0
117,6,3,3,494,426,899.0,899,899.0
118,6,16,3,194,262,353.0,353,353.0
119,6,14,8,284,265,517.0,517,517.0
120,6,18,4,392,588,713.0,713,713.0
121,6,27,7,370,127,673.0,673,673.0
122,6,25,8,256,488,466.0,466,466.0
123,7,22,3,341,199,620.0,620,620.0
124,7,13,2,409,248,744.0,744,744.0
125,7,14,8,506,206,920.0,920,920.0
126,7,29,4,199,370,362.0,362,362.0
127,7,30,3,279,506,508.0,508,508.0
128,7,17,5,313,224,570.0,570,570.0
129,7,9,3,415,466,755.0,755,755.0
130,7,27,9,142,301,259.0,259,259.0
131,7,16,9,358,271,651.0,651,651.0
132,7,4,1,120,343,219.0,219,219.0
133,7,20,7,228,361,415.0,415,415.0
134,7,18,2,182,195,331.0,331,331.0
135,7,10,9,375,204,682.0,682,682.0
136,7,8,7,57,382,104.0,104,104.0
137,7,5,1,120,351,219.0,219,219.0
138,7,2,3,466,480,848.0,848,848.0
139,7,23,6,347,587,631.0,631,631.0
140,7,25,5,91,200,166.0,166,166.0
141,7,1,5,154,227,280.0,280,280.0
142,7,24,8,262,366,477.0,477,477.0
143,7,3,9,216,447,393.0,393,393.0
144,8,4,2,523,310,951.0,951,951.0
145,8,18,5,460,355,837.0,837,837.0
146,8,6,8,358,408,651.0,651,651.0
147,8,1,6,387,124,704.0,704,704.0
148,8,19,2,108,270,197.0,197,197.0
149,8,5,6,534,227,971.0,971,971.0
150,8,14,4,86,471,157.0,157,157.0
151,8,15,8,137,512,250.0,250,250.0
152,8,20,8,194,212,353.0,353,353.0
153,8,13,6,528,370,960.0,960,960.0
154,8,7,2,262,550,477.0,477,477.0
155,8,17,2,335,427,610.0,610,610.0
156,9,15,1,194,271,353.0,353,353.0
157,9,8,1,228,491,415.0,415,415.0
158,9,14,8,443,572,806.0,806,806.0
159,9,26,3,205,489,373.0,373,373.0
160,9,5,6,534,398,971.0,971,971.0
161,9,28,7,256,532,466.0,466,466.0
162,9,17,8,279,555,508.0,508,508.0
163,9,19,3,534,402,971.0,971,971.0
164,9,10,2,494,253,899.0,899,899.0
165,9,4,5,517,426,940.0,940,940.0
166,9,27,6,477,131,868.0,868,868.0
167,9,23,3,222,321,404.0,404,404.0
168,9,30,4,256,461,466.0,466,466.0
169,9,25,6,313,256,570.0,570,570.0
170,9,13,8,199,415,362.0,362,362.0
171,9,7,3,256,541,466.0,466,466.0
172,9,1,9,472,208,859.0,859,859.0
173,10,21,8,540,554,982.0,982,982.0
174,10,11,5,404,479,735.0,735,735.0
175,10,17,3,483,555,879.0,879,879.0
176,10,18,7,63,534,115.0,115,115.0
177,10,23,1,307,505,559.0,559,559.0
178,10,1,1,74,298,135.0,135,135.0
179,10,24,7,63,254,115.0,115,115.0
180,10,22,5,438,561,797.0,797,797.0
181,10,7,2,511,585,930.0,930,930.0
182,10,14,1,57,222,104.0,104,104.0
183,10,8,7,330,190,600.0,600,600.0
184,10,3,7,523,264,951.0,951,951.0
185,10,19,2,318,183,579.0,579,579.0
186,10,9,5,500,339,910.0,910,910.0
187,10,15,3,176,465,320.0,320,320.0
188,10,30,7,290,198,528.0,528,528.0
189,10,12,1,176,272,320.0,320,320.0
190,10,20,4,494,280,899.0,899,899.0
191,10,2,6,330,231,600.0,600,600.0
192,10,6,5,330,392,600.0,600,600.0
193,10,4,9,211,449,384.0,384,384.0
194,11,29,9,398,553,724.0,724,724.0
195,11,10,8,472,136,859.0,859,859.0
196,11,1,4,352,200,640.0,640,640.0
197,11,6,8,392,521,713.0,713,713.0
198,11,30,7,205,496,373.0,373,373.0
199,11,27,4,86,236,157.0,157,157.0
200,11,19,6,159,306,290.0,290,290.0
201,11,5,8,443,451,806.0,806,806.0
202,11,15,9,205,497,373.0,373,373.0
203,11,24,6,438,410,797.0,797,797.0
204,12,8,1,256,543,466.0,466,466.0
205,12,18,5,398,497,724.0,724,724.0
206,12,27,3,239,317,435.0,435,435.0
207,12,17,6,455,257,828.0,828,828.0
208,12,7,2,494,199,899.0,899,899.0
209,12,24,5,557,176,1013.0,1013,1013.0
210,12,15,3,415,212,755.0,755,755.0
211,12,14,6,301,142,548.0,548,548.0
212,12,3,6,557,335,1013.0,1013,1013.0
213,12,30,8,352,554,640.0,640,640.0
214,12,21,4,148,225,270.0,270,270.0
215,12,1,4,182,353,331.0,331,331.0
216,12,28,6,438,415,797.0,797,797.0
217,12,5,5,284,433,517.0,517,517.0
218,13,18,6,279,542,508.0,508,508.0
219,13,15,3,318,450,579.0,579,579.0
220,13,1,4,415,154,755.0,755,755.0
221,13,24,4,324,320,590.0,590,590.0
222,13,3,5,148,592,270.0,270,270.0
223,13,30,5,330,564,600.0,600,600.0
224,13,11,4,131,322,239.0,239,239.0
225,13,14,4,256,600,466.0,466,466.0
226,13,5,9,455,231,828.0,828,828.0
227,13,4,2,176,329,320.0,320,320.0
228,13,10,8,131,454,239.0,239,239.0
229,13,12,9,472,352,859.0,859,859.0
230,13,26,8,114,460,208.0,208,208.0
231,13,20,4,511,178,930.0,930,930.0
232,13,8,3,279,141,508.0,508,508.0
233,14,21,2,318,392,579.0,579,579.0
234,14,11,3,540,474,982.0,982,982.0
235,14,30,1,364,345,662.0,662,662.0
236,14,22,2,318,343,579.0,579,579.0
237,14,29,2,540,448,982.0,982,982.0
238,14,1,9,228,265,415.0,415,415.0
239,14,3,9,154,439,280.0,280,280.0
240,14,27,1,108,293,197.0,197,197.0
241,14,7,9,358,553,651.0,651,651.0
242,14,13,4,222,144,404.0,404,404.0
243,14,20,4,131,352,239.0,239,239.0
244,14,2,2,188,289,342.0,342,342.0
245,14,16,2,335,129,610.0,610,610.0
246,14,8,8,483,445,879.0,879,879.0
247,14,6,3,500,571,910.0,910,910.0
248,14,24,7,540,136,982.0,982,982.0
249,14,25,5,415,292,755.0,755,755.0
250,14,15,1,239,495,435.0,435,435.0
251,14,23,5,415,147,755.0,755,755.0
252,15,24,6,546,217,993.0,993,993.0
253,15,16,9,375,443,682.0,682,682.0
254,15,3,1,290,376,528.0,528,528.0
255,15,1,9,398,240,724.0,724,724.0
256,15,21,5,375,578,682.0,682,682.0
257,15,29,3,494,240,899.0,899,899.0
258,15,7,2,148,171,270.0,270,270.0
259,15,27,9,398,381,724.0,724,724.0
260,15,9,6,415,517,755.0,755,755.0
261,15,8,3,500,381,910.0,910,910.0
262,15,17,7,483,148,879.0,879,879.0
263,15,22,6,211,326,384.0,384,384.0
264,15,26,6,74,442,135.0,135,135.0
265,15,14,4,120,185,219.0,219,219.0
266,15,18,9,341,161,620.0,620,620.0
267,15,28,7,517,409,940.0,940,940.0
268,15,13,8,528,385,960.0,960,960.0
269,15,25,9,404,334,735.0,735,735.0
270,15,30,3,438,334,797.0,797,797.0
271,15,10,9,137,473,250.0,250,250.0
272,15,20,2,511,527,930.0,930,930.0
273,15,19,9,472,356,859.0,859,859.0
274,15,6,1,528,334,960.0,960,960.0
275,15,5,1,233,291,424.0,424,424.0
276,15,2,3,381,126,693.0,693,693.0
277,15,23,1,148,356,270.0,270,270.0
278,15,4,5,131,231,239.0,239,239.0
279,16,18,4,534,482,971.0,971,971.0
280,16,22,5,194,227,353.0,353,353.0
281,16,14,1,455,420,828.0,828,828.0
282,16,3,1,290,262,528.0,528,528.0
283,16,27,9,273,486,497.0,497,497.0
284,16,30,5,114,357,208.0,208,208.0
285,16,4,9,546,183,993.0,993,993.0
286,16,19,7,335,237,610.0,610,610.0
287,16,9,6,387,385,704.0,704,704.0
288,16,13,5,443,332,806.0,806,806.0
289,16,23,9,347,355,631.0,631,631.0
290,16,25,1,557,233,1013.0,1013,1013.0
291,16,21,5,477,165,868.0,868,868.0
292,16,12,2,108,405,197.0,197,197.0
293,16,8,8,194,460,353.0,353,353.0
294,16,7,7,546,476,993.0,993,993.0
295,17,13,7,318,541,579.0,579,579.0
296,17,23,3,131,217,239.0,239,239.0
297,17,25,6,114,532,208.0,208,208.0
298,17,5,9,97,572,177.0,177,177.0
299,17,26,9,245,476,446.0,446,446.0
300,17,30,2,483,537,879.0,879,879.0
301,17,7,2,432,276,786.0,786,786.0
302,17,16,5,330,432,600.0,600,600.0
303,17,2,9,563,333,1024.0,1024,1024.0
304,17,19,5,267,334,486.0,486,486.0
305,17,4,9,211,368,384.0,384,384.0
306,17,29,1,69,184,126.0,126,126.0
307,17,10,2,296,590,539.0,539,539.0
308,17,18,4,267,454,486.0,486,486.0
309,17,6,8,159,512,290.0,290,290.0
310,17,22,4,404,525,735.0,735,735.0
311,17,21,6,364,461,662.0,662,662.0
312,17,8,9,245,242,446.0,446,446.0
313,18,26,3,370,167,673.0,673,673.0
314,18,22,8,228,559,415.0,415,415.0
315,18,21,9,91,462,166.0,166,166.0
316,18,5,7,228,569,415.0,415,415.0
317,18,7,7,125,560,228.0,228,228.0
318,18,14,8,551,420,1002.0,1002,1002.0
319,18,1,6,426,323,775.0,775,775.0
320,18,30,1,449,169,817.0,817,817.0
321,18,4,2,335,425,610.0,610,610.0
322,18,19,1,330,546,600.0,600,600.0
323,18,3,4,120,367,219.0,219,219.0
324,18,12,8,523,195,951.0,951,951.0
325,18,25,4,222,201,404.0,404,404.0
326,19,16,1,506,161,920.0,920,920.0
327,19,20,1,159,130,290.0,290,290.0
328,19,25,5,256,220,466.0,466,466.0
329,19,30,2,506,594,920.0,920,920.0
330,19,22,7,477,419,868.0,868,868.0
331,19,18,2,188,271,342.0,342,342.0
332,19,6,7,404,527,735.0,735,735.0
333,19,10,7,63,440,115.0,115,115.0
334,19,27,8,114,177,208.0,208,208.0
335,19,9,9,296,367,539.0,539,539.0
336,19,8,5,267,413,486.0,486,486.0
337,19,1,4,222,136,404.0,404,404.0
338,19,26,9,375,561,682.0,682,682.0
339,19,14,3,211,310,384.0,384,384.0
340,19,21,5,489,224,890.0,890,890.0
341,19,4,2,114,121,208.0,208,208.0
342,19,11,4,74,182,135.0,135,135.0
343,19,12,6,199,175,362.0,362,362.0
344,19,5,9,364,345,662.0,662,662.0
345,20,30,5,500,222,910.0,910,910.0
346,20,21,4,188,424,342.0,342,342.0
347,20,2,4,69,398,126.0,126,126.0
348,20,26,3,477,299,868.0,868,868.0
349,20,16,3,97,280,177.0,177,177.0
350,20,13,2,364,540,662.0,662,662.0
351,20,18,1,370,393,673.0,673,673.0
352,20,15,1,404,162,735.0,735,735.0
353,20,28,3,511,375,930.0,930,930.0
354,20,17,4,137,321,250.0,250,250.0
355,20,27,6,125,378,228.0,228,228.0
356,20,22,8,296,546,539.0,539,539.0
357,20,1,8,347,567,631.0,631,631.0
358,21,4,3,398,258,724.0,724,724.0
359,21,7,1,511,247,930.0,930,930.0
360,21,13,8,347,450,631.0,631,631.0
361,21,18,5,182,164,331.0,331,331.0
362,21,26,7,245,170,446.0,446,446.0
363,21,8,8,120,432,219.0,219,219.0
364,21,14,5,347,582,631.0,631,631.0
365,21,24,8,313,540,570.0,570,570.0
366,21,25,1,296,171,539.0,539,539.0
367,21,9,4,69,553,126.0,126,126.0
368,21,23,7,228,520,415.0,415,415.0
369,21,6,1,364,519,662.0,662,662.0
370,21,2,9,284,448,517.0,517,517.0
371,21,17,3,347,260,631.0,631,631.0
372,22,29,6,511,334,930.0,930,930.0
373,22,19,6,347,340,631.0,631,631.0
374,22,3,7,324,577,590.0,590,590.0
375,22,7,4,165,419,300.0,300,300.0
376,22,23,4,352,318,640.0,640,640.0
377,22,15,9,216,306,393.0,393,393.0
378,22,26,1,449,582,817.0,817,817.0
379,22,18,4,296,260,539.0,539,539.0
380,22,20,4,387,359,704.0,704,704.0
381,22,6,9,182,257,331.0,331,331.0
382,22,28,4,546,280,993.0,993,993.0
383,22,1,4,273,362,497.0,497,497.0
384,22,8,3,540,252,982.0,982,982.0
385,22,17,4,415,398,755.0,755,755.0
386,22,12,6,375,350,682.0,682,682.0
387,22,30,6,188,419,342.0,342,342.0
388,23,22,8,307,343,559.0,559,559.0
389,23,17,3,165,207,300.0,300,300.0
390,23,19,7,171,592,311.0,311,311.0
391,23,9,4,228,199,415.0,415,415.0
392,23,26,6,557,370,1013.0,1013,1013.0
393,23,30,3,205,196,373.0,373,373.0
394,23,4,5,546,600,993.0,993,993.0
395,23,13,9,125,543,228.0,228,228.0
396,23,10,2,228,158,415.0,415,415.0
397,23,21,1,438,376,797.0,797,797.0
398,24,27,8,534,249,971.0,971,971.0
399,24,29,8,239,524,435.0,435,435.0
400,24,5,6,347,339,631.0,631,631.0
401,24,25,1,438,374,797.0,797,797.0
402,24,4,7,284,173,517.0,517,517.0
403,24,10,3,222,229,404.0,404,404.0
404,24,7,5,267,468,486.0,486,486.0
405,24,21,2,307,413,559.0,559,559.0
406,24,14,5,250,182,455.0,455,455.0
407,24,18,4,563,370,1024.0,1024,1024.0
408,24,6,5,256,382,466.0,466,466.0
409,24,9,2,404,585,735.0,735,735.0
410,24,1,7,460,564,837.0,837,837.0
411,24,13,3,318,229,579.0,579,579.0
412,24,12,2,477,391,868.0,868,868.0
413,24,17,5,239,355,435.0,435,435.0
414,25,27,5,432,554,786.0,786,786.0
415,25,7,6,262,432,477.0,477,477.0
416,25,8,3,279,298,508.0,508,508.0
417,25,4,8,500,146,910.0,910,910.0
418,25,3,1,131,538,239.0,239,239.0
419,25,16,4,546,531,993.0,993,993.0
420,25,28,4,455,600,828.0,828,828.0
421,25,17,3,103,382,188.0,188,188.0
422,25,24,8,211,329,384.0,384,384.0
423,25,30,7,194,341,353.0,353,353.0
424,25,19,5,80,207,146.0,146,146.0
425,25,21,4,375,376,682.0,682,682.0
426,26,2,2,57,131,104.0,104,104.0
427,26,1,4,216,382,393.0,393,393.0
428,26,7,3,91,311,166.0,166,166.0
429,26,4,8,284,155,517.0,517,517.0
430,26,24,1,250,204,455.0,455,455.0
431,26,6,9,114,456,208.0,208,208.0
432,26,11,4,154,189,280.0,280,280.0
433,26,28,9,511,289,930.0,930,930.0
434,26,14,7,426,278,775.0,775,775.0
435,26,10,2,154,411,280.0,280,280.0
436,26,29,3,483,495,879.0,879,879.0
437,26,30,5,284,268,517.0,517,517.0
438,26,3,3,211,386,384.0,384,384.0
439,26,23,3,262,473,477.0,477,477.0
440,26,8,5,137,161,250.0,250,250.0
441,27,30,5,74,277,135.0,135,135.0
442,27,10,2,409,352,744.0,744,744.0
443,27,5,1,455,468,828.0,828,828.0
444,27,20,7,273,361,497.0,497,497.0
445,27,21,3,103,566,188.0,188,188.0
446,27,25,7,432,491,786.0,786,786.0
447,27,14,6,511,587,930.0,930,930.0
448,27,2,5,216,540,393.0,393,393.0
449,27,23,3,489,330,890.0,890,890.0
450,27,15,6,131,269,239.0,239,239.0
451,27,12,7,324,444,590.0,590,590.0
452,27,8,8,250,254,455.0,455,455.0
453,27,4,8,546,236,993.0,993,993.0
454,27,24,7,131,506,239.0,239,239.0
455,27,19,7,216,548,393.0,393,393.0
456,27,18,5,228,519,415.0,415,415.0
457,27,28,2,472,461,859.0,859,859.0
458,27,9,3,534,362,971.0,971,971.0
459,27,7,7,171,496,311.0,311,311.0
460,27,29,5,387,253,704.0,704,704.0
461,27,11,6,517,239,940.0,940,940.0
462,27,22,1,364,308,662.0,662,662.0
463,27,17,7,335,337,610.0,610,610.0
464,27,6,5,370,391,673.0,673,673.0
465,27,3,4,511,575,930.0,930,930.0
466,27,16,1,358,205,651.0,651,651.0
467,27,26,6,154,457,280.0,280,280.0
468,27,1,5,335,253,610.0,610,610.0
469,28,11,4,262,188,477.0,477,477.0
470,28,7,1,211,166,384.0,384,384.0
471,28,4,9,307,474,559.0,559,559.0
472,28,18,9,438,310,797.0,797,797.0
473,28,26,6,108,142,197.0,197,197.0
474,28,2,9,222,274,404.0,404,404.0
475,28,23,5,307,550,559.0,559,559.0
476,28,24,7,370,381,673.0,673,673.0
477,28,14,9,398,133,724.0,724,724.0
478,28,13,8,472,156,859.0,859,859.0
479,28,29,1,517,274,940.0,940,940.0
480,28,10,9,233,266,424.0,424,424.0
481,28,16,4,511,485,930.0,930,930.0
482,28,1,9,142,311,259.0,259,259.0
483,28,15,6,171,537,311.0,311,311.0
484,28,3,7,364,170,662.0,662,662.0
485,28,25,4,284,289,517.0,517,517.0
486,29,17,2,551,397,1002.0,1002,1002.0
487,29,2,3,86,301,157.0,157,157.0
488,29,14,3,557,178,1013.0,1013,1013.0
489,29,13,9,534,164,971.0,971,971.0
490,29,24,6,245,490,446.0,446,446.0
491,29,10,9,540,366,982.0,982,982.0
492,29,12,7,267,427,486.0,486,486.0
493,29,3,7,438,337,797.0,797,797.0
494,29,16,1,426,420,775.0,775,775.0
495,29,26,3,222,246,404.0,404,404.0
496,29,5,3,347,455,631.0,631,631.0
497,29,6,2,256,153,466.0,466,466.0
498,29,27,5,86,509,157.0,157,157.0
499,29,18,2,307,422,559.0,559,559.0
500,29,25,3,511,338,930.0,930,930.0
501,29,15,9,199,161,362.0,362,362.0
502,29,19,6,455,445,828.0,828,828.0
503,30,4,4,404,214,735.0,735,735.0
504,30,5,1,267,278,486.0,486,486.0
505,30,12,7,551,555,1002.0,1002,1002.0
506,30,20,3,494,471,899.0,899,899.0
507,30,18,6,199,247,362.0,362,362.0
508,30,10,7,165,247,300.0,300,300.0
509,30,26,4,211,339,384.0,384,384.0
510,30,22,8,324,432,590.0,590,590.0
511,30,16,7,392,152,713.0,713,713.0
512,30,15,6,57,240,104.0,104,104.0
513,30,7,7,154,404,280.0,280,280.0
514,30,13,5,216,297,393.0,393,393.0
515,30,1,9,69,537,126.0,126,126.0
COMMODITIES,400
0,9,5,67,461,1262.0,461,1262.0
1,23,12,70,532,1302.0,532,1302.0
2,28,29,20,466,1222.0,466,1222.0
3,18,17,65,487,1191.0,487,1191.0
4,21,1,36,420,1204.0,420,1204.0
5,18,12,66,514,1255.0,514,1255.0
6,18,28,56,403,1283.0,403,1283.0
7,14,11,24,533,1296.0,533,1296.0
8,24,1,15,448,1097.0,448,1097.0
9,8,4,31,474,986.0,474,986.0
10,15,21,44,541,1196.0,541,1196.0
11,28,15,29,600,1033.0,600,1033.0
12,11,13,38,430,1252.0,430,1252.0
13,13,28,65,462,1362.0,462,1362.0
14,26,18,32,424,939.0,424,939.0
15,8,5,16,515,1325.0,515,1325.0
16,2,3,49,373,1153.0,373,1153.0
17,9,24,67,466,1342.0,466,1342.0
18,8,29,56,599,1286.0,599,1286.0
19,25,12,35,356,957.0,356,957.0
20,2,21,46,462,1140.0,462,1140.0
21,9,16,28,449,1457.0,449,1457.0
22,12,22,31,479,1213.0,479,1213.0
23,16,3,26,496,1132.0,496,1132.0
24,3,8,24,477,989.0,477,989.0
25,17,10,40,581,1124.0,581,1124.0
26,9,26,37,630,1108.0,630,1108.0
27,30,29,28,533,1126.0,533,1126.0
28,24,16,64,400,1291.0,400,1291.0
29,26,3,72,556,1007.0,556,1007.0
30,9,11,58,430,1135.0,430,1135.0
31,7,13,45,433,1114.0,433,1114.0
32,25,21,63,450,1106.0,450,1106.0
33,9,4,36,508,1206.0,508,1206.0
34,30,3,37,512,1219.0,512,1219.0
35,6,20,26,501,794.0,501,794.0
36,6,13,58,519,1193.0,519,1193.0
37,23,20,53,506,1217.0,506,1217.0
38,4,18,23,402,1191.0,402,1191.0
39,11,30,66,535,953.0,535,953.0
40,14,17,74,492,1086.0,492,1086.0
41,14,12,37,535,1224.0,535,1224.0
42,1,9,44,584,1031.0,584,1031.0
43,23,30,28,388,902.0,388,902.0
44,10,23,43,501,1042.0,501,1042.0
45,2,29,72,502,1238.0,502,1238.0
46,3,11,71,459,992.0,459,992.0
47,20,29,23,538,997.0,538,997.0
48,3,14,38,448,768.0,448,768.0
49,1,8,23,508,1110.0,508,1110.0
50,4,25,20,496,1206.0,496,1206.0
51,10,4,55,416,911.0,416,911.0
52,12,19,52,464,1265.0,464,1265.0
53,6,12,68,575,1043.0,575,1043.0
54,3,16,72,458,1092.0,458,1092.0
55,13,23,68,495,1188.0,495,1188.0
56,3,27,26,502,1122.0,502,1122.0
57,20,14,53,483,1130.0,483,1130.0
58,12,25,72,458,1380.0,458,1380.0
59,26,6,34,408,757.0,408,757.0
60,13,12,46,536,1175.0,536,1175.0
61,18,26,16,452,930.0,452,930.0
62,1,4,17,459,923.0,459,923.0
63,14,7,62,534,1119.0,534,1119.0
64,11,1,57,484,1017.0,484,1017.0
65,9,12,52,431,1266.0,431,1266.0
66,19,8,58,484,1143.0,484,1143.0
67,17,2,53,469,865.0,469,865.0
68,11,14,26,470,1112.0,470,1112.0
69,14,8,29,561,1280.0,561,1280.0
70,4,19,66,411,1040.0,411,1040.0
71,5,26,33,449,975.0,449,975.0
72,23,6,53,517,1204.0,517,1204.0
73,17,22,28,469,1312.0,469,1312.0
74,30,17,47,503,1014.0,503,1014.0
75,26,30,34,485,1104.0,485,1104.0
76,13,22,44,461,1168.0,461,1168.0
77,11,29,39,437,1228.0,437,1228.0
78,25,3,31,533,868.0,533,868.0
79,16,6,21,415,959.0,415,959.0
80,8,21,59,460,1136.0,460,1136.0
81,29,2,71,535,803.0,535,803.0
82,17,12,34,391,1121.0,391,1121.0
83,21,3,28,540,1196.0,540,1196.0
84,18,22,56,360,889.0,360,889.0
85,23,7,23,496,1250.0,496,1250.0
86,11,10,56,462,946.0,462,946.0
87,18,3,50,563,879.0,563,879.0
88,20,2,20,545,791.0,545,791.0
89,26,24,74,535,1064.0,535,1064.0
90,26,28,51,474,1410.0,474,1410.0
91,27,26,65,455,872.0,455,872.0
92,28,11,63,507,1114.0,507,1114.0
93,22,12,17,506,1216.0,506,1216.0
94,13,1,47,489,988.0,489,988.0
95,15,11,21,385,941.0,385,941.0
96,28,20,33,485,1103.0,485,1103.0
97,28,13,73,515,1459.0,515,1459.0
98,8,9,20,445,1177.0,445,1177.0
99,30,10,26,477,918.0,477,918.0
100,21,4,49,484,1191.0,484,1191.0
101,26,23,29,447,1075.0,447,1075.0
102,11,9,72,547,1157.0,547,1157.0
103,28,23,52,461,1102.0,461,1102.0
104,10,20,65,438,908.0,438,908.0
105,26,19,37,491,1070.0,491,1070.0
106,19,10,64,410,674.0,410,674.0
107,26,29,49,469,1104.0,469,1104.0
108,8,17,24,403,1140.0,403,1140.0
109,17,15,27,545,1079.0,545,1079.0
110,18,9,48,402,806.0,402,806.0
111,18,27,43,469,1054.0,469,1054.0
112,22,23,32,508,1299.0,508,1299.0
113,10,9,16,525,1029.0,525,1029.0
114,17,30,71,526,1046.0,526,1046.0
115,8,11,33,480,957.0,480,957.0
116,4,20,18,461,767.0,461,767.0
117,16,22,72,507,963.0,507,963.0
118,16,2,63,430,1073.0,430,1073.0
119,25,14,34,580,1055.0,580,1055.0
120,7,25,43,552,871.0,552,871.0
121,4,9,18,488,802.0,488,802.0
122,2,20,15,483,853.0,483,853.0
123,19,7,50,467,1072.0,467,1072.0
124,14,1,46,482,1023.0,482,1023.0
125,11,15,57,479,945.0,479,945.0
126,4,23,27,418,1168.0,418,1168.0
127,30,28,71,445,1051.0,445,1051.0
128,14,26,47,413,927.0,413,927.0
129,24,15,61,391,1226.0,391,1226.0
130,18,23,29,341,1010.0,341,1010.0
131,17,13,34,389,1018.0,389,1018.0
132,4,27,15,386,807.0,386,807.0
133,19,20,49,475,895.0,475,895.0
134,25,9,15,563,1226.0,563,1226.0
135,17,1,23,462,1021.0,462,1021.0
136,14,25,66,521,1298.0,521,1298.0
137,24,2,22,477,1165.0,477,1165.0
138,15,9,68,417,1012.0,417,1012.0
139,25,16,33,474,1248.0,474,1248.0
140,4,7,74,355,1098.0,355,1098.0
141,13,14,64,385,833.0,385,833.0
142,18,4,23,470,1037.0,470,1037.0
143,10,26,49,548,1135.0,548,1135.0
144,21,20,58,481,1190.0,481,1190.0
145,4,5,68,373,1071.0,373,1071.0
146,3,25,69,500,1095.0,500,1095.0
147,19,6,19,421,843.0,421,843.0
148,22,9,36,475,1319.0,475,1319.0
149,28,7,32,441,909.0,441,909.0
150,10,12,52,530,953.0,530,953.0
151,8,19,69,478,797.0,478,797.0
152,20,13,31,521,1325.0,521,1325.0
153,17,8,37,379,921.0,379,921.0
154,30,4,45,493,961.0,493,961.0
155,19,13,71,383,999.0,383,999.0
156,22,24,51,521,1410.0,521,1410.0
157,20,10,46,473,1058.0,473,1058.0
158,10,1,42,474,718.0,474,718.0
159,30,20,40,431,906.0,431,906.0
160,11,17,38,445,1233.0,445,1233.0
161,3,5,70,416,1044.0,416,1044.0
162,5,10,21,499,1114.0,499,1114.0
163,12,17,28,496,1193.0,496,1193.0
164,4,3,35,541,1244.0,541,1244.0
165,19,24,15,401,775.0,401,775.0
166,11,2,40,473,1183.0,473,1183.0
167,17,19,42,425,892.0,425,892.0
168,1,26,54,477,996.0,477,996.0
169,30,21,70,547,1011.0,547,1011.0
170,19,5,34,471,1205.0,471,1205.0
171,22,17,24,450,1269.0,450,1269.0
172,6,30,72,399,876.0,399,876.0
173,25,18,70,429,940.0,429,940.0
174,14,22,19,549,1243.0,549,1243.0
175,12,4,54,546,1388.0,546,1388.0
176,2,22,69,540,1233.0,540,1233.0
177,14,9,27,483,1110.0,483,1110.0
178,13,5,36,477,1178.0,477,1178.0
179,8,1,71,521,1138.0,521,1138.0
180,12,6,66,402,983.0,402,983.0
181,21,17,47,484,1180.0,484,1180.0
182,19,29,46,535,1012.0,535,1012.0
183,10,8,19,484,1049.0,484,1049.0
184,20,1,71,451,1066.0,451,1066.0
185,29,20,58,475,995.0,475,995.0
186,4,13,69,448,904.0,448,904.0
187,18,6,52,581,1259.0,581,1259.0
188,30,9,55,461,995.0,461,995.0
189,3,7,56,531,970.0,531,970.0
190,2,30,35,450,1154.0,450,1154.0
191,12,30,28,541,1167.0,541,1167.0
192,11,12,56,476,1148.0,476,1148.0
193,3,18,32,508,1129.0,508,1129.0
194,21,26,38,467,1038.0,467,1038.0
195,8,6,54,483,1112.0,483,1112.0
196,16,25,63,418,1199.0,418,1199.0
197,7,15,46,410,866.0,410,866.0
198,29,30,45,401,839.0,401,839.0
199,20,21,31,420,884.0,420,884.0
200,28,10,26,598,1153.0,598,1153.0
201,30,14,21,426,895.0,426,895.0
202,30,8,38,427,928.0,427,928.0
203,20,19,32,444,1162.0,444,1162.0
204,29,24,27,401,886.0,401,886.0
205,14,19,28,539,1266.0,539,1266.0
206,4,14,70,414,1178.0,414,1178.0
207,29,13,15,399,1208.0,399,1208.0
208,25,27,30,327,813.0,327,813.0
209,27,3,40,476,1209.0,476,1209.0
210,4,17,52,460,1017.0,460,1017.0
211,4,29,18,383,671.0,383,671.0
212,19,23,26,513,1199.0,513,1199.0
213,9,13,36,415,893.0,415,893.0
214,15,28,15,582,1450.0,582,1450.0
215,13,7,70,500,1029.0,500,1029.0
216,13,9,39,498,1133.0,498,1133.0
217,11,16,68,498,1372.0,498,1372.0
218,19,3,17,406,989.0,406,989.0
219,7,18,74,379,857.0,379,857.0
220,9,17,47,546,1156.0,546,1156.0
221,3,26,20,487,715.0,487,715.0
222,28,3,70,400,1098.0,400,1098.0
223,11,26,69,528,1103.0,528,1103.0
224,24,8,56,604,1353.0,604,1353.0
225,21,23,72,525,1061.0,525,1061.0
226,29,23,42,400,1124.0,400,1124.0
227,25,20,65,453,1019.0,453,1019.0
228,22,19,31,488,1234.0,488,1234.0
229,29,11,23,581,1376.0,581,1376.0
230,8,18,44,479,1008.0,479,1008.0
231,29,26,62,466,996.0,466,996.0
232,23,29,71,495,1053.0,495,1053.0
233,9,2,29,439,1026.0,439,1026.0
234,14,15,24,384,961.0,384,961.0
235,20,24,27,455,1042.0,455,1042.0
236,4,28,45,520,1282.0,520,1282.0
237,22,8,57,450,925.0,450,925.0
238,11,25,38,525,1257.0,525,1257.0
239,18,25,22,518,1001.0,518,1001.0
240,2,26,15,492,1318.0,492,1318.0
241,30,1,57,448,723.0,448,723.0
242,2,24,59,504,1067.0,504,1067.0
243,12,26,21,454,1304.0,454,1304.0
244,28,21,22,474,1107.0,474,1107.0
245,10,19,38,522,1209.0,522,1209.0
246,14,3,58,605,992.0,605,992.0
247,6,24,27,527,1083.0,527,1083.0
248,10,30,70,414,879.0,414,879.0
249,23,25,22,459,1123.0,459,1123.0
250,5,11,28,499,1302.0,499,1302.0
251,27,2,71,553,1005.0,553,1005.0
252,24,10,69,482,992.0,482,992.0
253,25,7,69,484,1073.0,484,1073.0
254,4,1,28,448,871.0,448,871.0
255,25,19,30,395,635.0,395,635.0
256,30,13,28,454,959.0,454,959.0
257,22,11,52,516,1189.0,516,1189.0
258,24,30,39,573,1419.0,573,1419.0
259,27,19,24,530,1014.0,530,1014.0
260,29,3,59,444,1356.0,444,1356.0
261,12,23,56,593,1336.0,593,1336.0
262,3,4,73,382,1021.0,382,1021.0
263,10,25,21,497,1117.0,497,1117.0
264,26,9,35,536,1200.0,536,1200.0
265,18,8,21,514,951.0,514,951.0
266,22,18,47,466,1129.0,466,1129.0
267,27,7,41,507,881.0,507,881.0
268,29,21,56,479,951.0,479,951.0
269,16,5,70,548,1362.0,548,1362.0
270,18,7,16,441,785.0,441,785.0
271,20,18,42,493,1192.0,493,1192.0
272,2,23,74,485,1305.0,485,1305.0
273,22,29,21,467,1264.0,467,1264.0
274,9,10,34,560,1285.0,560,1285.0
275,29,22,60,463,1287.0,463,1287.0
276,30,7,27,455,873.0,455,873.0
277,1,11,70,456,866.0,456,866.0
278,21,29,63,456,1365.0,456,1365.0
279,25,17,42,483,769.0,483,769.0
280,30,19,56,545,1240.0,545,1240.0
281,5,18,52,387,1108.0,387,1108.0
282,2,18,74,441,985.0,441,985.0
283,22,28,50,479,1489.0,479,1489.0
284,23,18,59,496,1129.0,496,1129.0
285,14,5,67,470,1298.0,470,1298.0
286,5,13,26,391,1105.0,391,1105.0
287,3,29,25,432,1224.0,432,1224.0
288,27,11,41,442,1094.0,442,1094.0
289,25,4,62,511,994.0,511,994.0
290,3,19,25,478,1180.0,478,1180.0
291,26,25,64,442,883.0,442,883.0
292,19,12,52,459,940.0,459,940.0
293,23,24,63,576,1233.0,576,1233.0
294,14,10,15,467,1209.0,467,1209.0
295,27,28,69,418,1197.0,418,1197.0
296,13,16,38,492,1302.0,492,1302.0
297,12,13,41,483,1383.0,483,1383.0
298,22,26,51,491,1156.0,491,1156.0
299,15,20,41,531,1100.0,531,1100.0
300,6,23,25,519,1191.0,519,1191.0
301,26,11,33,519,922.0,519,922.0
302,12,27,23,479,1053.0,479,1053.0
303,11,3,20,528,1389.0,528,1389.0
304,21,24,32,564,1250.0,564,1250.0
305,4,10,35,366,1014.0,366,1014.0
306,4,24,59,501,1182.0,501,1182.0
307,28,27,30,610,1306.0,610,1306.0
308,10,14,51,507,701.0,507,701.0
309,27,30,51,494,728.0,494,728.0
310,6,10,41,445,991.0,445,991.0
311,21,25,64,336,1015.0,336,1015.0
312,24,4,44,442,1061.0,442,1061.0
313,13,18,48,513,985.0,513,985.0
314,11,19,43,543,962.0,543,962.0
315,9,6,26,549,1257.0,549,1257.0
316,19,18,48,500,845.0,500,845.0
317,17,23,17,438,790.0,438,790.0
318,30,22,40,509,1014.0,509,1014.0
319,10,2,29,507,977.0,507,977.0
320,28,14,61,422,1076.0,422,1076.0
321,13,24,42,525,975.0,525,975.0
322,10,28,67,411,1057.0,411,1057.0
323,16,27,47,470,1072.0,470,1072.0
324,16,12,63,460,786.0,460,786.0
325,26,2,64,332,572.0,332,572.0
326,7,12,40,490,1042.0,490,1042.0
327,3,12,51,488,1098.0,488,1098.0
328,7,30,49,388,899.0,388,899.0
329,22,10,57,552,1315.0,552,1315.0
330,8,15,46,540,911.0,540,911.0
331,23,13,31,495,865.0,495,865.0
332,17,14,65,475,1176.0,475,1176.0
333,29,25,40,547,1271.0,547,1271.0
334,17,3,18,516,1073.0,516,1073.0
335,12,21,72,491,881.0,491,881.0
336,13,11,70,570,905.0,570,905.0
337,25,28,35,566,1489.0,566,1489.0
338,28,25,51,457,1121.0,457,1121.0
339,4,6,56,454,708.0,454,708.0
340,8,26,49,407,890.0,407,890.0
341,2,25,44,377,1175.0,377,1175.0
342,3,2,15,392,735.0,392,735.0
343,9,29,16,521,1279.0,521,1279.0
344,22,13,26,550,1414.0,550,1414.0
345,21,12,16,495,1383.0,495,1383.0
346,20,17,48,475,842.0,475,842.0
347,4,15,37,437,1061.0,437,1061.0
348,8,13,46,508,1189.0,508,1189.0
349,21,9,23,569,828.0,569,828.0
350,3,17,67,559,1279.0,559,1279.0
351,17,26,52,569,1149.0,569,1149.0
352,12,2,37,477,1098.0,477,1098.0
353,7,4,23,497,810.0,497,810.0
354,25,13,26,422,1149.0,422,1149.0
355,28,19,25,472,1243.0,472,1243.0
356,7,9,63,472,1036.0,472,1036.0
357,14,20,35,498,847.0,498,847.0
358,24,6,35,525,1098.0,525,1098.0
359,19,25,23,564,1135.0,564,1135.0
360,8,27,65,409,906.0,409,906.0
361,28,30,26,501,1091.0,501,1091.0
362,12,14,67,423,1099.0,423,1099.0
363,3,22,60,500,893.0,500,893.0
364,12,15,40,544,1315.0,544,1315.0
365,4,16,60,587,1068.0,587,1068.0
366,30,16,31,529,1190.0,529,1190.0
367,23,11,36,562,1131.0,562,1131.0
368,1,20,22,611,1000.0,611,1000.0
369,20,7,34,357,1000.0,357,1000.0
370,5,29,48,421,1071.0,421,1071.0
371,7,21,65,504,1076.0,504,1076.0
372,2,12,43,457,1193.0,457,1193.0
373,4,8,38,463,1193.0,463,1193.0
374,19,2,74,529,1032.0,529,1032.0
375,27,15,27,521,864.0,521,864.0
376,8,12,66,529,1243.0,529,1243.0
377,15,7,23,549,942.0,549,942.0
378,1,30,55,490,812.0,490,812.0
379,12,11,22,507,1274.0,507,1274.0
380,22,4,19,475,1083.0,475,1083.0
381,6,28,54,527,1236.0,527,1236.0
382,1,3,55,383,1110.0,383,1110.0
383,16,13,51,417,1153.0,417,1153.0
384,19,28,51,525,1277.0,525,1277.0
385,29,7,74,482,1049.0,482,1049.0
386,3,20,37,503,964.0,503,964.0
387,12,24,72,516,1304.0,516,1304.0
388,4,30,31,528,1087.0,528,1087.0
389,9,19,24,440,1205.0,440,1205.0
390,7,6,53,483,957.0,483,957.0
391,24,17,67,536,1115.0,536,1115.0
392,3,1,41,444,1086.0,444,1086.0
393,13,30,29,516,1168.0,516,1168.0
394,8,3,58,468,1034.0,468,1034.0
395,16,8,65,529,992.0,529,992.0
396,12,9,68,529,1057.0,529,1057.0
397,23,27,23,421,1079.0,421,1079.0
398,8,14,33,491,810.0,491,810.0
399,19,15,69,498,1063.0,498,1063.0
horizon=297
