NODES,30
1,1,-,-
2,2,-,-
3,3,-,-
4,4,-,-
5,5,-,-
6,6,-,-
7,7,-,-
8,8,-,-
9,9,-,-
10,10,-,-
11,11,-,-
12,12,-,-
13,13,-,-
14,14,-,-
15,15,-,-
16,16,-,-
17,17,-,-
18,18,-,-
19,19,-,-
20,20,-,-
21,21,-,-
22,22,-,-
23,23,-,-
24,24,-,-
25,25,-,-
26,26,-,-
27,27,-,-
28,28,-,-
29,29,-,-
30,30,-,-
ARCS,518
0,1,15,8,267,196,486.0,486,486.0
1,1,28,1,947,182,1722.0,1722,1722.0
2,1,13,7,656,583,1193.0,1193,1193.0
3,1,12,7,995,377,1810.0,1810,1810.0
4,1,6,4,874,363,1590.0,1590,1590.0
5,1,2,9,401,569,730.0,730,730.0
6,1,22,6,825,593,1500.0,1500,1500.0
7,1,18,7,510,574,928.0,928,928.0
8,1,20,9,765,442,1391.0,1391,1391.0
9,1,21,2,1080,554,1964.0,1964,1964.0
10,1,16,7,146,256,266.0,266,266.0
11,1,7,4,668,482,1215.0,1215,1215.0
12,1,14,6,158,136,288.0,288,288.0
13,1,24,4,862,273,1568.0,1568,1568.0
14,1,3,6,631,396,1148.0,1148,1148.0
15,1,26,2,534,289,971.0,971,971.0
16,1,4,6,304,508,553.0,553,553.0
17,2,9,8,401,243,730.0,730,730.0
18,2,16,5,546,475,993.0,993,993.0
19,2,12,4,971,376,1766.0,1766,1766.0
20,2,5,7,1129,289,2053.0,2053,2053.0
21,2,6,7,862,505,1568.0,1568,1568.0
22,2,1,2,182,192,331.0,331,331.0
23,2,11,1,983,288,1788.0,1788,1788.0
24,2,24,2,352,552,640.0,640,640.0
25,2,23,9,1020,331,1855.0,1855,1855.0
26,2,27,4,716,478,1302.0,1302,1302.0
27,2,10,6,340,530,619.0,619,619.0
28,2,29,2,1032,211,1877.0,1877,1877.0
29,2,3,5,947,201,1722.0,1722,1722.0
30,2,26,6,1104,488,2008.0,2008,2008.0
31,2,20,4,498,172,906.0,906,906.0
32,2,17,3,656,264,1193.0,1193,1193.0
33,2,15,3,1165,450,2119.0,2119,2119.0
34,3,21,1,292,566,531.0,531,531.0
35,3,9,2,401,183,730.0,730,730.0
36,3,19,3,741,131,1348.0,1348,1348.0
37,3,2,1,158,509,288.0,288,288.0
38,3,7,1,983,275,1788.0,1788,1788.0
39,3,25,6,1044,286,1899.0,1899,1899.0
40,3,12,4,680,310,1237.0,1237,1237.0
41,3,10,9,983,310,1788.0,1788,1788.0
42,3,20,4,801,580,1457.0,1457,1457.0
43,3,30,4,801,293,1457.0,1457,1457.0
44,3,4,5,413,209,751.0,751,751.0
45,3,18,6,850,201,1546.0,1546,1546.0
46,3,26,6,668,170,1215.0,1215,1215.0
47,3,22,3,534,430,971.0,971,971.0
48,3,28,6,389,264,708.0,708,708.0
49,3,11,5,389,389,708.0,708,708.0
50,3,16,2,219,134,399.0,399,399.0
51,4,24,8,1153,467,2097.0,2097,2097.0
52,4,23,1,304,512,553.0,553,553.0
53,4,28,7,1141,328,2075.0,2075,2075.0
54,4,27,5,522,170,950.0,950,950.0
55,4,9,5,607,498,1104.0,1104,1104.0
56,4,26,2,728,574,1324.0,1324,1324.0
57,4,13,4,1117,490,2031.0,2031,2031.0
58,4,7,4,838,577,1524.0,1524,1524.0
59,4,25,9,825,502,1500.0,1500,1500.0
60,4,8,7,935,370,1700.0,1700,1700.0
61,4,6,2,437,318,795.0,795,795.0
62,4,5,9,898,473,1633.0,1633,1633.0
63,4,29,2,1044,557,1899.0,1899,1899.0
64,4,30,5,741,298,1348.0,1348,1348.0
65,4,2,2,474,155,862.0,862,862.0
66,5,19,3,959,265,1744.0,1744,1744.0
67,5,15,4,340,391,619.0,619,619.0
68,5,24,6,559,466,1017.0,1017,1017.0
69,5,9,3,850,280,1546.0,1546,1546.0
70,5,14,1,1032,430,1877.0,1877,1877.0
71,5,8,7,255,375,464.0,464,464.0
72,5,25,6,377,317,686.0,686,686.0
73,5,17,3,486,428,884.0,884,884.0
74,5,6,9,134,413,244.0,244,244.0
75,5,30,2,1007,312,1831.0,1831,1831.0
76,5,21,1,1153,261,2097.0,2097,2097.0
77,5,10,4,765,431,1391.0,1391,1391.0
78,5,27,7,328,215,597.0,597,597.0
79,5,7,6,280,345,510.0,510,510.0
80,5,28,7,1056,363,1920.0,1920,1920.0
81,5,29,9,728,574,1324.0,1324,1324.0
82,5,11,1,789,239,1435.0,1435,1435.0
83,6,13,4,862,456,1568.0,1568,1568.0
84,6,25,6,522,474,950.0,950,950.0
85,6,27,1,874,524,1590.0,1590,1590.0
86,6,3,7,983,276,1788.0,1788,1788.0
87,6,17,5,1153,476,2097.0,2097,2097.0
88,6,12,8,716,207,1302.0,1302,1302.0
89,6,7,8,486,160,884.0,884,884.0
90,6,26,8,656,315,1193.0,1193,1193.0
91,6,19,4,534,135,971.0,971,971.0
92,6,8,9,280,132,510.0,510,510.0
93,6,9,6,292,415,531.0,531,531.0
94,6,10,6,231,203,420.0,420,420.0
95,6,20,6,923,282,1679.0,1679,1679.0
96,6,2,7,134,384,244.0,244,244.0
97,6,29,1,959,288,1744.0,1744,1744.0
98,6,24,6,267,439,486.0,486,486.0
99,6,23,8,741,514,1348.0,1348,1348.0
100,6,21,2,449,348,817.0,817,817.0
101,6,16,1,280,415,510.0,510,510.0
102,7,20,1,546,372,993.0,993,993.0
103,7,24,7,207,491,377.0,377,377.0
104,7,28,2,838,327,1524.0,1524,1524.0
105,7,8,1,158,205,288.0,288,288.0
106,7,2,3,935,379,1700.0,1700,1700.0
107,7,22,3,619,184,1126.0,1126,1126.0
108,7,30,2,813,538,1479.0,1479,1479.0
109,7,6,3,631,582,1148.0,1148,1148.0
110,7,14,2,170,391,310.0,310,310.0
111,7,27,8,316,234,575.0,575,575.0
112,7,4,4,328,243,597.0,597,597.0
113,7,5,5,656,587,1193.0,1193,1193.0
114,7,16,1,704,304,1280.0,1280,1280.0
115,7,29,9,510,385,928.0,928,928.0
116,7,15,7,546,410,993.0,993,993.0
117,7,23,2,619,392,1126.0,1126,1126.0
118,7,25,9,680,341,1237.0,1237,1237.0
119,7,26,2,753,467,1370.0,1370,1370.0
120,7,3,7,219,215,399.0,399,399.0
121,7,1,2,546,510,993.0,993,993.0
122,8,7,1,789,257,1435.0,1435,1435.0
123,8,28,6,583,468,1060.0,1060,1060.0
124,8,20,9,583,149,1060.0,1060,1060.0
125,8,13,9,292,288,531.0,531,531.0
126,8,14,6,607,422,1104.0,1104,1104.0
127,8,15,7,195,363,355.0,355,355.0
128,8,10,5,170,494,310.0,310,310.0
129,8,5,7,437,292,795.0,795,795.0
130,8,21,3,1153,406,2097.0,2097,2097.0
131,8,30,9,182,488,331.0,331,331.0
132,8,27,7,292,580,531.0,531,531.0
133,8,17,1,619,136,1126.0,1126,1126.0
134,8,22,9,413,262,751.0,751,751.0
135,8,4,8,474,279,862.0,862,862.0
136,8,9,8,534,351,971.0,971,971.0
137,8,18,9,631,419,1148.0,1148,1148.0
138,8,6,8,377,231,686.0,686,686.0
139,8,3,3,704,497,1280.0,1280,1280.0
140,8,16,7,267,303,486.0,486,486.0
141,8,29,6,971,280,1766.0,1766,1766.0
142,9,11,1,838,574,1524.0,1524,1524.0
143,9,7,3,559,355,1017.0,1017,1017.0
144,9,3,2,886,442,1611.0,1611,1611.0
145,9,18,4,959,265,1744.0,1744,1744.0
146,9,14,6,813,488,1479.0,1479,1479.0
147,9,10,5,1068,547,1942.0,1942,1942.0
148,9,29,2,1165,140,2119.0,2119,2119.0
149,9,22,6,777,545,1413.0,1413,1413.0
150,9,1,5,389,359,708.0,708,708.0
151,10,5,7,583,414,1060.0,1060,1060.0
152,10,14,6,486,347,884.0,884,884.0
153,10,21,9,1007,478,1831.0,1831,1831.0
154,10,28,6,352,342,640.0,640,640.0
155,10,2,8,413,448,751.0,751,751.0
156,10,11,4,182,318,331.0,331,331.0
157,10,4,8,352,498,640.0,640,640.0
158,10,29,8,935,210,1700.0,1700,1700.0
159,10,25,5,207,353,377.0,377,377.0
160,10,7,5,959,443,1744.0,1744,1744.0
161,10,8,7,704,557,1280.0,1280,1280.0
162,10,6,5,122,381,222.0,222,222.0
163,10,15,8,486,146,884.0,884,884.0
164,10,13,1,437,184,795.0,795,795.0
165,10,24,6,122,443,222.0,222,222.0
166,10,3,4,1117,551,2031.0,2031,2031.0
167,10,30,9,546,330,993.0,993,993.0
168,11,3,1,559,472,1017.0,1017,1017.0
169,11,6,3,122,463,222.0,222,222.0
170,11,7,3,1177,410,2140.0,2140,2140.0
171,11,4,9,656,275,1193.0,1193,1193.0
172,11,15,6,656,170,1193.0,1193,1193.0
173,11,22,2,571,557,1039.0,1039,1039.0
174,11,18,6,364,538,662.0,662,662.0
175,11,23,9,231,235,420.0,420,420.0
176,11,14,4,449,522,817.0,817,817.0
177,11,26,2,401,534,730.0,730,730.0
178,11,13,6,1117,215,2031.0,2031,2031.0
179,11,10,3,231,508,420.0,420,420.0
180,11,29,1,765,464,1391.0,1391,1391.0
181,11,1,9,474,413,862.0,862,862.0
182,11,12,1,959,226,1744.0,1744,1744.0
183,12,20,4,825,419,1500.0,1500,1500.0
184,12,22,7,728,196,1324.0,1324,1324.0
185,12,7,4,656,366,1193.0,1193,1193.0
186,12,13,3,389,197,708.0,708,708.0
187,12,28,9,850,373,1546.0,1546,1546.0
188,12,23,9,765,433,1391.0,1391,1391.0
189,12,25,3,146,135,266.0,266,266.0
190,12,10,7,462,576,840.0,840,840.0
191,12,4,4,413,377,751.0,751,751.0
192,12,5,2,656,331,1193.0,1193,1193.0
193,12,26,2,813,132,1479.0,1479,1479.0
194,12,15,5,1080,271,1964.0,1964,1964.0
195,12,17,8,328,451,597.0,597,597.0
196,12,2,2,158,205,288.0,288,288.0
197,12,11,6,546,211,993.0,993,993.0
198,12,19,5,413,349,751.0,751,751.0
199,12,30,7,656,354,1193.0,1193,1193.0
200,12,29,4,316,168,575.0,575,575.0
201,12,18,4,352,348,640.0,640,640.0
202,12,16,5,170,346,310.0,310,310.0
203,13,23,1,741,468,1348.0,1348,1348.0
204,13,18,2,134,251,244.0,244,244.0
205,13,10,9,522,137,950.0,950,950.0
206,13,2,8,340,400,619.0,619,619.0
207,13,20,3,534,364,971.0,971,971.0
208,13,22,5,1129,124,2053.0,2053,2053.0
209,13,6,9,777,400,1413.0,1413,1413.0
210,13,17,9,243,470,442.0,442,442.0
211,13,21,9,643,257,1170.0,1170,1170.0
212,13,1,4,462,462,840.0,840,840.0
213,13,4,2,838,285,1524.0,1524,1524.0
214,13,16,7,158,188,288.0,288,288.0
215,13,27,2,182,508,331.0,331,331.0
216,13,25,7,134,246,244.0,244,244.0
217,13,3,6,1129,192,2053.0,2053,2053.0
218,13,7,2,838,239,1524.0,1524,1524.0
219,13,19,2,534,273,971.0,971,971.0
220,13,12,5,765,261,1391.0,1391,1391.0
221,13,11,9,971,346,1766.0,1766,1766.0
222,13,9,8,377,191,686.0,686,686.0
223,14,22,2,280,304,510.0,510,510.0
224,14,8,9,1104,569,2008.0,2008,2008.0
225,14,5,7,462,588,840.0,840,840.0
226,14,23,1,122,552,222.0,222,222.0
227,14,1,2,437,458,795.0,795,795.0
228,14,24,5,1092,138,1986.0,1986,1986.0
229,14,28,7,947,593,1722.0,1722,1722.0
230,14,30,8,559,210,1017.0,1017,1017.0
231,14,25,1,825,473,1500.0,1500,1500.0
232,14,19,1,595,529,1082.0,1082,1082.0
233,14,26,6,1044,180,1899.0,1899,1899.0
234,14,13,6,498,233,906.0,906,906.0
235,14,9,4,207,234,377.0,377,377.0
236,14,4,6,546,415,993.0,993,993.0
237,15,7,8,534,478,971.0,971,971.0
238,15,22,5,510,426,928.0,928,928.0
239,15,21,6,983,548,1788.0,1788,1788.0
240,15,1,7,328,468,597.0,597,597.0
241,15,6,1,1141,263,2075.0,2075,2075.0
242,15,11,2,741,388,1348.0,1348,1348.0
243,15,12,2,668,468,1215.0,1215,1215.0
244,15,14,2,449,559,817.0,817,817.0
245,15,10,9,898,480,1633.0,1633,1633.0
246,15,2,8,1032,147,1877.0,1877,1877.0
247,15,24,4,643,404,1170.0,1170,1170.0
248,15,19,6,449,443,817.0,817,817.0
249,15,3,1,1032,213,1877.0,1877,1877.0
250,16,18,5,874,120,1590.0,1590,1590.0
251,16,17,4,777,570,1413.0,1413,1413.0
252,16,24,4,898,494,1633.0,1633,1633.0
253,16,28,1,656,235,1193.0,1193,1193.0
254,16,29,6,1153,375,2097.0,2097,2097.0
255,16,21,5,255,261,464.0,464,464.0
256,16,23,8,801,582,1457.0,1457,1457.0
257,16,9,8,1189,379,2162.0,2162,2162.0
258,16,12,9,304,347,553.0,553,553.0
259,16,27,5,304,466,553.0,553,553.0
260,16,19,6,1153,384,2097.0,2097,2097.0
261,16,10,8,583,474,1060.0,1060,1060.0
262,16,15,9,255,203,464.0,464,464.0
263,16,6,9,583,331,1060.0,1060,1060.0
264,16,5,5,122,520,222.0,222,222.0
265,16,7,4,995,454,1810.0,1810,1810.0
266,16,8,2,631,234,1148.0,1148,1148.0
267,16,26,8,462,499,840.0,840,840.0
268,16,14,4,995,297,1810.0,1810,1810.0
269,17,9,7,631,553,1148.0,1148,1148.0
270,17,22,2,971,377,1766.0,1766,1766.0
271,17,24,1,340,207,619.0,619,619.0
272,17,29,3,328,130,597.0,597,597.0
273,17,21,5,1202,307,2186.0,2186,2186.0
274,17,30,4,255,137,464.0,464,464.0
275,17,10,8,146,551,266.0,266,266.0
276,17,6,2,1032,421,1877.0,1877,1877.0
277,17,2,3,716,148,1302.0,1302,1302.0
278,17,1,1,716,565,1302.0,1302,1302.0
279,17,27,6,207,528,377.0,377,377.0
280,17,5,1,364,527,662.0,662,662.0
281,17,25,7,935,438,1700.0,1700,1700.0
282,17,16,6,462,199,840.0,840,840.0
283,17,13,8,643,268,1170.0,1170,1170.0
284,18,2,5,243,360,442.0,442,442.0
285,18,22,8,437,120,795.0,795,795.0
286,18,1,7,134,464,244.0,244,244.0
287,18,9,9,777,357,1413.0,1413,1413.0
288,18,30,1,886,371,1611.0,1611,1611.0
289,18,21,8,474,367,862.0,862,862.0
290,18,16,9,1007,288,1831.0,1831,1831.0
291,18,19,2,534,171,971.0,971,971.0
292,18,12,8,1104,293,2008.0,2008,2008.0
293,18,24,5,534,150,971.0,971,971.0
294,18,6,7,1177,198,2140.0,2140,2140.0
295,18,15,4,546,438,993.0,993,993.0
296,18,3,5,595,297,1082.0,1082,1082.0
297,19,4,9,643,451,1170.0,1170,1170.0
298,19,22,4,947,208,1722.0,1722,1722.0
299,19,24,9,1032,164,1877.0,1877,1877.0
300,19,9,2,825,126,1500.0,1500,1500.0
301,19,14,5,389,456,708.0,708,708.0
302,19,3,2,838,241,1524.0,1524,1524.0
303,19,28,3,850,245,1546.0,1546,1546.0
304,19,10,2,255,565,464.0,464,464.0
305,19,8,9,825,512,1500.0,1500,1500.0
306,19,29,4,1202,494,2186.0,2186,2186.0
307,19,7,1,243,538,442.0,442,442.0
308,19,25,2,898,191,1633.0,1633,1633.0
309,19,12,5,462,410,840.0,840,840.0
310,19,26,1,498,282,906.0,906,906.0
311,19,18,4,364,162,662.0,662,662.0
312,20,26,5,716,394,1302.0,1302,1302.0
313,20,4,5,146,510,266.0,266,266.0
314,20,8,5,377,264,686.0,686,686.0
315,20,10,2,571,336,1039.0,1039,1039.0
316,20,29,2,486,474,884.0,884,884.0
317,20,15,8,1104,316,2008.0,2008,2008.0
318,20,21,4,1032,202,1877.0,1877,1877.0
319,20,6,7,583,506,1060.0,1060,1060.0
320,20,30,5,910,171,1655.0,1655,1655.0
321,20,5,8,874,509,1590.0,1590,1590.0
322,20,2,3,316,219,575.0,575,575.0
323,20,24,4,583,190,1060.0,1060,1060.0
324,20,9,4,449,138,817.0,817,817.0
325,20,13,8,267,473,486.0,486,486.0
326,20,28,5,668,390,1215.0,1215,1215.0
327,20,18,2,304,580,553.0,553,553.0
328,20,23,8,935,458,1700.0,1700,1700.0
329,20,7,7,534,590,971.0,971,971.0
330,20,14,4,643,518,1170.0,1170,1170.0
331,21,19,1,498,419,906.0,906,906.0
332,21,15,4,862,140,1568.0,1568,1568.0
333,21,7,7,328,274,597.0,597,597.0
334,21,28,3,862,323,1568.0,1568,1568.0
335,21,20,6,267,279,486.0,486,486.0
336,21,1,4,413,419,751.0,751,751.0
337,21,3,6,316,472,575.0,575,575.0
338,21,2,6,474,577,862.0,862,862.0
339,21,30,2,692,251,1259.0,1259,1259.0
340,21,24,2,1007,388,1831.0,1831,1831.0
341,21,25,7,777,166,1413.0,1413,1413.0
342,21,10,7,947,442,1722.0,1722,1722.0
343,21,18,4,413,526,751.0,751,751.0
344,21,26,5,777,234,1413.0,1413,1413.0
345,22,26,4,692,199,1259.0,1259,1259.0
346,22,15,7,753,343,1370.0,1370,1370.0
347,22,19,1,546,324,993.0,993,993.0
348,22,30,9,1104,333,2008.0,2008,2008.0
349,22,6,3,340,180,619.0,619,619.0
350,22,17,7,1177,371,2140.0,2140,2140.0
351,22,18,5,522,558,950.0,950,950.0
352,22,3,3,595,588,1082.0,1082,1082.0
353,22,11,2,377,391,686.0,686,686.0
354,22,28,4,134,343,244.0,244,244.0
355,22,25,8,898,325,1633.0,1633,1633.0
356,22,1,9,231,440,420.0,420,420.0
357,22,29,1,1189,122,2162.0,2162,2162.0
358,22,12,4,619,552,1126.0,1126,1126.0
359,22,8,9,789,470,1435.0,1435,1435.0
360,22,20,4,474,280,862.0,862,862.0
361,22,14,3,158,231,288.0,288,288.0
362,22,7,6,983,485,1788.0,1788,1788.0
363,22,13,3,825,381,1500.0,1500,1500.0
364,22,9,2,243,505,442.0,442,442.0
365,22,24,2,195,161,355.0,355,355.0
366,22,5,6,1020,510,1855.0,1855,1855.0
367,23,28,4,959,553,1744.0,1744,1744.0
368,23,13,5,425,358,773.0,773,773.0
369,23,14,6,389,328,708.0,708,708.0
370,23,3,8,1165,173,2119.0,2119,2119.0
371,23,7,9,1056,542,1920.0,1920,1920.0
372,23,10,5,886,304,1611.0,1611,1611.0
373,23,5,6,704,522,1280.0,1280,1280.0
374,23,17,9,825,384,1500.0,1500,1500.0
375,23,27,9,389,545,708.0,708,708.0
376,23,25,3,801,282,1457.0,1457,1457.0
377,23,4,7,1020,490,1855.0,1855,1855.0
378,23,18,8,510,273,928.0,928,928.0
379,23,26,6,862,538,1568.0,1568,1568.0
380,23,6,4,923,387,1679.0,1679,1679.0
381,23,22,5,474,289,862.0,862,862.0
382,23,19,8,1104,231,2008.0,2008,2008.0
383,23,20,4,134,451,244.0,244,244.0
384,23,24,9,1080,565,1964.0,1964,1964.0
385,23,30,1,959,463,1744.0,1744,1744.0
386,23,9,9,158,240,288.0,288,288.0
387,24,30,1,1141,324,2075.0,2075,2075.0
388,24,3,7,1153,323,2097.0,2097,2097.0
389,24,8,8,741,381,1348.0,1348,1348.0
390,24,13,7,643,208,1170.0,1170,1170.0
391,24,16,4,813,140,1479.0,1479,1479.0
392,24,29,3,619,544,1126.0,1126,1126.0
393,24,6,1,583,414,1060.0,1060,1060.0
394,24,10,8,971,599,1766.0,1766,1766.0
395,24,5,7,158,333,288.0,288,288.0
396,24,2,4,195,521,355.0,355,355.0
397,24,14,1,716,396,1302.0,1302,1302.0
398,24,23,5,413,313,751.0,751,751.0
399,24,18,3,389,404,708.0,708,708.0
400,24,7,4,862,312,1568.0,1568,1568.0
401,24,28,7,280,258,510.0,510,510.0
402,24,4,9,462,299,840.0,840,840.0
403,24,11,4,862,342,1568.0,1568,1568.0
404,24,17,2,862,371,1568.0,1568,1568.0
405,25,14,7,352,443,640.0,640,640.0
406,25,9,8,971,306,1766.0,1766,1766.0
407,25,12,6,825,462,1500.0,1500,1500.0
408,25,13,7,413,208,751.0,751,751.0
409,25,21,2,352,273,640.0,640,640.0
410,25,1,2,1032,577,1877.0,1877,1877.0
411,25,5,7,607,319,1104.0,1104,1104.0
412,25,22,3,1044,409,1899.0,1899,1899.0
413,25,16,5,486,208,884.0,884,884.0
414,25,28,8,1153,217,2097.0,2097,2097.0
415,25,19,3,231,408,420.0,420,420.0
416,25,8,5,947,138,1722.0,1722,1722.0
417,25,26,1,898,588,1633.0,1633,1633.0
418,25,29,2,1141,454,2075.0,2075,2075.0
419,25,6,5,1141,340,2075.0,2075,2075.0
420,25,3,7,1177,335,2140.0,2140,2140.0
421,25,2,6,195,164,355.0,355,355.0
422,25,10,9,377,289,686.0,686,686.0
423,26,16,4,425,463,773.0,773,773.0
424,26,2,9,267,246,486.0,486,486.0
425,26,30,9,304,223,553.0,553,553.0
426,26,20,9,255,468,464.0,464,464.0
427,26,23,8,971,571,1766.0,1766,1766.0
428,26,28,2,886,486,1611.0,1611,1611.0
429,26,18,5,874,493,1590.0,1590,1590.0
430,26,22,9,1165,161,2119.0,2119,2119.0
431,26,13,9,753,476,1370.0,1370,1370.0
432,26,29,7,462,468,840.0,840,840.0
433,26,9,4,692,183,1259.0,1259,1259.0
434,26,17,9,1104,318,2008.0,2008,2008.0
435,26,11,1,243,184,442.0,442,442.0
436,27,23,7,741,388,1348.0,1348,1348.0
437,27,1,8,923,510,1679.0,1679,1679.0
438,27,12,6,534,282,971.0,971,971.0
439,27,5,6,158,367,288.0,288,288.0
440,27,30,7,377,379,686.0,686,686.0
441,27,4,9,389,257,708.0,708,708.0
442,27,15,5,923,170,1679.0,1679,1679.0
443,27,28,4,546,394,993.0,993,993.0
444,27,13,8,935,315,1700.0,1700,1700.0
445,27,14,5,146,234,266.0,266,266.0
446,27,16,5,910,530,1655.0,1655,1655.0
447,27,9,3,1056,577,1920.0,1920,1920.0
448,27,11,3,207,185,377.0,377,377.0
449,27,2,5,474,587,862.0,862,862.0
450,27,17,1,947,226,1722.0,1722,1722.0
451,27,19,3,643,533,1170.0,1170,1170.0
452,27,29,3,813,473,1479.0,1479,1479.0
453,27,3,7,158,309,288.0,288,288.0
454,27,21,6,995,347,1810.0,1810,1810.0
455,27,7,6,413,413,751.0,751,751.0
456,27,20,9,716,358,1302.0,1302,1302.0
457,27,22,5,510,214,928.0,928,928.0
458,28,23,1,292,256,531.0,531,531.0
459,28,19,8,1068,557,1942.0,1942,1942.0
460,28,14,2,486,327,884.0,884,884.0
461,28,24,5,340,490,619.0,619,619.0
462,28,2,7,692,597,1259.0,1259,1259.0
463,28,8,4,389,545,708.0,708,708.0
464,28,4,6,1165,205,2119.0,2119,2119.0
465,28,16,9,328,281,597.0,597,597.0
466,28,26,3,704,294,1280.0,1280,1280.0
467,28,1,8,219,585,399.0,399,399.0
468,28,21,4,449,331,817.0,817,817.0
469,28,9,3,243,538,442.0,442,442.0
470,28,15,4,959,208,1744.0,1744,1744.0
471,28,6,2,486,354,884.0,884,884.0
472,28,12,5,462,245,840.0,840,840.0
473,28,13,2,886,551,1611.0,1611,1611.0
474,28,25,7,1165,311,2119.0,2119,2119.0
475,28,7,2,1177,400,2140.0,2140,2140.0
476,29,21,4,1044,279,1899.0,1899,1899.0
477,29,12,7,643,168,1170.0,1170,1170.0
478,29,23,4,219,147,399.0,399,399.0
479,29,17,9,292,289,531.0,531,531.0
480,29,24,2,910,416,1655.0,1655,1655.0
481,29,11,4,631,564,1148.0,1148,1148.0
482,29,19,8,898,295,1633.0,1633,1633.0
483,29,16,8,704,484,1280.0,1280,1280.0
484,29,25,6,1153,396,2097.0,2097,2097.0
485,29,26,9,134,475,244.0,244,244.0
486,29,5,4,571,428,1039.0,1039,1039.0
487,29,28,7,1141,159,2075.0,2075,2075.0
488,29,20,1,753,198,1370.0,1370,1370.0
489,29,14,7,1020,185,1855.0,1855,1855.0
490,29,27,6,631,292,1148.0,1148,1148.0
491,29,6,7,559,182,1017.0,1017,1017.0
492,29,8,8,1007,194,1831.0,1831,1831.0
493,29,22,6,643,164,1170.0,1170,1170.0
494,29,9,1,413,563,751.0,751,751.0
495,29,30,4,498,408,906.0,906,906.0
496,29,15,5,1092,502,1986.0,1986,1986.0
497,30,21,8,364,584,662.0,662,662.0
498,30,15,6,838,401,1524.0,1524,1524.0
499,30,13,8,995,307,1810.0,1810,1810.0
500,30,27,1,680,403,1237.0,1237,1237.0
501,30,1,5,401,392,730.0,730,730.0
502,30,4,4,1032,541,1877.0,1877,1877.0
503,30,7,9,510,210,928.0,928,928.0
504,30,10,2,1007,437,1831.0,1831,1831.0
505,30,9,5,1177,251,2140.0,2140,2140.0
506,30,20,1,656,414,1193.0,1193,1193.0
507,30,29,2,207,397,377.0,377,377.0
508,30,8,6,364,156,662.0,662,662.0
509,30,25,6,1202,360,2186.0,2186,2186.0
510,30,26,6,1202,480,2186.0,2186,2186.0
511,30,22,4,498,463,906.0,906,906.0
512,30,5,4,716,286,1302.0,1302,1302.0
513,30,18,6,680,570,1237.0,1237,1237.0
514,30,2,2,571,387,1039.0,1039,1039.0
515,30,17,4,983,288,1788.0,1788,1788.0
516,30,14,7,923,430,1679.0,1679,1679.0
517,30,19,1,910,148,1655.0,1655,1655.0
COMMODITIES,400
0,20,3,34,939,2623.0,939,2623.0
1,12,18,55,847,1994.0,847,1994.0
2,25,29,64,746,3064.0,746,3064.0
3,2,6,57,935,2299.0,935,2299.0
4,12,17,58,976,2187.0,976,2187.0
5,18,11,72,986,2732.0,986,2732.0
6,30,8,33,1218,2378.0,1218,2378.0
7,19,5,15,835,2182.0,835,2182.0
8,6,23,33,887,2380.0,887,2380.0
9,1,10,59,981,2540.0,981,2540.0
10,4,10,22,1003,2719.0,1003,2719.0
11,12,25,49,1104,1721.0,1104,1721.0
12,9,7,39,816,2327.0,816,2327.0
13,28,15,72,825,2231.0,825,2231.0
14,13,11,50,825,1990.0,825,1990.0
15,27,10,36,895,2127.0,895,2127.0
16,20,27,58,859,2084.0,859,2084.0
17,4,29,19,972,3181.0,972,3181.0
18,20,25,74,989,2290.0,989,2290.0
19,11,17,32,906,2963.0,906,2963.0
20,1,8,30,1043,2530.0,1043,2530.0
21,17,28,21,975,2388.0,975,2388.0
22,4,23,74,1067,2142.0,1067,2142.0
23,16,28,66,979,2648.0,979,2648.0
24,3,8,29,1072,2678.0,1072,2678.0
25,15,16,67,831,2086.0,831,2086.0
26,1,3,59,906,2642.0,906,2642.0
27,9,27,28,1043,3011.0,1043,3011.0
28,13,22,68,953,2444.0,953,2444.0
29,7,1,62,881,2343.0,881,2343.0
30,1,2,59,925,2057.0,925,2057.0
31,9,29,54,984,3379.0,984,3379.0
32,11,5,36,951,2375.0,951,2375.0
33,24,12,27,1053,2969.0,1053,2969.0
34,21,5,17,870,2586.0,870,2586.0
35,13,25,43,940,1730.0,940,1730.0
36,15,13,43,963,3055.0,963,3055.0
37,5,19,54,1022,2637.0,1022,2637.0
38,22,11,57,817,1948.0,817,1948.0
39,19,12,31,893,2222.0,893,2222.0
40,29,19,43,891,2988.0,891,2988.0
41,29,22,71,756,2341.0,756,2341.0
42,2,14,48,971,2066.0,971,2066.0
43,17,5,27,1016,2231.0,1016,2231.0
44,15,25,39,773,2716.0,773,2716.0
45,26,1,36,1048,2400.0,1048,2400.0
46,20,29,26,958,2369.0,958,2369.0
47,21,25,55,827,2402.0,827,2402.0
48,4,8,53,800,2578.0,800,2578.0
49,21,8,19,880,2191.0,880,2191.0
50,12,7,24,1096,2684.0,1096,2684.0
51,7,10,69,852,1863.0,852,1863.0
52,30,21,72,921,1967.0,921,1967.0
53,26,28,64,1156,3091.0,1156,3091.0
54,16,9,17,901,2436.0,901,2436.0
55,2,5,70,1009,2471.0,1009,2471.0
56,27,7,46,1054,2338.0,1054,2338.0
57,2,10,61,1030,2101.0,1030,2101.0
58,14,24,73,1062,2437.0,1062,2437.0
59,11,1,19,974,2256.0,974,2256.0
60,3,19,26,1060,2860.0,1060,2860.0
61,27,9,72,916,2112.0,916,2112.0
62,15,28,23,845,2358.0,845,2358.0
63,26,18,58,858,2293.0,858,2293.0
64,27,23,37,1105,2277.0,1105,2277.0
65,6,7,46,956,2327.0,956,2327.0
66,30,12,40,909,3023.0,909,3023.0
67,12,9,36,1016,2523.0,1016,2523.0
68,13,14,34,900,2191.0,900,2191.0
69,16,4,26,849,2360.0,849,2360.0
70,19,30,51,928,2537.0,928,2537.0
71,5,4,28,1072,2593.0,1072,2593.0
72,26,23,45,1042,2404.0,1042,2404.0
73,16,2,70,776,2053.0,776,2053.0
74,24,16,52,1015,2369.0,1015,2369.0
75,19,9,53,840,2480.0,840,2480.0
76,17,2,45,921,2165.0,921,2165.0
77,6,15,26,883,2235.0,883,2235.0
78,22,20,19,931,2193.0,931,2193.0
79,5,17,29,1020,2435.0,1020,2435.0
80,16,26,31,1020,2212.0,1020,2212.0
81,4,12,46,979,3415.0,979,3415.0
82,8,28,45,1118,2492.0,1118,2492.0
83,18,1,53,819,1537.0,819,1537.0
84,2,9,36,927,2031.0,927,2031.0
85,30,1,39,1275,2483.0,1275,2483.0
86,2,26,26,764,2485.0,764,2485.0
87,10,19,19,898,2043.0,898,2043.0
88,29,8,53,1112,3015.0,1112,3015.0
89,3,20,38,767,2277.0,767,2277.0
90,1,16,68,970,1745.0,970,1745.0
91,1,26,22,963,2465.0,963,2465.0
92,4,2,20,1130,2579.0,1130,2579.0
93,23,10,63,1101,2769.0,1101,2769.0
94,28,10,55,965,2510.0,965,2510.0
95,3,6,30,1246,2563.0,1246,2563.0
96,11,18,68,1121,2158.0,1121,2158.0
97,11,23,50,1010,1881.0,1010,1881.0
98,3,26,40,791,2426.0,791,2426.0
99,6,11,65,748,1889.0,748,1889.0
100,16,10,63,838,2144.0,838,2144.0
101,26,6,16,861,1940.0,861,1940.0
102,8,23,28,856,2317.0,856,2317.0
103,28,1,66,974,1829.0,974,1829.0
104,23,24,53,1137,2843.0,1137,2843.0
105,7,13,34,1072,2315.0,1072,2315.0
106,3,30,51,1143,3096.0,1143,3096.0
107,2,22,46,834,2583.0,834,2583.0
108,17,4,43,941,2556.0,941,2556.0
109,11,6,19,1014,1832.0,1014,1832.0
110,27,21,49,998,2352.0,998,2352.0
111,1,20,15,850,2128.0,850,2128.0
112,2,16,27,982,2115.0,982,2115.0
113,2,7,52,830,2629.0,830,2629.0
114,12,21,42,911,2082.0,911,2082.0
115,10,1,53,990,2227.0,990,2227.0
116,2,20,24,876,2185.0,876,2185.0
117,23,18,37,965,2261.0,965,2261.0
118,15,18,61,960,2894.0,960,2894.0
119,4,20,43,936,2291.0,936,2291.0
120,27,13,27,912,2575.0,912,2575.0
121,9,10,58,1083,3060.0,1083,3060.0
122,30,15,48,1078,2553.0,1078,2553.0
123,21,1,29,829,2185.0,829,2185.0
124,13,9,62,958,2180.0,958,2180.0
125,26,9,16,1152,2745.0,1152,2745.0
126,5,12,34,1025,2724.0,1025,2724.0
127,9,22,73,999,2891.0,999,2891.0
128,20,22,47,881,2618.0,881,2618.0
129,14,23,30,1089,1687.0,1089,1687.0
130,25,11,50,713,2397.0,713,2397.0
131,19,17,49,876,2824.0,876,2824.0
132,28,29,33,917,2661.0,917,2661.0
133,2,19,26,971,3034.0,971,3034.0
134,17,24,51,760,1753.0,760,1753.0
135,25,30,42,930,2771.0,930,2771.0
136,28,16,39,1098,2182.0,1098,2182.0
137,29,15,74,942,3067.0,942,3067.0
138,28,13,53,885,2561.0,885,2561.0
139,25,22,63,888,2503.0,888,2503.0
140,4,19,41,911,3163.0,911,3163.0
141,5,2,44,990,2039.0,990,2039.0
142,30,10,43,1063,2522.0,1063,2522.0
143,8,16,54,1039,2101.0,1039,2101.0
144,3,18,57,984,2699.0,984,2699.0
145,21,3,73,1078,2170.0,1078,2170.0
146,3,28,69,993,2185.0,993,2185.0
147,26,24,47,883,2391.0,883,2391.0
148,8,15,60,1259,2107.0,1259,2107.0
149,1,15,59,1104,2068.0,1104,2068.0
150,23,21,46,1142,3199.0,1142,3199.0
151,30,7,50,1007,2487.0,1007,2487.0
152,25,8,55,920,2565.0,920,2565.0
153,5,13,38,859,2455.0,859,2455.0
154,5,23,25,895,2375.0,895,2375.0
155,22,7,59,884,2477.0,884,2477.0
156,14,25,48,862,2560.0,862,2560.0
157,21,20,46,1170,2222.0,1170,2222.0
158,11,20,64,953,2022.0,953,2022.0
159,9,4,53,974,2785.0,974,2785.0
160,3,2,57,1022,1943.0,1022,1943.0
161,14,6,67,924,2509.0,924,2509.0
162,9,8,61,997,2781.0,997,2781.0
163,21,19,25,989,2371.0,989,2371.0
164,21,9,30,886,2686.0,886,2686.0
165,1,5,40,980,2103.0,980,2103.0
166,1,7,52,940,2394.0,940,2394.0
167,23,7,18,851,2606.0,851,2606.0
168,9,12,53,1195,3163.0,1195,3163.0
169,26,11,40,1060,1934.0,1060,1934.0
170,13,10,18,740,2112.0,740,2112.0
171,5,20,63,867,2521.0,867,2521.0
172,17,25,47,1050,2270.0,1050,2270.0
173,18,6,28,736,2293.0,736,2293.0
174,3,27,51,1024,2425.0,1024,2425.0
175,12,29,23,1016,2059.0,1016,2059.0
176,15,14,64,969,2409.0,969,2409.0
177,20,13,26,991,1919.0,991,1919.0
178,2,4,74,1138,2460.0,1138,2460.0
179,8,21,48,994,2601.0,994,2601.0
180,26,2,29,949,1874.0,949,1874.0
181,24,7,21,1011,2270.0,1011,2270.0
182,23,4,46,973,2097.0,973,2097.0
183,14,11,26,971,2621.0,971,2621.0
184,25,10,44,1005,2303.0,1005,2303.0
185,25,16,42,1012,2309.0,1012,2309.0
186,13,21,51,1047,2355.0,1047,2355.0
187,23,19,17,914,2796.0,914,2796.0
188,12,23,61,980,2412.0,980,2412.0
189,26,21,43,880,2695.0,880,2695.0
190,19,7,19,894,1921.0,894,1921.0
191,5,7,15,1047,1987.0,1047,1987.0
192,6,16,58,940,2018.0,940,2018.0
193,30,19,16,1102,3144.0,1102,3144.0
194,2,28,31,927,2533.0,927,2533.0
195,21,14,35,1100,2570.0,1100,2570.0
196,19,4,21,985,2630.0,985,2630.0
197,15,19,65,1189,2590.0,1189,2590.0
198,30,24,32,932,2570.0,932,2570.0
199,7,28,61,1086,2435.0,1086,2435.0
200,27,19,31,1035,2561.0,1035,2561.0
201,20,14,63,973,2459.0,973,2459.0
202,16,15,73,994,1880.0,994,1880.0
203,17,7,33,1023,2493.0,1023,2493.0
204,27,30,51,912,2100.0,912,2100.0
205,16,22,41,1017,2783.0,1017,2783.0
206,25,12,46,959,2689.0,959,2689.0
207,18,2,35,1158,2127.0,1158,2127.0
208,25,14,48,930,2037.0,930,2037.0
209,13,7,18,1103,2696.0,1103,2696.0
210,20,2,49,1015,2017.0,1015,2017.0
211,20,26,24,759,2417.0,759,2417.0
212,10,8,69,899,2054.0,899,2054.0
213,17,10,65,1036,1685.0,1036,1685.0
214,11,2,54,996,1856.0,996,1856.0
215,1,22,49,695,2061.0,695,2061.0
216,14,2,23,1038,2621.0,1038,2621.0
217,16,14,23,853,2070.0,853,2070.0
218,17,29,72,1086,2217.0,1086,2217.0
219,4,17,21,969,3041.0,969,3041.0
220,3,24,67,869,2351.0,869,2351.0
221,9,13,32,924,3265.0,924,3265.0
222,30,13,42,938,2680.0,938,2680.0
223,15,20,67,872,2713.0,872,2713.0
224,12,24,72,1109,2472.0,1109,2472.0
225,11,29,26,956,2952.0,956,2952.0
226,17,9,19,991,2432.0,991,2432.0
227,18,16,24,992,2070.0,992,2070.0
228,14,18,22,932,2401.0,932,2401.0
229,9,18,20,1086,3232.0,1086,3232.0
230,6,25,45,1002,2261.0,1002,2261.0
231,7,5,41,904,2072.0,904,2072.0
232,14,12,46,858,2910.0,858,2910.0
233,1,27,62,986,2329.0,986,2329.0
234,20,4,40,1087,1803.0,1087,1803.0
235,21,29,52,900,2778.0,900,2778.0
236,19,18,35,870,2061.0,870,2061.0
237,23,30,18,998,2636.0,998,2636.0
238,6,14,68,920,2313.0,920,2313.0
239,16,12,63,808,1948.0,808,1948.0
240,30,3,60,932,2664.0,932,2664.0
241,19,6,53,1078,2243.0,1078,2243.0
242,12,1,17,817,1982.0,817,1982.0
243,20,15,67,932,2462.0,932,2462.0
244,19,2,36,968,2523.0,968,2523.0
245,15,7,47,914,2435.0,914,2435.0
246,25,5,29,863,2494.0,863,2494.0
247,30,14,73,1005,2534.0,1005,2534.0
248,3,25,28,831,2641.0,831,2641.0
249,11,9,17,984,2117.0,984,2117.0
250,25,6,22,1045,2460.0,1045,2460.0
251,19,16,33,973,2568.0,973,2568.0
252,25,28,51,909,2610.0,909,2610.0
253,17,22,39,990,2436.0,990,2436.0
254,25,26,38,864,2709.0,864,2709.0
255,9,21,52,1095,2996.0,1095,2996.0
256,5,27,42,965,2003.0,965,2003.0
257,1,18,17,886,2172.0,886,2172.0
258,18,9,16,1028,2407.0,1028,2407.0
259,22,26,35,894,2705.0,894,2705.0
260,25,24,56,1079,2392.0,1079,2392.0
261,11,26,50,877,1899.0,877,1899.0
262,5,22,39,965,2700.0,965,2700.0
263,21,22,16,869,2673.0,869,2673.0
264,9,19,56,949,3326.0,949,3326.0
265,16,17,48,803,2388.0,803,2388.0
266,18,7,61,833,2548.0,833,2548.0
267,10,25,49,900,1729.0,900,1729.0
268,10,28,24,994,2171.0,994,2171.0
269,14,22,37,1091,2068.0,1091,2068.0
270,22,27,52,898,2658.0,898,2658.0
271,22,25,67,925,2737.0,925,2737.0
272,5,21,55,977,2539.0,977,2539.0
273,6,26,40,922,2694.0,922,2694.0
274,1,12,72,1026,2276.0,1026,2276.0
275,18,12,37,1064,2734.0,1064,2734.0
276,8,5,30,929,2108.0,929,2108.0
277,16,11,59,729,2101.0,729,2101.0
278,30,6,52,997,2664.0,997,2664.0
279,2,13,36,879,2737.0,879,2737.0
280,3,17,30,1018,2934.0,1018,2934.0
281,3,23,47,930,2477.0,930,2477.0
282,30,4,27,992,2631.0,992,2631.0
283,4,28,72,676,2687.0,676,2687.0
284,1,6,56,1000,2245.0,1000,2245.0
285,1,29,50,796,2702.0,796,2702.0
286,19,14,32,854,2068.0,854,2068.0
287,11,3,58,816,2201.0,816,2201.0
288,26,14,50,830,2423.0,830,2423.0
289,21,18,65,996,2152.0,996,2152.0
290,24,23,62,913,2165.0,913,2165.0
291,30,11,33,915,2474.0,915,2474.0
292,18,4,56,875,2149.0,875,2149.0
293,13,12,34,956,2278.0,956,2278.0
294,10,7,40,959,2485.0,959,2485.0
295,17,15,56,969,2679.0,969,2679.0
296,22,8,23,954,2538.0,954,2538.0
297,4,30,24,946,2844.0,946,2844.0
298,25,17,55,931,2541.0,931,2541.0
299,29,14,15,800,2265.0,800,2265.0
300,1,28,50,1020,2673.0,1020,2673.0
301,4,25,58,944,2813.0,944,2813.0
302,21,16,39,913,2423.0,913,2423.0
303,29,1,71,995,2519.0,995,2519.0
304,20,10,62,961,2512.0,961,2512.0
305,6,12,59,1012,2471.0,1012,2471.0
306,2,11,48,909,2325.0,909,2325.0
307,26,12,36,1041,2810.0,1041,2810.0
308,27,25,55,1021,2531.0,1021,2531.0
309,16,20,21,991,2416.0,991,2416.0
310,25,21,44,1004,2248.0,1004,2248.0
311,15,9,71,899,2562.0,899,2562.0
312,12,26,66,1004,2415.0,1004,2415.0
313,8,2,29,934,2266.0,934,2266.0
314,24,26,48,772,2447.0,772,2447.0
315,15,2,52,979,2861.0,979,2861.0
316,20,9,62,1107,2295.0,1107,2295.0
317,22,6,31,930,1934.0,930,1934.0
318,8,14,19,954,2197.0,954,2197.0
319,26,30,26,965,2105.0,965,2105.0
320,30,5,22,926,2582.0,926,2582.0
321,26,15,37,819,2493.0,819,2493.0
322,8,22,36,758,2004.0,758,2004.0
323,25,27,63,1073,2556.0,1073,2556.0
324,2,12,58,917,2753.0,917,2753.0
325,26,13,30,1106,2585.0,1106,2585.0
326,15,23,42,888,2503.0,888,2503.0
327,7,30,64,903,2025.0,903,2025.0
328,26,19,61,1055,3182.0,1055,3182.0
329,7,15,49,1023,2086.0,1023,2086.0
330,22,5,35,867,2093.0,867,2093.0
331,12,2,35,906,1637.0,906,1637.0
332,29,21,60,1043,3041.0,1043,3041.0
333,28,3,58,1044,2777.0,1044,2777.0
334,2,29,49,985,3100.0,985,3100.0
335,23,8,74,908,2206.0,908,2206.0
336,29,10,41,1127,2453.0,1127,2453.0
337,7,3,23,809,1536.0,809,1536.0
338,14,20,49,973,1920.0,973,1920.0
339,1,23,67,851,1798.0,851,1798.0
340,17,23,46,810,2112.0,810,2112.0
341,13,23,31,1150,2352.0,1150,2352.0
342,18,10,53,906,2430.0,906,2430.0
343,29,7,36,866,2915.0,866,2915.0
344,22,4,38,918,2274.0,918,2274.0
345,7,21,62,1035,2488.0,1035,2488.0
346,18,23,55,1228,2427.0,1228,2427.0
347,4,6,65,875,2292.0,875,2292.0
348,16,13,63,945,2762.0,945,2762.0
349,18,28,41,689,2184.0,689,2184.0
350,11,8,74,1138,2294.0,1138,2294.0
351,3,11,17,1104,2406.0,1104,2406.0
352,27,15,43,1135,2468.0,1135,2468.0
353,9,1,53,1007,2105.0,1007,2105.0
354,6,4,68,1055,2516.0,1055,2516.0
355,23,22,70,1074,2531.0,1074,2531.0
356,15,5,63,993,2578.0,993,2578.0
357,27,24,61,1023,2555.0,1023,2555.0
358,16,1,73,796,2217.0,796,2217.0
359,27,28,67,1038,2541.0,1038,2541.0
360,9,23,25,918,2457.0,918,2457.0
361,4,15,35,875,3061.0,875,3061.0
362,23,3,48,921,2380.0,921,2380.0
363,20,18,18,1016,2010.0,1016,2010.0
364,23,6,62,988,2771.0,988,2771.0
365,30,9,17,990,2472.0,990,2472.0
366,17,27,40,982,1827.0,982,1827.0
367,7,11,56,1023,2548.0,1023,2548.0
368,8,30,71,893,1865.0,893,1865.0
369,21,26,60,1147,3196.0,1147,3196.0
370,22,24,64,853,1779.0,853,1779.0
371,18,26,70,1100,2946.0,1100,2946.0
372,25,1,20,1217,2320.0,1217,2320.0
373,20,23,70,861,2203.0,861,2203.0
374,12,20,59,984,2614.0,984,2614.0
375,10,26,35,1026,2471.0,1026,2471.0
376,30,26,16,1167,2218.0,1167,2218.0
377,4,18,44,951,2691.0,951,2691.0
378,4,13,33,878,2587.0,878,2587.0
379,8,27,54,943,1924.0,943,1924.0
380,11,27,71,976,2612.0,976,2612.0
381,13,8,22,971,2463.0,971,2463.0
382,26,8,40,1053,2521.0,1053,2521.0
383,17,13,74,1220,2783.0,1220,2783.0
384,29,24,58,1122,2568.0,1122,2568.0
385,17,26,48,1007,2286.0,1007,2286.0
386,7,4,56,1028,2096.0,1028,2096.0
387,5,9,71,856,2021.0,856,2021.0
388,15,30,16,1137,3252.0,1137,3252.0
389,28,30,63,851,2370.0,851,2370.0
390,1,14,31,908,1586.0,908,1586.0
391,24,2,67,993,1848.0,993,1848.0
392,17,8,71,1024,2519.0,1024,2519.0
393,16,7,65,1223,2402.0,1223,2402.0
394,16,18,33,1058,2666.0,1058,2666.0
395,27,11,74,992,1853.0,992,1853.0
396,26,22,16,988,2887.0,988,2887.0
397,16,25,47,1051,2397.0,1051,2397.0
398,28,12,65,914,2303.0,914,2303.0
399,10,24,18,974,1749.0,974,1749.0
horizon=683
