NODES,30
1,1,-,-
2,2,-,-
3,3,-,-
4,4,-,-
5,5,-,-
6,6,-,-
7,7,-,-
8,8,-,-
9,9,-,-
10,10,-,-
11,11,-,-
12,12,-,-
13,13,-,-
14,14,-,-
15,15,-,-
16,16,-,-
17,17,-,-
18,18,-,-
19,19,-,-
20,20,-,-
21,21,-,-
22,22,-,-
23,23,-,-
24,24,-,-
25,25,-,-
26,26,-,-
27,27,-,-
28,28,-,-
29,29,-,-
30,30,-,-
ARCS,680
0,1,11,8,188,281,342.0,342,342.0
1,1,21,13,340,284,619.0,619,619.0
2,1,5,8,331,149,602.0,602,602.0
3,1,10,19,282,304,513.0,513,513.0
4,1,27,17,107,215,195.0,195,195.0
5,1,29,17,303,145,551.0,551,551.0
6,1,22,14,368,123,670.0,670,670.0
7,1,16,11,335,191,610.0,610,610.0
8,1,2,15,107,268,195.0,195,195.0
9,1,18,12,168,284,306.0,306,306.0
10,1,15,13,237,283,431.0,431,431.0
11,1,12,5,58,323,106.0,106,106.0
12,1,24,11,364,326,662.0,662,662.0
13,1,25,7,315,311,573.0,573,573.0
14,1,23,5,384,250,699.0,699,699.0
15,1,14,11,233,351,424.0,424,424.0
16,1,3,8,323,96,588.0,588,588.0
17,1,8,4,397,181,722.0,722,722.0
18,1,13,17,397,288,722.0,722,722.0
19,1,6,16,327,236,595.0,595,595.0
20,1,28,15,192,116,350.0,350,350.0
21,1,7,7,135,241,246.0,246,246.0
22,1,4,18,335,204,610.0,610,610.0
23,1,17,6,192,240,350.0,350,350.0
24,1,26,17,389,181,708.0,708,708.0
25,1,19,8,405,208,737.0,737,737.0
26,1,30,19,323,157,588.0,588,588.0
27,1,9,4,389,232,708.0,708,708.0
28,2,21,18,291,76,530.0,530,530.0
29,2,15,11,303,235,551.0,551,551.0
30,2,29,11,397,359,722.0,722,722.0
31,2,25,15,360,259,655.0,655,655.0
32,2,5,4,335,230,610.0,610,610.0
33,2,17,17,262,129,477.0,477,477.0
34,2,22,16,180,291,328.0,328,328.0
35,2,10,16,192,242,350.0,350,350.0
36,2,4,6,188,293,342.0,342,342.0
37,2,30,12,319,227,580.0,580,580.0
38,2,24,12,393,184,715.0,715,715.0
39,2,1,5,197,161,359.0,359,359.0
40,2,8,7,368,329,670.0,670,670.0
41,2,27,3,66,315,120.0,120,120.0
42,2,20,19,119,122,217.0,217,217.0
43,2,11,19,331,237,602.0,602,602.0
44,2,6,13,172,109,313.0,313,313.0
45,2,23,18,148,126,270.0,270,270.0
46,2,14,19,266,175,484.0,484,484.0
47,3,30,14,70,121,128.0,128,128.0
48,3,12,12,66,337,120.0,120,120.0
49,3,19,8,192,260,350.0,350,350.0
50,3,14,4,103,348,188.0,188,188.0
51,3,28,19,188,179,342.0,342,342.0
52,3,8,15,270,306,491.0,491,491.0
53,3,9,17,286,349,520.0,520,520.0
54,3,2,9,397,88,722.0,722,722.0
55,3,25,17,364,137,662.0,662,662.0
56,3,15,15,70,308,128.0,128,128.0
57,3,23,2,348,200,633.0,633,633.0
58,3,4,16,66,96,120.0,120,120.0
59,3,10,11,254,82,462.0,462,462.0
60,3,29,14,327,99,595.0,595,595.0
61,3,21,17,58,302,106.0,106,106.0
62,3,26,7,156,265,284.0,284,284.0
63,3,6,10,282,178,513.0,513,513.0
64,3,17,19,172,278,313.0,313,313.0
65,3,11,2,270,189,491.0,491,491.0
66,3,24,4,299,135,544.0,544,544.0
67,3,13,19,217,280,395.0,395,395.0
68,3,20,15,86,217,157.0,157,157.0
69,3,18,11,340,268,619.0,619,619.0
70,3,16,11,331,234,602.0,602,602.0
71,3,27,2,119,332,217.0,217,217.0
72,3,22,7,62,168,113.0,113,113.0
73,3,5,13,303,228,551.0,551,551.0
74,3,7,6,115,269,210.0,210,210.0
75,3,1,9,250,355,455.0,455,455.0
76,4,19,3,348,361,633.0,633,633.0
77,4,14,13,348,192,633.0,633,633.0
78,4,13,16,340,344,619.0,619,619.0
79,4,12,19,384,223,699.0,699,699.0
80,4,11,11,74,131,135.0,135,135.0
81,4,16,15,184,168,335.0,335,335.0
82,4,3,14,364,358,662.0,662,662.0
83,4,30,18,115,283,210.0,210,210.0
84,4,21,4,311,268,566.0,566,566.0
85,4,2,10,50,187,91.0,91,91.0
86,4,9,2,315,229,573.0,573,573.0
87,4,8,12,364,187,662.0,662,662.0
88,4,27,12,156,140,284.0,284,284.0
89,4,20,9,307,317,559.0,559,559.0
90,4,26,16,397,177,722.0,722,722.0
91,4,5,3,331,262,602.0,602,602.0
92,4,22,11,123,271,224.0,224,224.0
93,4,18,11,246,317,448.0,448,448.0
94,4,6,13,225,170,410.0,410,410.0
95,4,29,5,303,117,551.0,551,551.0
96,4,10,18,176,299,320.0,320,320.0
97,4,17,3,360,274,655.0,655,655.0
98,4,15,16,376,129,684.0,684,684.0
99,4,25,7,123,218,224.0,224,224.0
100,4,28,19,258,247,470.0,470,470.0
101,4,23,9,352,122,640.0,640,640.0
102,4,7,2,107,186,195.0,195,195.0
103,5,21,18,331,309,602.0,602,602.0
104,5,29,18,62,143,113.0,113,113.0
105,5,11,17,319,226,580.0,580,580.0
106,5,22,15,221,256,402.0,402,402.0
107,5,27,19,291,342,530.0,530,530.0
108,5,8,4,172,308,313.0,313,313.0
109,5,1,9,233,315,424.0,424,424.0
110,5,17,17,168,146,306.0,306,306.0
111,5,15,3,405,357,737.0,737,737.0
112,5,9,10,205,188,373.0,373,373.0
113,5,19,7,352,268,640.0,640,640.0
114,5,3,9,213,105,388.0,388,388.0
115,5,28,10,295,256,537.0,537,537.0
116,5,25,19,229,281,417.0,417,417.0
117,5,18,16,364,101,662.0,662,662.0
118,5,10,16,217,258,395.0,395,395.0
119,5,20,2,197,161,359.0,359,359.0
120,5,2,8,405,120,737.0,737,737.0
121,5,16,14,192,337,350.0,350,350.0
122,5,4,8,74,272,135.0,135,135.0
123,5,7,10,405,121,737.0,737,737.0
124,5,30,9,209,91,380.0,380,380.0
125,5,6,17,143,156,260.0,260,260.0
126,5,13,8,58,225,106.0,106,106.0
127,5,12,15,58,107,106.0,106,106.0
128,5,23,15,131,193,239.0,239,239.0
129,5,14,19,368,237,670.0,670,670.0
130,5,26,9,225,102,410.0,410,410.0
131,5,24,10,295,340,537.0,537,537.0
132,6,4,6,99,194,180.0,180,180.0
133,6,30,17,282,329,513.0,513,513.0
134,6,29,18,123,344,224.0,224,224.0
135,6,23,16,270,117,491.0,491,491.0
136,6,20,6,192,221,350.0,350,350.0
137,6,14,6,384,233,699.0,699,699.0
138,6,12,17,143,167,260.0,260,260.0
139,6,11,6,82,260,150.0,150,150.0
140,6,21,19,291,325,530.0,530,530.0
141,6,25,8,152,171,277.0,277,277.0
142,6,2,11,54,256,99.0,99,99.0
143,6,24,8,111,88,202.0,202,202.0
144,6,19,9,188,211,342.0,342,342.0
145,6,27,3,368,164,670.0,670,670.0
146,6,5,8,127,85,231.0,231,231.0
147,6,8,7,327,262,595.0,595,595.0
148,6,28,6,229,370,417.0,417,417.0
149,6,13,14,270,284,491.0,491,491.0
150,6,7,17,152,83,277.0,277,277.0
151,6,16,6,156,76,284.0,284,284.0
152,6,18,8,45,265,82.0,82,82.0
153,6,22,19,286,269,520.0,520,520.0
154,6,3,10,315,76,573.0,573,573.0
155,6,17,6,188,265,342.0,342,342.0
156,6,26,4,156,291,284.0,284,284.0
157,6,10,9,311,247,566.0,566,566.0
158,7,23,16,176,249,320.0,320,320.0
159,7,4,2,115,207,210.0,210,210.0
160,7,20,10,82,86,150.0,150,150.0
161,7,27,8,331,127,602.0,602,602.0
162,7,29,4,250,354,455.0,455,455.0
163,7,16,16,246,347,448.0,448,448.0
164,7,17,12,143,287,260.0,260,260.0
165,7,14,14,291,197,530.0,530,530.0
166,7,22,3,164,265,299.0,299,299.0
167,7,1,19,356,286,648.0,648,648.0
168,7,10,19,168,120,306.0,306,306.0
169,7,15,5,291,180,530.0,530,530.0
170,7,13,11,209,257,380.0,380,380.0
171,7,2,18,307,203,559.0,559,559.0
172,7,5,9,221,105,402.0,402,402.0
173,7,3,15,143,337,260.0,260,260.0
174,7,8,10,111,345,202.0,202,202.0
175,7,24,2,278,317,506.0,506,506.0
176,7,18,8,148,88,270.0,270,270.0
177,7,30,16,90,309,164.0,164,164.0
178,7,25,9,131,134,239.0,239,239.0
179,7,21,6,397,326,722.0,722,722.0
180,7,26,12,278,109,506.0,506,506.0
181,7,28,15,184,361,335.0,335,335.0
182,8,6,16,340,228,619.0,619,619.0
183,8,14,14,205,128,373.0,373,373.0
184,8,11,9,90,160,164.0,164,164.0
185,8,22,4,380,154,691.0,691,691.0
186,8,3,8,115,288,210.0,210,210.0
187,8,13,6,397,135,722.0,722,722.0
188,8,1,12,62,313,113.0,113,113.0
189,8,4,13,405,93,737.0,737,737.0
190,8,23,14,340,183,619.0,619,619.0
191,8,15,5,66,274,120.0,120,120.0
192,8,2,4,139,205,253.0,253,253.0
193,8,21,7,131,331,239.0,239,239.0
194,8,20,17,344,185,626.0,626,626.0
195,8,18,11,103,210,188.0,188,188.0
196,8,19,12,311,183,566.0,566,566.0
197,8,28,2,176,250,320.0,320,320.0
198,8,27,7,225,103,410.0,410,410.0
199,8,10,17,242,245,440.0,440,440.0
200,8,24,13,401,204,730.0,730,730.0
201,8,9,19,160,276,291.0,291,291.0
202,8,17,4,360,349,655.0,655,655.0
203,8,25,10,246,322,448.0,448,448.0
204,8,12,10,131,222,239.0,239,239.0
205,8,5,15,139,104,253.0,253,253.0
206,8,30,5,278,309,506.0,506,506.0
207,8,29,7,389,176,708.0,708,708.0
208,9,13,12,99,235,180.0,180,180.0
209,9,20,19,82,320,150.0,150,150.0
210,9,17,9,156,337,284.0,284,284.0
211,9,27,18,242,226,440.0,440,440.0
212,9,26,4,254,218,462.0,462,462.0
213,9,25,11,364,120,662.0,662,662.0
214,9,7,7,311,118,566.0,566,566.0
215,9,23,14,335,359,610.0,610,610.0
216,9,5,13,41,349,75.0,75,75.0
217,9,19,3,286,245,520.0,520,520.0
218,9,30,2,205,274,373.0,373,373.0
219,9,14,9,237,299,431.0,431,431.0
220,9,4,12,176,238,320.0,320,320.0
221,9,15,6,50,179,91.0,91,91.0
222,9,24,9,168,340,306.0,306,306.0
223,9,10,11,103,328,188.0,188,188.0
224,9,16,2,356,332,648.0,648,648.0
225,9,6,14,66,137,120.0,120,120.0
226,10,2,15,335,239,610.0,610,610.0
227,10,6,7,393,325,715.0,715,715.0
228,10,18,6,384,136,699.0,699,699.0
229,10,9,9,131,103,239.0,239,239.0
230,10,26,6,311,81,566.0,566,566.0
231,10,3,16,340,146,619.0,619,619.0
232,10,4,4,66,311,120.0,120,120.0
233,10,28,11,217,256,395.0,395,395.0
234,10,7,3,123,321,224.0,224,224.0
235,10,30,10,99,335,180.0,180,180.0
236,10,24,15,205,160,373.0,373,373.0
237,10,11,11,160,186,291.0,291,291.0
238,10,16,2,360,335,655.0,655,655.0
239,10,5,8,393,288,715.0,715,715.0
240,10,19,7,148,326,270.0,270,270.0
241,10,14,2,119,268,217.0,217,217.0
242,10,22,13,311,96,566.0,566,566.0
243,10,1,2,291,84,530.0,530,530.0
244,11,8,5,229,303,417.0,417,417.0
245,11,25,14,331,172,602.0,602,602.0
246,11,29,16,327,117,595.0,595,595.0
247,11,15,7,111,294,202.0,202,202.0
248,11,6,6,397,264,722.0,722,722.0
249,11,4,14,405,152,737.0,737,737.0
250,11,21,7,107,75,195.0,195,195.0
251,11,7,15,99,210,180.0,180,180.0
252,11,28,18,58,307,106.0,106,106.0
253,11,18,6,258,157,470.0,470,470.0
254,11,5,19,282,247,513.0,513,513.0
255,11,23,17,246,326,448.0,448,448.0
256,11,10,11,237,350,431.0,431,431.0
257,12,2,15,99,123,180.0,180,180.0
258,12,22,17,70,267,128.0,128,128.0
259,12,26,8,340,222,619.0,619,619.0
260,12,4,14,229,361,417.0,417,417.0
261,12,30,6,299,352,544.0,544,544.0
262,12,20,8,70,88,128.0,128,128.0
263,12,19,6,66,226,120.0,120,120.0
264,12,1,7,99,360,180.0,180,180.0
265,12,14,3,143,209,260.0,260,260.0
266,12,9,19,311,137,566.0,566,566.0
267,12,5,19,360,210,655.0,655,655.0
268,12,23,13,307,127,559.0,559,559.0
269,12,28,5,205,343,373.0,373,373.0
270,12,15,13,389,252,708.0,708,708.0
271,12,13,18,127,274,231.0,231,231.0
272,12,29,16,41,131,75.0,75,75.0
273,12,16,16,384,256,699.0,699,699.0
274,12,24,8,229,244,417.0,417,417.0
275,12,25,2,213,114,388.0,388,388.0
276,12,18,14,348,352,633.0,633,633.0
277,12,10,18,197,275,359.0,359,359.0
278,12,11,17,127,193,231.0,231,231.0
279,12,27,2,237,273,431.0,431,431.0
280,12,21,13,331,352,602.0,602,602.0
281,13,27,13,99,80,180.0,180,180.0
282,13,15,13,90,271,164.0,164,164.0
283,13,18,18,376,194,684.0,684,684.0
284,13,3,11,217,146,395.0,395,395.0
285,13,14,16,233,367,424.0,424,424.0
286,13,17,19,160,147,291.0,291,291.0
287,13,19,15,401,96,730.0,730,730.0
288,13,2,6,315,81,573.0,573,573.0
289,13,25,2,184,114,335.0,335,335.0
290,13,9,4,107,352,195.0,195,195.0
291,13,24,12,213,170,388.0,388,388.0
292,13,8,19,368,352,670.0,670,670.0
293,13,28,14,180,183,328.0,328,328.0
294,13,26,7,168,166,306.0,306,306.0
295,13,21,11,331,82,602.0,602,602.0
296,13,30,18,135,265,246.0,246,246.0
297,13,16,11,380,340,691.0,691,691.0
298,13,12,8,54,265,99.0,99,99.0
299,13,29,13,111,118,202.0,202,202.0
300,13,6,10,90,334,164.0,164,164.0
301,13,10,14,380,128,691.0,691,691.0
302,13,1,12,131,311,239.0,239,239.0
303,14,19,8,213,260,388.0,388,388.0
304,14,5,12,266,342,484.0,484,484.0
305,14,12,18,119,257,217.0,217,217.0
306,14,1,15,323,341,588.0,588,588.0
307,14,18,2,115,301,210.0,210,210.0
308,14,3,19,135,90,246.0,246,246.0
309,14,16,10,139,146,253.0,253,253.0
310,14,27,19,225,96,410.0,410,410.0
311,14,30,13,295,255,537.0,537,537.0
312,14,10,5,327,303,595.0,595,595.0
313,14,21,6,356,163,648.0,648,648.0
314,14,4,15,315,198,573.0,573,573.0
315,14,20,6,352,210,640.0,640,640.0
316,14,24,3,201,324,366.0,366,366.0
317,14,23,9,254,100,462.0,462,462.0
318,14,6,8,258,327,470.0,470,470.0
319,14,29,17,90,223,164.0,164,164.0
320,14,2,19,180,349,328.0,328,328.0
321,15,8,19,184,334,335.0,335,335.0
322,15,21,7,393,79,715.0,715,715.0
323,15,18,16,315,331,573.0,573,573.0
324,15,6,16,401,109,730.0,730,730.0
325,15,4,3,352,255,640.0,640,640.0
326,15,14,9,50,86,91.0,91,91.0
327,15,29,14,160,137,291.0,291,291.0
328,15,19,15,254,126,462.0,462,462.0
329,15,12,3,107,139,195.0,195,195.0
330,15,2,3,152,311,277.0,277,277.0
331,15,28,10,372,259,677.0,677,677.0
332,15,24,6,315,165,573.0,573,573.0
333,15,9,10,107,287,195.0,195,195.0
334,15,26,7,148,99,270.0,270,270.0
335,15,23,18,221,250,402.0,402,402.0
336,15,17,3,327,149,595.0,595,595.0
337,15,16,17,164,337,299.0,299,299.0
338,15,11,14,307,114,559.0,559,559.0
339,15,10,16,168,106,306.0,306,306.0
340,15,3,13,209,160,380.0,380,380.0
341,15,1,10,127,253,231.0,231,231.0
342,15,13,14,278,352,506.0,506,506.0
343,15,30,19,258,311,470.0,470,470.0
344,15,22,14,107,198,195.0,195,195.0
345,15,20,11,86,137,157.0,157,157.0
346,16,25,13,258,204,470.0,470,470.0
347,16,23,4,323,141,588.0,588,588.0
348,16,9,5,323,81,588.0,588,588.0
349,16,4,5,66,296,120.0,120,120.0
350,16,5,6,209,154,380.0,380,380.0
351,16,27,12,70,207,128.0,128,128.0
352,16,1,17,282,209,513.0,513,513.0
353,16,29,18,123,360,224.0,224,224.0
354,16,6,4,364,102,662.0,662,662.0
355,16,18,8,107,332,195.0,195,195.0
356,16,19,8,242,315,440.0,440,440.0
357,16,14,6,344,241,626.0,626,626.0
358,16,8,18,58,198,106.0,106,106.0
359,16,15,6,246,152,448.0,448,448.0
360,16,3,17,262,287,477.0,477,477.0
361,16,28,13,327,101,595.0,595,595.0
362,16,20,3,139,213,253.0,253,253.0
363,16,22,17,380,182,691.0,691,691.0
364,16,13,13,327,116,595.0,595,595.0
365,16,7,12,86,345,157.0,157,157.0
366,16,30,13,201,321,366.0,366,366.0
367,17,21,15,335,124,610.0,610,610.0
368,17,1,8,143,162,260.0,260,260.0
369,17,4,19,180,265,328.0,328,328.0
370,17,10,13,197,322,359.0,359,359.0
371,17,14,4,139,317,253.0,253,253.0
372,17,6,3,123,355,224.0,224,224.0
373,17,8,16,401,317,730.0,730,730.0
374,17,3,13,266,218,484.0,484,484.0
375,17,13,12,103,277,188.0,188,188.0
376,17,22,6,270,137,491.0,491,491.0
377,17,20,3,82,343,150.0,150,150.0
378,17,23,16,221,303,402.0,402,402.0
379,17,15,3,221,243,402.0,402,402.0
380,17,7,8,323,359,588.0,588,588.0
381,17,16,4,348,271,633.0,633,633.0
382,17,29,3,352,320,640.0,640,640.0
383,17,18,10,180,300,328.0,328,328.0
384,17,27,19,344,228,626.0,626,626.0
385,17,19,6,393,268,715.0,715,715.0
386,17,5,12,41,201,75.0,75,75.0
387,17,24,14,184,85,335.0,335,335.0
388,17,28,13,237,159,431.0,431,431.0
389,17,12,7,262,359,477.0,477,477.0
390,17,9,16,111,238,202.0,202,202.0
391,17,11,6,344,288,626.0,626,626.0
392,17,2,10,111,166,202.0,202,202.0
393,18,30,16,176,306,320.0,320,320.0
394,18,20,8,389,361,708.0,708,708.0
395,18,11,2,282,329,513.0,513,513.0
396,18,22,18,139,218,253.0,253,253.0
397,18,16,5,233,302,424.0,424,424.0
398,18,10,17,384,253,699.0,699,699.0
399,18,24,13,270,88,491.0,491,491.0
400,18,1,14,180,188,328.0,328,328.0
401,18,13,3,307,322,559.0,559,559.0
402,18,28,14,401,260,730.0,730,730.0
403,18,21,14,344,201,626.0,626,626.0
404,18,25,12,168,300,306.0,306,306.0
405,18,15,10,376,346,684.0,684,684.0
406,18,19,13,176,226,320.0,320,320.0
407,18,29,3,389,138,708.0,708,708.0
408,18,6,2,356,254,648.0,648,648.0
409,18,9,7,225,231,410.0,410,410.0
410,18,26,2,160,147,291.0,291,291.0
411,18,8,16,242,138,440.0,440,440.0
412,18,4,7,344,340,626.0,626,626.0
413,18,12,6,201,170,366.0,366,366.0
414,18,27,10,54,85,99.0,99,99.0
415,18,3,14,127,152,231.0,231,231.0
416,18,7,2,372,342,677.0,677,677.0
417,19,20,19,221,159,402.0,402,402.0
418,19,22,14,103,363,188.0,188,188.0
419,19,17,13,340,119,619.0,619,619.0
420,19,14,2,242,152,440.0,440,440.0
421,19,29,4,397,352,722.0,722,722.0
422,19,12,10,282,134,513.0,513,513.0
423,19,23,17,111,281,202.0,202,202.0
424,19,21,19,286,341,520.0,520,520.0
425,19,27,19,356,281,648.0,648,648.0
426,19,11,5,303,230,551.0,551,551.0
427,19,5,15,123,91,224.0,224,224.0
428,19,30,7,217,167,395.0,395,395.0
429,19,18,11,115,99,210.0,210,210.0
430,19,13,8,323,181,588.0,588,588.0
431,19,4,7,360,310,655.0,655,655.0
432,19,10,19,352,330,640.0,640,640.0
433,19,25,4,54,175,99.0,99,99.0
434,19,15,19,197,189,359.0,359,359.0
435,19,8,2,54,310,99.0,99,99.0
436,19,28,10,82,327,150.0,150,150.0
437,19,6,14,221,202,402.0,402,402.0
438,19,2,10,119,219,217.0,217,217.0
439,19,3,11,380,181,691.0,691,691.0
440,19,1,8,278,346,506.0,506,506.0
441,19,7,12,78,242,142.0,142,142.0
442,19,26,10,335,142,610.0,610,610.0
443,20,23,5,107,192,195.0,195,195.0
444,20,1,6,331,331,602.0,602,602.0
445,20,15,15,307,226,559.0,559,559.0
446,20,12,5,401,345,730.0,730,730.0
447,20,18,13,397,98,722.0,722,722.0
448,20,25,19,368,120,670.0,670,670.0
449,20,17,7,127,153,231.0,231,231.0
450,20,21,18,384,181,699.0,699,699.0
451,20,30,10,368,369,670.0,670,670.0
452,20,2,12,299,165,544.0,544,544.0
453,20,19,14,331,356,602.0,602,602.0
454,20,9,7,286,154,520.0,520,520.0
455,20,14,4,331,353,602.0,602,602.0
456,20,27,6,380,197,691.0,691,691.0
457,20,11,18,242,337,440.0,440,440.0
458,20,3,4,111,175,202.0,202,202.0
459,20,24,5,254,188,462.0,462,462.0
460,20,6,11,327,157,595.0,595,595.0
461,20,8,13,401,279,730.0,730,730.0
462,20,7,10,278,286,506.0,506,506.0
463,20,28,15,229,359,417.0,417,417.0
464,20,5,11,360,178,655.0,655,655.0
465,20,29,18,168,91,306.0,306,306.0
466,20,16,3,41,233,75.0,75,75.0
467,20,4,9,242,344,440.0,440,440.0
468,21,19,5,233,186,424.0,424,424.0
469,21,1,19,237,146,431.0,431,431.0
470,21,16,17,315,76,573.0,573,573.0
471,21,12,4,291,257,530.0,530,530.0
472,21,27,3,344,227,626.0,626,626.0
473,21,24,6,41,79,75.0,75,75.0
474,21,14,19,356,329,648.0,648,648.0
475,21,20,6,360,128,655.0,655,655.0
476,21,4,15,344,281,626.0,626,626.0
477,21,28,8,401,96,730.0,730,730.0
478,21,3,8,152,207,277.0,277,277.0
479,21,17,9,188,331,342.0,342,342.0
480,21,13,2,229,137,417.0,417,417.0
481,21,18,4,335,288,610.0,610,610.0
482,21,9,8,168,166,306.0,306,306.0
483,21,8,13,99,150,180.0,180,180.0
484,21,15,2,143,273,260.0,260,260.0
485,21,25,18,278,149,506.0,506,506.0
486,21,2,14,58,286,106.0,106,106.0
487,21,22,16,156,272,284.0,284,284.0
488,21,26,2,229,265,417.0,417,417.0
489,21,5,15,352,185,640.0,640,640.0
490,22,20,12,58,159,106.0,106,106.0
491,22,29,7,295,218,537.0,537,537.0
492,22,8,19,331,196,602.0,602,602.0
493,22,13,18,405,80,737.0,737,737.0
494,22,3,4,295,304,537.0,537,537.0
495,22,14,6,389,226,708.0,708,708.0
496,22,6,11,229,104,417.0,417,417.0
497,22,2,18,258,259,470.0,470,470.0
498,22,25,8,41,162,75.0,75,75.0
499,22,30,11,368,131,670.0,670,670.0
500,22,5,18,262,145,477.0,477,477.0
501,22,17,15,160,252,291.0,291,291.0
502,22,28,9,50,180,91.0,91,91.0
503,22,27,14,352,335,640.0,640,640.0
504,22,26,16,111,125,202.0,202,202.0
505,22,24,6,54,289,99.0,99,99.0
506,22,9,15,45,257,82.0,82,82.0
507,22,16,8,45,222,82.0,82,82.0
508,22,1,18,278,319,506.0,506,506.0
509,22,19,11,360,271,655.0,655,655.0
510,22,11,5,225,86,410.0,410,410.0
511,22,12,16,176,140,320.0,320,320.0
512,22,23,10,380,349,691.0,691,691.0
513,22,21,9,335,355,610.0,610,610.0
514,22,15,19,86,188,157.0,157,157.0
515,22,10,10,127,173,231.0,231,231.0
516,23,30,12,213,339,388.0,388,388.0
517,23,24,2,41,162,75.0,75,75.0
518,23,28,19,274,354,499.0,499,499.0
519,23,3,6,54,268,99.0,99,99.0
520,23,5,5,299,322,544.0,544,544.0
521,23,20,10,99,105,180.0,180,180.0
522,23,29,14,389,367,708.0,708,708.0
523,23,1,3,99,213,180.0,180,180.0
524,23,15,14,160,233,291.0,291,291.0
525,23,26,12,213,309,388.0,388,388.0
526,23,17,8,344,179,626.0,626,626.0
527,23,25,6,327,113,595.0,595,595.0
528,23,27,10,311,325,566.0,566,566.0
529,23,14,9,348,130,633.0,633,633.0
530,23,9,13,364,160,662.0,662,662.0
531,23,22,19,352,355,640.0,640,640.0
532,23,12,13,180,102,328.0,328,328.0
533,23,19,14,286,176,520.0,520,520.0
534,23,7,18,291,318,530.0,530,530.0
535,23,11,7,107,220,195.0,195,195.0
536,23,10,7,360,250,655.0,655,655.0
537,23,2,12,139,207,253.0,253,253.0
538,23,6,8,90,288,164.0,164,164.0
539,24,5,4,213,184,388.0,388,388.0
540,24,18,8,54,301,99.0,99,99.0
541,24,2,8,286,213,520.0,520,520.0
542,24,12,2,115,328,210.0,210,210.0
543,24,6,13,168,137,306.0,306,306.0
544,24,28,3,107,332,195.0,195,195.0
545,24,8,19,115,288,210.0,210,210.0
546,24,19,18,143,138,260.0,260,260.0
547,24,11,19,201,271,366.0,366,366.0
548,24,9,13,393,149,715.0,715,715.0
549,24,3,16,225,227,410.0,410,410.0
550,24,17,16,119,369,217.0,217,217.0
551,24,7,12,372,354,677.0,677,677.0
552,24,14,13,164,221,299.0,299,299.0
553,24,20,12,319,129,580.0,580,580.0
554,24,27,8,143,308,260.0,260,260.0
555,25,1,6,327,94,595.0,595,595.0
556,25,3,9,323,100,588.0,588,588.0
557,25,22,18,74,175,135.0,135,135.0
558,25,10,16,335,82,610.0,610,610.0
559,25,23,13,99,166,180.0,180,180.0
560,25,8,13,323,152,588.0,588,588.0
561,25,18,19,123,203,224.0,224,224.0
562,25,4,19,270,257,491.0,491,491.0
563,25,16,14,168,122,306.0,306,306.0
564,25,19,15,50,344,91.0,91,91.0
565,25,27,7,197,114,359.0,359,359.0
566,25,7,7,303,286,551.0,551,551.0
567,25,13,11,254,88,462.0,462,462.0
568,25,26,3,274,169,499.0,499,499.0
569,25,11,8,315,178,573.0,573,573.0
570,25,30,18,368,258,670.0,670,670.0
571,26,29,5,282,292,513.0,513,513.0
572,26,4,3,376,105,684.0,684,684.0
573,26,3,4,237,107,431.0,431,431.0
574,26,20,18,184,322,335.0,335,335.0
575,26,15,15,405,102,737.0,737,737.0
576,26,24,17,291,118,530.0,530,530.0
577,26,9,3,364,217,662.0,662,662.0
578,26,27,6,180,243,328.0,328,328.0
579,26,10,3,135,283,246.0,246,246.0
580,26,17,2,340,314,619.0,619,619.0
581,26,19,16,131,225,239.0,239,239.0
582,26,1,7,344,131,626.0,626,626.0
583,26,28,15,213,210,388.0,388,388.0
584,26,16,13,103,311,188.0,188,188.0
585,26,21,19,201,240,366.0,366,366.0
586,26,23,13,78,226,142.0,142,142.0
587,26,2,11,286,82,520.0,520,520.0
588,26,22,8,164,191,299.0,299,299.0
589,26,30,2,376,335,684.0,684,684.0
590,27,21,17,364,173,662.0,662,662.0
591,27,23,15,74,282,135.0,135,135.0
592,27,8,15,250,228,455.0,455,455.0
593,27,29,19,201,321,366.0,366,366.0
594,27,19,18,82,290,150.0,150,150.0
595,27,11,16,111,153,202.0,202,202.0
596,27,30,7,282,96,513.0,513,513.0
597,27,4,8,168,85,306.0,306,306.0
598,27,1,6,319,160,580.0,580,580.0
599,27,20,7,303,140,551.0,551,551.0
600,27,26,12,250,191,455.0,455,455.0
601,27,13,9,143,294,260.0,260,260.0
602,27,15,14,262,149,477.0,477,477.0
603,27,7,18,393,342,715.0,715,715.0
604,27,24,11,274,334,499.0,499,499.0
605,27,6,5,229,241,417.0,417,417.0
606,27,12,8,282,105,513.0,513,513.0
607,27,10,10,148,111,270.0,270,270.0
608,27,17,3,270,199,491.0,491,491.0
609,27,2,5,94,89,171.0,171,171.0
610,27,9,19,393,140,715.0,715,715.0
611,27,22,5,148,168,270.0,270,270.0
612,27,18,3,50,82,91.0,91,91.0
613,27,16,3,229,117,417.0,417,417.0
614,27,14,9,160,181,291.0,291,291.0
615,27,25,16,205,226,373.0,373,373.0
616,28,27,2,291,207,530.0,530,530.0
617,28,19,17,225,244,410.0,410,410.0
618,28,14,19,139,239,253.0,253,253.0
619,28,17,12,262,359,477.0,477,477.0
620,28,23,6,348,312,633.0,633,633.0
621,28,11,15,405,309,737.0,737,737.0
622,28,25,12,135,332,246.0,246,246.0
623,28,3,17,270,317,491.0,491,491.0
624,28,29,14,397,266,722.0,722,722.0
625,28,24,9,164,302,299.0,299,299.0
626,28,10,17,70,224,128.0,128,128.0
627,28,13,17,184,281,335.0,335,335.0
628,28,1,17,94,264,171.0,171,171.0
629,28,5,8,94,292,171.0,171,171.0
630,28,9,5,135,201,246.0,246,246.0
631,28,22,5,401,184,730.0,730,730.0
632,28,12,8,184,142,335.0,335,335.0
633,28,6,3,348,132,633.0,633,633.0
634,28,20,19,135,326,246.0,246,246.0
635,28,2,18,262,351,477.0,477,477.0
636,28,26,10,70,282,128.0,128,128.0
637,28,7,3,291,130,530.0,530,530.0
638,28,4,13,221,87,402.0,402,402.0
639,28,15,13,70,181,128.0,128,128.0
640,28,18,8,143,123,260.0,260,260.0
641,29,4,6,344,303,626.0,626,626.0
642,29,20,19,148,361,270.0,270,270.0
643,29,25,4,58,237,106.0,106,106.0
644,29,8,11,401,135,730.0,730,730.0
645,29,15,14,384,166,699.0,699,699.0
646,29,6,6,213,93,388.0,388,388.0
647,29,23,11,299,367,544.0,544,544.0
648,29,19,13,62,157,113.0,113,113.0
649,29,18,16,233,236,424.0,424,424.0
650,29,30,12,197,173,359.0,359,359.0
651,29,13,14,266,208,484.0,484,484.0
652,29,2,16,94,169,171.0,171,171.0
653,29,26,8,135,369,246.0,246,246.0
654,29,5,8,45,149,82.0,82,82.0
655,29,10,8,323,209,588.0,588,588.0
656,30,2,15,50,342,91.0,91,91.0
657,30,13,8,278,251,506.0,506,506.0
658,30,7,8,282,274,513.0,513,513.0
659,30,12,17,344,114,626.0,626,626.0
660,30,19,16,286,352,520.0,520,520.0
661,30,17,9,86,284,157.0,157,157.0
662,30,14,9,45,305,82.0,82,82.0
663,30,24,19,291,201,530.0,530,530.0
664,30,3,18,274,247,499.0,499,499.0
665,30,21,15,86,93,157.0,157,157.0
666,30,28,19,111,134,202.0,202,202.0
667,30,16,4,111,76,202.0,202,202.0
668,30,5,18,164,346,299.0,299,299.0
669,30,27,17,335,144,610.0,610,610.0
670,30,6,10,217,240,395.0,395,395.0
671,30,20,18,393,168,715.0,715,715.0
672,30,4,4,168,174,306.0,306,306.0
673,30,25,18,180,172,328.0,328,328.0
674,30,9,3,70,206,128.0,128,128.0
675,30,26,2,103,306,188.0,188,188.0
676,30,10,15,331,140,602.0,602,602.0
677,30,23,18,286,251,520.0,520,520.0
678,30,11,9,152,166,277.0,277,277.0
679,30,18,2,164,273,299.0,299,299.0
COMMODITIES,100
0,26,9,23,432,966.0,432,966.0
1,13,4,68,124,604.0,124,604.0
2,4,5,54,388,936.0,388,936.0
3,7,25,59,231,646.0,231,646.0
4,15,23,27,420,927.0,420,927.0
5,11,29,64,335,905.0,335,905.0
6,1,4,22,394,947.0,394,947.0
7,19,26,42,544,1008.0,544,1008.0
8,1,15,27,377,929.0,377,929.0
9,9,18,51,256,608.0,256,608.0
10,16,18,26,458,811.0,458,811.0
11,20,25,24,276,837.0,276,837.0
12,14,1,42,232,804.0,232,804.0
13,1,14,58,360,858.0,360,858.0
14,14,23,31,436,1020.0,436,1020.0
15,1,7,55,424,882.0,424,882.0
16,26,14,71,262,891.0,262,891.0
17,9,16,74,91,504.0,91,504.0
18,30,5,37,315,642.0,315,642.0
19,13,22,73,147,545.0,147,545.0
20,9,7,66,247,790.0,247,790.0
21,11,19,41,287,891.0,287,891.0
22,10,16,69,241,765.0,241,765.0
23,18,10,39,350,903.0,350,903.0
24,15,29,50,329,787.0,329,787.0
25,8,12,67,429,755.0,429,755.0
26,10,7,59,288,648.0,288,648.0
27,28,22,44,567,1032.0,567,1032.0
28,12,2,38,317,686.0,317,686.0
29,13,19,32,149,494.0,149,494.0
30,12,26,54,431,936.0,431,936.0
31,15,19,66,239,746.0,239,746.0
32,28,13,51,435,851.0,435,851.0
33,13,7,41,206,679.0,206,679.0
34,24,29,62,210,648.0,210,648.0
35,20,23,61,301,688.0,301,688.0
36,26,25,66,262,788.0,262,788.0
37,7,13,28,305,839.0,305,839.0
38,17,4,27,327,752.0,327,752.0
39,8,20,31,194,622.0,194,622.0
40,2,13,46,323,856.0,323,856.0
41,14,3,32,395,797.0,395,797.0
42,2,6,16,235,730.0,235,730.0
43,10,25,35,473,1018.0,473,1018.0
44,28,30,66,259,672.0,259,672.0
45,1,17,34,360,921.0,360,921.0
46,11,2,33,188,679.0,188,679.0
47,10,22,23,386,897.0,386,897.0
48,20,17,19,331,732.0,331,732.0
49,12,28,47,247,613.0,247,613.0
50,12,18,39,265,724.0,265,724.0
51,26,19,54,473,849.0,473,849.0
52,24,10,56,295,795.0,295,795.0
53,25,10,68,339,830.0,339,830.0
54,6,4,47,243,557.0,243,557.0
55,21,7,18,322,971.0,322,971.0
56,11,22,60,502,1038.0,502,1038.0
57,30,16,49,333,693.0,333,693.0
58,24,6,25,306,748.0,306,748.0
59,9,19,30,239,668.0,239,668.0
60,18,25,53,254,658.0,254,658.0
61,26,20,20,303,783.0,303,783.0
62,19,18,30,411,763.0,411,763.0
63,26,24,53,209,568.0,209,568.0
64,17,1,40,280,687.0,280,687.0
65,25,7,37,308,683.0,308,683.0
66,14,11,46,243,824.0,243,824.0
67,29,5,50,412,622.0,412,622.0
68,11,20,67,427,901.0,427,901.0
69,28,3,54,218,717.0,218,717.0
70,15,7,32,379,960.0,379,960.0
71,25,27,73,308,804.0,308,804.0
72,14,21,17,293,776.0,293,776.0
73,14,6,54,221,875.0,221,875.0
74,16,21,21,292,781.0,292,781.0
75,20,29,45,276,740.0,276,740.0
76,28,5,30,111,399.0,111,399.0
77,4,21,68,209,717.0,209,717.0
78,7,22,33,294,744.0,294,744.0
79,21,10,37,195,784.0,195,784.0
80,21,30,62,362,929.0,362,929.0
81,19,1,35,346,766.0,346,766.0
82,22,9,31,454,739.0,454,739.0
83,26,13,59,377,1082.0,377,1082.0
84,1,19,15,111,527.0,111,527.0
85,5,25,16,485,832.0,485,832.0
86,12,22,73,357,658.0,357,658.0
87,7,5,37,419,910.0,419,910.0
88,18,15,53,401,905.0,401,905.0
89,19,17,61,312,858.0,312,858.0
90,13,5,56,375,794.0,375,794.0
91,14,17,29,262,960.0,262,960.0
92,17,12,31,269,582.0,269,582.0
93,14,9,57,253,863.0,253,863.0
94,11,4,37,240,750.0,240,750.0
95,16,9,21,341,865.0,341,865.0
96,22,29,22,478,898.0,478,898.0
97,15,17,59,316,922.0,316,922.0
98,21,27,69,381,795.0,381,795.0
99,12,29,73,327,561.0,327,561.0
horizon=216
