NODES,30
1,1,-,-
2,2,-,-
3,3,-,-
4,4,-,-
5,5,-,-
6,6,-,-
7,7,-,-
8,8,-,-
9,9,-,-
10,10,-,-
11,11,-,-
12,12,-,-
13,13,-,-
14,14,-,-
15,15,-,-
16,16,-,-
17,17,-,-
18,18,-,-
19,19,-,-
20,20,-,-
21,21,-,-
22,22,-,-
23,23,-,-
24,24,-,-
25,25,-,-
26,26,-,-
27,27,-,-
28,28,-,-
29,29,-,-
30,30,-,-
ARCS,680
0,1,19,2,752,300,1368.0,1368,1368.0
1,1,25,19,501,152,911.0,911,911.0
2,1,23,2,329,184,599.0,599,599.0
3,1,10,17,545,183,991.0,991,991.0
4,1,28,6,622,257,1131.0,1131,1131.0
5,1,14,10,691,318,1257.0,1257,1257.0
6,1,17,4,596,277,1084.0,1084,1084.0
7,1,13,10,104,98,190.0,190,190.0
8,1,29,6,614,333,1117.0,1117,1117.0
9,1,3,5,683,106,1242.0,1242,1242.0
10,1,11,7,285,310,519.0,519,519.0
11,1,8,18,104,351,190.0,190,190.0
12,1,4,14,804,103,1462.0,1462,1462.0
13,1,7,14,234,185,426.0,426,426.0
14,1,15,2,242,235,440.0,440,440.0
15,1,5,12,821,324,1493.0,1493,1493.0
16,1,21,3,104,274,190.0,190,190.0
17,1,26,18,830,77,1510.0,1510,1510.0
18,1,20,18,622,354,1131.0,1131,1131.0
19,1,18,2,830,156,1510.0,1510,1510.0
20,1,24,14,242,212,440.0,440,440.0
21,1,2,7,717,125,1304.0,1304,1304.0
22,1,16,7,208,369,379.0,379,379.0
23,1,9,6,709,163,1290.0,1290,1290.0
24,1,27,12,614,84,1117.0,1117,1117.0
25,1,30,9,398,341,724.0,724,724.0
26,2,12,11,130,112,237.0,237,237.0
27,2,20,2,648,118,1179.0,1179,1179.0
28,2,7,11,804,224,1462.0,1462,1462.0
29,2,30,5,596,266,1084.0,1084,1084.0
30,2,6,17,285,165,519.0,519,519.0
31,2,14,11,510,75,928.0,928,928.0
32,2,22,12,320,226,582.0,582,582.0
33,2,1,8,769,201,1399.0,1399,1399.0
34,2,3,3,778,368,1415.0,1415,1415.0
35,2,24,11,450,345,819.0,819,819.0
36,2,9,10,251,292,457.0,457,457.0
37,2,15,8,735,251,1337.0,1337,1337.0
38,2,28,19,467,251,850.0,850,850.0
39,2,5,16,570,302,1037.0,1037,1037.0
40,2,26,6,795,139,1446.0,1446,1446.0
41,2,18,7,182,261,331.0,331,331.0
42,2,4,14,190,326,346.0,346,346.0
43,2,16,5,285,224,519.0,519,519.0
44,2,13,3,216,168,393.0,393,393.0
45,2,10,12,570,85,1037.0,1037,1037.0
46,2,11,7,182,222,331.0,331,331.0
47,3,28,12,398,219,724.0,724,724.0
48,3,18,7,830,362,1510.0,1510,1510.0
49,3,21,4,743,233,1351.0,1351,1351.0
50,3,29,12,260,325,473.0,473,473.0
51,3,11,19,553,162,1006.0,1006,1006.0
52,3,16,19,113,330,206.0,206,206.0
53,3,19,12,674,243,1226.0,1226,1226.0
54,3,6,9,683,295,1242.0,1242,1242.0
55,3,1,6,415,230,755.0,755,755.0
56,3,27,17,372,353,677.0,677,677.0
57,3,22,3,432,197,786.0,786,786.0
58,3,15,15,640,93,1164.0,1164,1164.0
59,3,25,19,380,301,691.0,691,691.0
60,3,14,6,709,103,1290.0,1290,1290.0
61,3,17,2,553,251,1006.0,1006,1006.0
62,3,20,14,311,245,566.0,566,566.0
63,4,15,7,640,285,1164.0,1164,1164.0
64,4,6,17,346,332,630.0,630,630.0
65,4,10,8,545,324,991.0,991,991.0
66,4,11,19,121,296,220.0,220,220.0
67,4,20,7,329,129,599.0,599,599.0
68,4,28,13,527,336,959.0,959,959.0
69,4,17,16,579,240,1053.0,1053,1053.0
70,4,29,12,717,151,1304.0,1304,1304.0
71,4,25,14,87,158,159.0,159,159.0
72,4,14,18,545,312,991.0,991,991.0
73,4,22,5,683,347,1242.0,1242,1242.0
74,4,8,8,812,144,1477.0,1477,1477.0
75,4,7,8,467,106,850.0,850,850.0
76,4,19,5,614,209,1117.0,1117,1117.0
77,4,21,7,640,287,1164.0,1164,1164.0
78,4,13,14,717,235,1304.0,1304,1304.0
79,4,16,16,484,247,880.0,880,880.0
80,4,12,3,570,236,1037.0,1037,1037.0
81,4,18,9,225,324,410.0,410,410.0
82,4,24,19,691,112,1257.0,1257,1257.0
83,4,27,2,838,290,1524.0,1524,1524.0
84,5,4,6,104,229,190.0,190,190.0
85,5,3,14,234,303,426.0,426,426.0
86,5,23,12,596,139,1084.0,1084,1084.0
87,5,20,3,104,315,190.0,190,190.0
88,5,29,18,182,127,331.0,331,331.0
89,5,22,5,657,369,1195.0,1195,1195.0
90,5,11,13,795,200,1446.0,1446,1446.0
91,5,30,4,182,280,331.0,331,331.0
92,5,7,17,260,305,473.0,473,473.0
93,5,14,8,139,287,253.0,253,253.0
94,5,10,19,363,229,660.0,660,660.0
95,5,1,19,441,128,802.0,802,802.0
96,5,18,2,216,312,393.0,393,393.0
97,5,9,10,156,286,284.0,284,284.0
98,5,21,16,786,268,1430.0,1430,1430.0
99,5,27,13,562,121,1022.0,1022,1022.0
100,5,17,14,614,162,1117.0,1117,1117.0
101,5,6,14,631,320,1148.0,1148,1148.0
102,5,13,9,536,159,975.0,975,975.0
103,5,12,7,847,110,1540.0,1540,1540.0
104,5,19,9,121,259,220.0,220,220.0
105,5,24,10,562,78,1022.0,1022,1022.0
106,6,4,17,717,339,1304.0,1304,1304.0
107,6,30,7,674,360,1226.0,1226,1226.0
108,6,16,19,674,254,1226.0,1226,1226.0
109,6,25,9,311,99,566.0,566,566.0
110,6,9,16,450,318,819.0,819,819.0
111,6,28,9,441,212,802.0,802,802.0
112,6,21,7,519,211,944.0,944,944.0
113,6,11,16,821,191,1493.0,1493,1493.0
114,6,29,12,355,368,646.0,646,646.0
115,6,18,2,190,298,346.0,346,346.0
116,6,8,5,165,171,300.0,300,300.0
117,6,13,15,380,133,691.0,691,691.0
118,6,5,4,562,180,1022.0,1022,1022.0
119,6,17,13,553,283,1006.0,1006,1006.0
120,6,15,4,389,147,708.0,708,708.0
121,7,21,2,847,341,1540.0,1540,1540.0
122,7,24,16,95,331,173.0,173,173.0
123,7,23,16,182,140,331.0,331,331.0
124,7,18,18,260,301,473.0,473,473.0
125,7,20,4,493,219,897.0,897,897.0
126,7,25,12,441,83,802.0,802,802.0
127,7,17,8,735,98,1337.0,1337,1337.0
128,7,29,9,389,296,708.0,708,708.0
129,7,19,19,260,153,473.0,473,473.0
130,7,22,10,104,137,190.0,190,190.0
131,7,8,7,536,368,975.0,975,975.0
132,7,28,8,424,196,771.0,771,771.0
133,7,9,14,700,255,1273.0,1273,1273.0
134,7,27,10,553,100,1006.0,1006,1006.0
135,7,2,3,372,85,677.0,677,677.0
136,7,15,7,855,139,1555.0,1555,1555.0
137,7,11,18,251,153,457.0,457,457.0
138,7,30,18,363,81,660.0,660,660.0
139,7,5,11,121,232,220.0,220,220.0
140,7,26,8,510,241,928.0,928,928.0
141,7,14,7,458,274,833.0,833,833.0
142,7,4,2,139,348,253.0,253,253.0
143,7,16,15,234,267,426.0,426,426.0
144,7,6,17,691,347,1257.0,1257,1257.0
145,7,1,2,130,251,237.0,237,237.0
146,7,13,10,329,82,599.0,599,599.0
147,8,5,9,726,182,1320.0,1320,1320.0
148,8,2,8,484,301,880.0,880,880.0
149,8,27,5,277,321,504.0,504,504.0
150,8,9,13,311,325,566.0,566,566.0
151,8,12,5,553,112,1006.0,1006,1006.0
152,8,21,14,821,368,1493.0,1493,1493.0
153,8,4,8,355,101,646.0,646,646.0
154,8,13,16,467,236,850.0,850,850.0
155,8,18,5,380,353,691.0,691,691.0
156,8,26,11,303,136,551.0,551,551.0
157,8,20,11,519,319,944.0,944,944.0
158,8,11,3,303,150,551.0,551,551.0
159,8,6,12,855,230,1555.0,1555,1555.0
160,8,10,9,570,251,1037.0,1037,1037.0
161,8,28,4,830,302,1510.0,1510,1510.0
162,8,22,8,752,325,1368.0,1368,1368.0
163,8,7,15,432,151,786.0,786,786.0
164,8,1,7,493,303,897.0,897,897.0
165,8,23,6,855,136,1555.0,1555,1555.0
166,8,29,9,674,318,1226.0,1226,1226.0
167,8,15,6,294,256,535.0,535,535.0
168,8,24,12,657,250,1195.0,1195,1195.0
169,8,16,17,406,336,739.0,739,739.0
170,8,30,10,795,154,1446.0,1446,1446.0
171,8,25,13,596,311,1084.0,1084,1084.0
172,8,17,9,691,335,1257.0,1257,1257.0
173,8,19,16,596,86,1084.0,1084,1084.0
174,8,3,18,683,121,1242.0,1242,1242.0
175,9,12,4,87,142,159.0,159,159.0
176,9,14,10,139,301,253.0,253,253.0
177,9,19,11,355,307,646.0,646,646.0
178,9,11,9,199,227,362.0,362,362.0
179,9,23,3,795,291,1446.0,1446,1446.0
180,9,24,18,320,177,582.0,582,582.0
181,9,1,5,190,359,346.0,346,346.0
182,9,5,19,104,115,190.0,190,190.0
183,9,29,13,527,247,959.0,959,959.0
184,9,6,11,743,226,1351.0,1351,1351.0
185,9,21,19,121,183,220.0,220,220.0
186,9,17,14,579,308,1053.0,1053,1053.0
187,9,26,8,147,145,268.0,268,268.0
188,9,30,16,631,368,1148.0,1148,1148.0
189,9,22,4,355,258,646.0,646,646.0
190,9,27,5,812,94,1477.0,1477,1477.0
191,9,18,2,622,300,1131.0,1131,1131.0
192,9,25,10,475,183,864.0,864,864.0
193,9,7,14,614,166,1117.0,1117,1117.0
194,9,4,13,709,228,1290.0,1290,1290.0
195,9,28,13,588,182,1070.0,1070,1070.0
196,10,22,17,553,361,1006.0,1006,1006.0
197,10,4,3,285,132,519.0,519,519.0
198,10,3,12,717,373,1304.0,1304,1304.0
199,10,14,10,156,86,284.0,284,284.0
200,10,16,6,208,92,379.0,379,379.0
201,10,29,2,450,346,819.0,819,819.0
202,10,15,2,311,233,566.0,566,566.0
203,10,8,9,234,239,426.0,426,426.0
204,10,26,3,311,321,566.0,566,566.0
205,10,19,19,795,349,1446.0,1446,1446.0
206,10,30,6,648,92,1179.0,1179,1179.0
207,10,11,2,389,159,708.0,708,708.0
208,10,6,16,346,302,630.0,630,630.0
209,10,7,8,432,167,786.0,786,786.0
210,10,9,7,372,317,677.0,677,677.0
211,10,24,16,415,118,755.0,755,755.0
212,10,2,6,648,120,1179.0,1179,1179.0
213,11,6,16,225,274,410.0,410,410.0
214,11,21,15,726,120,1320.0,1320,1320.0
215,11,25,8,475,189,864.0,864,864.0
216,11,24,19,683,319,1242.0,1242,1242.0
217,11,17,16,605,91,1100.0,1100,1100.0
218,11,10,10,631,335,1148.0,1148,1148.0
219,11,2,19,450,221,819.0,819,819.0
220,11,22,19,562,246,1022.0,1022,1022.0
221,11,26,15,830,273,1510.0,1510,1510.0
222,11,4,10,648,144,1179.0,1179,1179.0
223,11,29,10,743,191,1351.0,1351,1351.0
224,11,7,19,821,113,1493.0,1493,1493.0
225,11,8,13,648,329,1179.0,1179,1179.0
226,11,14,17,424,277,771.0,771,771.0
227,11,16,15,234,181,426.0,426,426.0
228,11,13,17,467,115,850.0,850,850.0
229,11,9,4,648,255,1179.0,1179,1179.0
230,11,5,10,424,292,771.0,771,771.0
231,11,12,7,398,222,724.0,724,724.0
232,11,3,9,726,310,1320.0,1320,1320.0
233,11,15,5,648,183,1179.0,1179,1179.0
234,11,1,3,778,274,1415.0,1415,1415.0
235,11,23,11,622,309,1131.0,1131,1131.0
236,12,14,18,562,106,1022.0,1022,1022.0
237,12,30,15,182,114,331.0,331,331.0
238,12,10,7,631,154,1148.0,1148,1148.0
239,12,26,15,294,149,535.0,535,535.0
240,12,9,10,588,309,1070.0,1070,1070.0
241,12,6,5,631,356,1148.0,1148,1148.0
242,12,18,6,337,270,613.0,613,613.0
243,12,8,12,363,78,660.0,660,660.0
244,12,11,6,665,123,1210.0,1210,1210.0
245,12,13,5,458,160,833.0,833,833.0
246,12,28,5,665,128,1210.0,1210,1210.0
247,12,7,3,553,88,1006.0,1006,1006.0
248,12,27,14,415,77,755.0,755,755.0
249,12,5,7,743,298,1351.0,1351,1351.0
250,12,22,8,795,89,1446.0,1446,1446.0
251,12,1,9,95,364,173.0,173,173.0
252,12,23,3,821,264,1493.0,1493,1493.0
253,12,19,11,735,305,1337.0,1337,1337.0
254,12,2,4,596,265,1084.0,1084,1084.0
255,12,29,14,458,101,833.0,833,833.0
256,12,20,17,674,79,1226.0,1226,1226.0
257,12,4,3,553,303,1006.0,1006,1006.0
258,12,15,18,311,136,566.0,566,566.0
259,12,24,6,424,302,771.0,771,771.0
260,12,17,8,363,236,660.0,660,660.0
261,12,25,12,700,307,1273.0,1273,1273.0
262,12,16,15,225,225,410.0,410,410.0
263,12,3,9,743,269,1351.0,1351,1351.0
264,12,21,2,588,86,1070.0,1070,1070.0
265,13,10,18,234,236,426.0,426,426.0
266,13,9,16,165,251,300.0,300,300.0
267,13,6,15,640,197,1164.0,1164,1164.0
268,13,18,19,527,127,959.0,959,959.0
269,13,22,19,484,171,880.0,880,880.0
270,13,19,5,320,313,582.0,582,582.0
271,13,11,8,631,161,1148.0,1148,1148.0
272,13,17,5,234,233,426.0,426,426.0
273,13,4,16,182,269,331.0,331,331.0
274,13,1,16,812,83,1477.0,1477,1477.0
275,13,29,3,838,126,1524.0,1524,1524.0
276,13,20,18,691,189,1257.0,1257,1257.0
277,13,28,2,329,192,599.0,599,599.0
278,13,14,3,665,356,1210.0,1210,1210.0
279,13,23,8,501,285,911.0,911,911.0
280,13,8,16,208,206,379.0,379,379.0
281,13,16,12,216,309,393.0,393,393.0
282,13,25,19,510,196,928.0,928,928.0
283,13,3,19,208,308,379.0,379,379.0
284,13,21,18,726,230,1320.0,1320,1320.0
285,13,15,5,311,229,566.0,566,566.0
286,13,2,10,441,220,802.0,802,802.0
287,13,30,11,648,294,1179.0,1179,1179.0
288,13,12,2,432,134,786.0,786,786.0
289,13,26,4,752,194,1368.0,1368,1368.0
290,14,19,14,700,183,1273.0,1273,1273.0
291,14,10,2,812,308,1477.0,1477,1477.0
292,14,29,3,588,183,1070.0,1070,1070.0
293,14,11,15,786,80,1430.0,1430,1430.0
294,14,22,16,216,270,393.0,393,393.0
295,14,13,5,778,333,1415.0,1415,1415.0
296,14,7,10,691,292,1257.0,1257,1257.0
297,14,30,2,182,112,331.0,331,331.0
298,14,9,13,760,177,1382.0,1382,1382.0
299,14,4,15,450,227,819.0,819,819.0
300,14,26,18,760,230,1382.0,1382,1382.0
301,14,27,19,294,265,535.0,535,535.0
302,14,8,17,735,235,1337.0,1337,1337.0
303,14,20,10,156,244,284.0,284,284.0
304,14,5,16,458,327,833.0,833,833.0
305,14,2,8,717,205,1304.0,1304,1304.0
306,14,15,3,190,244,346.0,346,346.0
307,14,12,16,242,100,440.0,440,440.0
308,14,16,18,778,116,1415.0,1415,1415.0
309,14,17,10,553,329,1006.0,1006,1006.0
310,14,6,18,337,80,613.0,613,613.0
311,14,21,18,190,318,346.0,346,346.0
312,15,9,16,294,333,535.0,535,535.0
313,15,26,10,588,353,1070.0,1070,1070.0
314,15,21,14,614,158,1117.0,1117,1117.0
315,15,11,3,441,124,802.0,802,802.0
316,15,16,6,311,344,566.0,566,566.0
317,15,13,2,640,241,1164.0,1164,1164.0
318,15,24,3,760,303,1382.0,1382,1382.0
319,15,27,3,570,341,1037.0,1037,1037.0
320,15,3,2,631,333,1148.0,1148,1148.0
321,15,25,10,216,89,393.0,393,393.0
322,15,14,17,830,210,1510.0,1510,1510.0
323,15,8,10,320,211,582.0,582,582.0
324,15,28,16,372,280,677.0,677,677.0
325,15,20,11,752,312,1368.0,1368,1368.0
326,15,5,9,277,211,504.0,504,504.0
327,15,4,18,121,162,220.0,220,220.0
328,15,30,9,450,150,819.0,819,819.0
329,15,22,3,95,236,173.0,173,173.0
330,15,1,19,190,224,346.0,346,346.0
331,15,17,13,199,194,362.0,362,362.0
332,15,2,4,95,267,173.0,173,173.0
333,15,29,2,596,264,1084.0,1084,1084.0
334,15,10,2,484,77,880.0,880,880.0
335,15,6,19,830,162,1510.0,1510,1510.0
336,15,7,5,432,373,786.0,786,786.0
337,15,23,7,87,345,159.0,159,159.0
338,16,19,10,113,124,206.0,206,206.0
339,16,29,8,242,344,440.0,440,440.0
340,16,8,16,743,106,1351.0,1351,1351.0
341,16,2,13,683,201,1242.0,1242,1242.0
342,16,13,18,285,90,519.0,519,519.0
343,16,11,10,553,159,1006.0,1006,1006.0
344,16,27,2,182,316,331.0,331,331.0
345,16,7,19,648,241,1179.0,1179,1179.0
346,16,22,9,691,220,1257.0,1257,1257.0
347,16,17,7,812,151,1477.0,1477,1477.0
348,16,14,8,337,329,613.0,613,613.0
349,16,4,7,830,367,1510.0,1510,1510.0
350,16,24,6,346,329,630.0,630,630.0
351,16,23,7,337,342,613.0,613,613.0
352,16,3,18,199,119,362.0,362,362.0
353,16,6,11,277,268,504.0,504,504.0
354,16,18,3,501,306,911.0,911,911.0
355,16,9,18,683,239,1242.0,1242,1242.0
356,16,28,13,614,301,1117.0,1117,1117.0
357,16,20,2,406,92,739.0,739,739.0
358,16,10,18,225,370,410.0,410,410.0
359,16,21,18,786,168,1430.0,1430,1430.0
360,16,1,14,337,253,613.0,613,613.0
361,16,26,13,277,80,504.0,504,504.0
362,16,5,7,113,76,206.0,206,206.0
363,16,30,8,346,366,630.0,630,630.0
364,17,13,5,743,339,1351.0,1351,1351.0
365,17,18,6,294,336,535.0,535,535.0
366,17,3,2,778,371,1415.0,1415,1415.0
367,17,11,9,104,229,190.0,190,190.0
368,17,27,2,674,101,1226.0,1226,1226.0
369,17,7,3,311,159,566.0,566,566.0
370,17,1,3,700,194,1273.0,1273,1273.0
371,17,14,17,346,230,630.0,630,630.0
372,17,29,13,640,206,1164.0,1164,1164.0
373,17,15,16,303,180,551.0,551,551.0
374,17,24,13,709,246,1290.0,1290,1290.0
375,17,2,17,726,190,1320.0,1320,1320.0
376,17,28,16,726,240,1320.0,1320,1320.0
377,17,20,17,709,342,1290.0,1290,1290.0
378,17,4,13,251,239,457.0,457,457.0
379,17,25,12,285,142,519.0,519,519.0
380,17,23,16,260,336,473.0,473,473.0
381,17,21,7,622,356,1131.0,1131,1131.0
382,17,22,10,415,327,755.0,755,755.0
383,17,26,17,579,353,1053.0,1053,1053.0
384,17,5,3,398,327,724.0,724,724.0
385,17,12,2,691,262,1257.0,1257,1257.0
386,17,6,7,268,330,488.0,488,488.0
387,17,10,18,372,340,677.0,677,677.0
388,17,9,10,674,317,1226.0,1226,1226.0
389,17,19,14,493,105,897.0,897,897.0
390,17,30,8,441,248,802.0,802,802.0
391,18,17,17,182,86,331.0,331,331.0
392,18,2,4,311,119,566.0,566,566.0
393,18,1,13,251,255,457.0,457,457.0
394,18,22,8,424,148,771.0,771,771.0
395,18,4,18,260,159,473.0,473,473.0
396,18,5,14,260,86,473.0,473,473.0
397,18,9,7,458,323,833.0,833,833.0
398,18,3,9,251,101,457.0,457,457.0
399,18,15,9,545,266,991.0,991,991.0
400,18,14,7,147,132,268.0,268,268.0
401,18,10,11,424,85,771.0,771,771.0
402,18,30,4,501,298,911.0,911,911.0
403,18,20,13,441,362,802.0,802,802.0
404,18,26,10,372,100,677.0,677,677.0
405,18,13,12,562,360,1022.0,1022,1022.0
406,18,28,10,717,280,1304.0,1304,1304.0
407,18,19,2,147,165,268.0,268,268.0
408,18,16,8,475,186,864.0,864,864.0
409,18,6,10,812,186,1477.0,1477,1477.0
410,18,24,15,104,262,190.0,190,190.0
411,18,11,15,242,289,440.0,440,440.0
412,18,27,11,467,118,850.0,850,850.0
413,18,7,15,778,279,1415.0,1415,1415.0
414,19,16,7,104,362,190.0,190,190.0
415,19,11,8,614,247,1117.0,1117,1117.0
416,19,27,6,519,118,944.0,944,944.0
417,19,1,6,121,290,220.0,220,220.0
418,19,9,18,847,138,1540.0,1540,1540.0
419,19,4,13,363,144,660.0,660,660.0
420,19,23,13,294,372,535.0,535,535.0
421,19,30,2,424,215,771.0,771,771.0
422,19,21,6,735,167,1337.0,1337,1337.0
423,19,3,3,311,253,566.0,566,566.0
424,19,29,18,320,316,582.0,582,582.0
425,19,6,18,372,140,677.0,677,677.0
426,19,15,5,545,219,991.0,991,991.0
427,19,13,5,821,242,1493.0,1493,1493.0
428,19,10,13,147,199,268.0,268,268.0
429,19,18,5,346,95,630.0,630,630.0
430,19,24,3,786,330,1430.0,1430,1430.0
431,19,26,7,536,248,975.0,975,975.0
432,19,5,11,173,139,315.0,315,315.0
433,19,17,18,190,189,346.0,346,346.0
434,19,8,16,527,263,959.0,959,959.0
435,19,20,16,735,365,1337.0,1337,1337.0
436,19,28,8,631,228,1148.0,1148,1148.0
437,20,25,6,709,331,1290.0,1290,1290.0
438,20,10,15,113,303,206.0,206,206.0
439,20,7,19,173,327,315.0,315,315.0
440,20,19,16,199,89,362.0,362,362.0
441,20,5,11,821,342,1493.0,1493,1493.0
442,20,14,7,320,230,582.0,582,582.0
443,20,3,4,329,297,599.0,599,599.0
444,20,29,11,855,253,1555.0,1555,1555.0
445,20,4,2,674,215,1226.0,1226,1226.0
446,20,26,15,536,268,975.0,975,975.0
447,20,28,19,467,318,850.0,850,850.0
448,20,15,6,640,177,1164.0,1164,1164.0
449,20,22,13,493,359,897.0,897,897.0
450,20,1,4,830,86,1510.0,1510,1510.0
451,20,16,11,648,153,1179.0,1179,1179.0
452,20,2,6,208,197,379.0,379,379.0
453,20,13,8,700,268,1273.0,1273,1273.0
454,20,23,17,795,95,1446.0,1446,1446.0
455,21,20,13,562,288,1022.0,1022,1022.0
456,21,15,19,372,347,677.0,677,677.0
457,21,26,19,285,269,519.0,519,519.0
458,21,29,4,622,354,1131.0,1131,1131.0
459,21,2,15,760,359,1382.0,1382,1382.0
460,21,11,14,709,208,1290.0,1290,1290.0
461,21,25,19,743,199,1351.0,1351,1351.0
462,21,28,8,285,359,519.0,519,519.0
463,21,3,14,242,178,440.0,440,440.0
464,21,24,9,553,127,1006.0,1006,1006.0
465,21,7,13,665,184,1210.0,1210,1210.0
466,21,14,9,311,246,566.0,566,566.0
467,21,4,10,173,133,315.0,315,315.0
468,21,10,2,432,228,786.0,786,786.0
469,21,18,19,380,308,691.0,691,691.0
470,21,13,8,614,265,1117.0,1117,1117.0
471,21,19,8,536,131,975.0,975,975.0
472,21,5,3,683,297,1242.0,1242,1242.0
473,21,27,4,519,242,944.0,944,944.0
474,21,8,5,510,106,928.0,928,928.0
475,21,16,13,588,259,1070.0,1070,1070.0
476,21,1,8,165,265,300.0,300,300.0
477,22,16,13,337,189,613.0,613,613.0
478,22,2,12,640,209,1164.0,1164,1164.0
479,22,28,16,346,345,630.0,630,630.0
480,22,4,8,372,195,677.0,677,677.0
481,22,13,13,640,168,1164.0,1164,1164.0
482,22,9,6,450,201,819.0,819,819.0
483,22,10,19,545,92,991.0,991,991.0
484,22,14,4,199,308,362.0,362,362.0
485,22,11,17,760,308,1382.0,1382,1382.0
486,22,27,3,752,160,1368.0,1368,1368.0
487,22,25,18,804,142,1462.0,1462,1462.0
488,22,7,16,355,368,646.0,646,646.0
489,22,24,9,87,109,159.0,159,159.0
490,22,20,6,665,198,1210.0,1210,1210.0
491,22,26,3,320,230,582.0,582,582.0
492,22,29,14,648,239,1179.0,1179,1179.0
493,22,8,4,717,259,1304.0,1304,1304.0
494,22,23,11,225,187,410.0,410,410.0
495,22,30,17,329,80,599.0,599,599.0
496,22,19,16,294,222,535.0,535,535.0
497,22,3,17,311,341,566.0,566,566.0
498,22,17,16,648,340,1179.0,1179,1179.0
499,22,6,13,622,192,1131.0,1131,1131.0
500,22,5,6,735,212,1337.0,1337,1337.0
501,22,15,4,778,323,1415.0,1415,1415.0
502,22,12,14,372,354,677.0,677,677.0
503,22,21,11,182,278,331.0,331,331.0
504,22,1,3,406,306,739.0,739,739.0
505,22,18,19,570,238,1037.0,1037,1037.0
506,23,3,8,346,181,630.0,630,630.0
507,23,20,13,812,250,1477.0,1477,1477.0
508,23,29,4,415,313,755.0,755,755.0
509,23,28,5,95,348,173.0,173,173.0
510,23,14,17,752,106,1368.0,1368,1368.0
511,23,17,5,545,172,991.0,991,991.0
512,23,11,7,415,229,755.0,755,755.0
513,23,1,10,216,183,393.0,393,393.0
514,23,18,7,691,335,1257.0,1257,1257.0
515,23,25,2,510,169,928.0,928,928.0
516,23,8,16,277,245,504.0,504,504.0
517,23,24,19,285,178,519.0,519,519.0
518,23,4,10,415,101,755.0,755,755.0
519,23,26,7,657,330,1195.0,1195,1195.0
520,23,27,10,182,369,331.0,331,331.0
521,23,16,10,691,224,1257.0,1257,1257.0
522,23,22,7,329,77,599.0,599,599.0
523,23,15,4,225,240,410.0,410,410.0
524,23,9,4,855,214,1555.0,1555,1555.0
525,23,7,9,113,289,206.0,206,206.0
526,24,4,6,415,125,755.0,755,755.0
527,24,17,13,467,110,850.0,850,850.0
528,24,26,11,450,295,819.0,819,819.0
529,24,9,10,156,342,284.0,284,284.0
530,24,2,6,277,178,504.0,504,504.0
531,24,5,13,579,141,1053.0,1053,1053.0
532,24,13,12,380,275,691.0,691,691.0
533,24,6,19,130,303,237.0,237,237.0
534,24,27,16,147,372,268.0,268,268.0
535,24,28,7,717,144,1304.0,1304,1304.0
536,24,29,7,432,306,786.0,786,786.0
537,24,25,7,691,125,1257.0,1257,1257.0
538,24,22,5,493,139,897.0,897,897.0
539,24,8,9,562,269,1022.0,1022,1022.0
540,24,30,15,709,187,1290.0,1290,1290.0
541,24,20,13,579,167,1053.0,1053,1053.0
542,24,15,12,303,191,551.0,551,551.0
543,24,11,3,156,92,284.0,284,284.0
544,24,3,18,484,138,880.0,880,880.0
545,24,14,15,199,264,362.0,362,362.0
546,24,19,11,467,197,850.0,850,850.0
547,24,16,17,139,121,253.0,253,253.0
548,24,10,15,674,360,1226.0,1226,1226.0
549,24,7,7,760,315,1382.0,1382,1382.0
550,24,12,7,415,257,755.0,755,755.0
551,24,1,2,225,348,410.0,410,410.0
552,24,23,3,700,294,1273.0,1273,1273.0
553,24,21,18,173,233,315.0,315,315.0
554,24,18,3,311,133,566.0,566,566.0
555,25,19,2,87,243,159.0,159,159.0
556,25,9,14,139,220,253.0,253,253.0
557,25,28,16,311,142,566.0,566,566.0
558,25,15,19,579,126,1053.0,1053,1053.0
559,25,2,7,778,266,1415.0,1415,1415.0
560,25,29,10,303,178,551.0,551,551.0
561,25,30,10,260,158,473.0,473,473.0
562,25,14,2,372,271,677.0,677,677.0
563,25,24,7,303,353,551.0,551,551.0
564,25,23,18,821,75,1493.0,1493,1493.0
565,25,5,2,329,206,599.0,599,599.0
566,25,12,15,691,268,1257.0,1257,1257.0
567,25,20,13,346,283,630.0,630,630.0
568,25,27,9,216,139,393.0,393,393.0
569,25,6,11,406,188,739.0,739,739.0
570,25,17,13,726,327,1320.0,1320,1320.0
571,25,21,13,268,151,488.0,488,488.0
572,25,7,19,225,283,410.0,410,410.0
573,25,26,9,691,187,1257.0,1257,1257.0
574,25,10,12,700,248,1273.0,1273,1273.0
575,26,24,17,303,182,551.0,551,551.0
576,26,18,7,277,292,504.0,504,504.0
577,26,5,2,657,147,1195.0,1195,1195.0
578,26,12,12,519,242,944.0,944,944.0
579,26,7,12,260,289,473.0,473,473.0
580,26,21,3,683,257,1242.0,1242,1242.0
581,26,17,4,450,361,819.0,819,819.0
582,26,30,14,752,271,1368.0,1368,1368.0
583,26,3,9,519,288,944.0,944,944.0
584,26,14,16,406,330,739.0,739,739.0
585,26,22,4,182,224,331.0,331,331.0
586,26,2,19,329,359,599.0,599,599.0
587,26,15,7,614,160,1117.0,1117,1117.0
588,26,28,16,415,125,755.0,755,755.0
589,26,8,10,173,345,315.0,315,315.0
590,26,10,6,830,348,1510.0,1510,1510.0
591,26,13,13,622,293,1131.0,1131,1131.0
592,27,12,19,355,188,646.0,646,646.0
593,27,16,2,735,157,1337.0,1337,1337.0
594,27,22,15,735,108,1337.0,1337,1337.0
595,27,23,5,406,115,739.0,739,739.0
596,27,9,11,199,256,362.0,362,362.0
597,27,21,11,752,82,1368.0,1368,1368.0
598,27,5,12,208,239,379.0,379,379.0
599,27,8,3,683,188,1242.0,1242,1242.0
600,27,1,15,441,356,802.0,802,802.0
601,27,4,5,501,332,911.0,911,911.0
602,27,13,4,104,345,190.0,190,190.0
603,27,24,3,657,192,1195.0,1195,1195.0
604,27,19,8,674,280,1226.0,1226,1226.0
605,27,7,3,527,151,959.0,959,959.0
606,27,17,6,320,305,582.0,582,582.0
607,27,25,9,752,118,1368.0,1368,1368.0
608,27,14,3,760,298,1382.0,1382,1382.0
609,27,15,7,657,168,1195.0,1195,1195.0
610,28,17,7,735,332,1337.0,1337,1337.0
611,28,30,2,475,303,864.0,864,864.0
612,28,19,17,363,228,660.0,660,660.0
613,28,15,15,614,341,1117.0,1117,1117.0
614,28,21,7,493,197,897.0,897,897.0
615,28,6,11,87,103,159.0,159,159.0
616,28,26,12,717,189,1304.0,1304,1304.0
617,28,22,2,657,344,1195.0,1195,1195.0
618,28,14,18,545,136,991.0,991,991.0
619,28,3,10,657,346,1195.0,1195,1195.0
620,28,9,10,415,198,755.0,755,755.0
621,28,4,6,700,233,1273.0,1273,1273.0
622,28,25,4,87,203,159.0,159,159.0
623,28,29,5,536,306,975.0,975,975.0
624,28,16,18,855,309,1555.0,1555,1555.0
625,28,13,15,830,97,1510.0,1510,1510.0
626,28,5,12,113,329,206.0,206,206.0
627,28,12,10,605,362,1100.0,1100,1100.0
628,28,11,10,372,318,677.0,677,677.0
629,28,1,12,173,133,315.0,315,315.0
630,29,17,10,380,356,691.0,691,691.0
631,29,15,19,303,136,551.0,551,551.0
632,29,18,14,614,78,1117.0,1117,1117.0
633,29,3,14,648,204,1179.0,1179,1179.0
634,29,8,5,467,306,850.0,850,850.0
635,29,6,2,87,165,159.0,159,159.0
636,29,28,7,251,287,457.0,457,457.0
637,29,7,16,182,173,331.0,331,331.0
638,29,1,13,450,283,819.0,819,819.0
639,29,25,18,87,148,159.0,159,159.0
640,29,27,10,674,226,1226.0,1226,1226.0
641,29,21,8,674,361,1226.0,1226,1226.0
642,29,26,2,553,126,1006.0,1006,1006.0
643,29,19,15,467,99,850.0,850,850.0
644,29,13,16,493,243,897.0,897,897.0
645,29,23,17,726,274,1320.0,1320,1320.0
646,29,4,9,441,324,802.0,802,802.0
647,29,20,5,467,120,850.0,850,850.0
648,29,30,10,441,329,802.0,802,802.0
649,29,12,8,735,286,1337.0,1337,1337.0
650,29,24,13,432,353,786.0,786,786.0
651,29,22,6,631,156,1148.0,1148,1148.0
652,29,2,9,380,338,691.0,691,691.0
653,29,9,10,329,267,599.0,599,599.0
654,30,22,5,830,311,1510.0,1510,1510.0
655,30,14,12,121,300,220.0,220,220.0
656,30,29,14,562,187,1022.0,1022,1022.0
657,30,13,8,355,81,646.0,646,646.0
658,30,4,14,242,299,440.0,440,440.0
659,30,10,8,424,165,771.0,771,771.0
660,30,1,19,190,153,346.0,346,346.0
661,30,23,4,139,86,253.0,253,253.0
662,30,20,5,855,95,1555.0,1555,1555.0
663,30,26,18,216,186,393.0,393,393.0
664,30,25,14,804,240,1462.0,1462,1462.0
665,30,9,17,415,283,755.0,755,755.0
666,30,8,17,104,276,190.0,190,190.0
667,30,3,19,139,142,253.0,253,253.0
668,30,19,13,579,153,1053.0,1053,1053.0
669,30,21,14,424,234,771.0,771,771.0
670,30,16,5,156,199,284.0,284,284.0
671,30,7,12,337,324,613.0,613,613.0
672,30,6,3,683,165,1242.0,1242,1242.0
673,30,18,14,432,309,786.0,786,786.0
674,30,11,13,389,271,708.0,708,708.0
675,30,15,18,406,109,739.0,739,739.0
676,30,27,15,519,159,944.0,944,944.0
677,30,5,13,147,249,268.0,268,268.0
678,30,24,7,631,156,1148.0,1148,1148.0
679,30,17,4,320,277,582.0,582,582.0
COMMODITIES,100
0,18,26,74,623,1414.0,623,1414.0
1,1,26,65,649,1477.0,649,1477.0
2,15,19,74,510,1165.0,510,1165.0
3,19,26,73,633,1445.0,633,1445.0
4,2,6,46,522,1193.0,522,1193.0
5,16,17,56,750,1433.0,750,1433.0
6,22,20,36,633,1419.0,633,1419.0
7,25,17,35,756,1420.0,756,1420.0
8,15,6,49,606,1188.0,606,1188.0
9,17,19,24,433,1193.0,433,1193.0
10,14,12,68,715,1287.0,715,1287.0
11,9,17,73,635,1520.0,635,1520.0
12,26,12,48,483,1486.0,483,1486.0
13,9,23,51,649,1529.0,649,1529.0
14,16,30,60,713,1417.0,713,1417.0
15,23,4,52,476,1052.0,476,1052.0
16,30,2,54,700,1608.0,700,1608.0
17,12,27,54,414,1244.0,414,1244.0
18,10,8,57,786,1366.0,786,1366.0
19,4,8,26,819,1673.0,819,1673.0
20,7,2,54,678,1494.0,678,1494.0
21,2,1,45,501,1043.0,501,1043.0
22,12,13,37,447,934.0,447,934.0
23,7,20,23,720,1238.0,720,1238.0
24,7,30,19,528,1219.0,528,1219.0
25,6,15,26,552,1391.0,552,1391.0
26,11,7,73,459,1704.0,459,1704.0
27,17,3,61,638,1802.0,638,1802.0
28,25,1,23,626,1156.0,626,1156.0
29,27,20,16,723,1427.0,723,1427.0
30,19,9,24,640,1394.0,640,1394.0
31,17,30,57,626,1553.0,626,1553.0
32,10,13,19,641,1686.0,641,1686.0
33,25,5,38,430,1027.0,430,1027.0
34,23,2,27,591,1340.0,591,1340.0
35,23,30,15,618,1453.0,618,1453.0
36,27,24,39,717,1816.0,717,1816.0
37,17,24,45,412,1300.0,412,1300.0
38,6,7,29,596,1716.0,596,1716.0
39,14,30,32,599,1080.0,599,1080.0
40,24,13,40,725,1344.0,725,1344.0
41,21,8,46,425,1069.0,425,1069.0
42,24,14,46,632,1200.0,632,1200.0
43,12,16,35,438,1001.0,438,1001.0
44,9,29,21,527,1153.0,527,1153.0
45,27,23,54,677,1611.0,677,1611.0
46,23,5,67,417,970.0,417,970.0
47,30,8,73,565,910.0,565,910.0
48,26,17,22,702,1675.0,702,1675.0
49,13,11,52,526,1260.0,526,1260.0
50,6,9,52,633,1551.0,633,1551.0
51,15,2,64,565,826.0,565,826.0
52,17,25,66,543,1163.0,543,1163.0
53,7,19,74,535,1121.0,535,1121.0
54,14,16,27,365,1162.0,365,1162.0
55,26,19,21,404,1328.0,404,1328.0
56,7,5,71,609,986.0,609,986.0
57,1,10,37,649,1415.0,649,1415.0
58,28,27,68,577,1280.0,577,1280.0
59,22,16,25,601,1193.0,601,1193.0
60,22,3,37,533,1220.0,533,1220.0
61,27,7,47,652,1656.0,652,1656.0
62,29,6,38,660,1002.0,660,1002.0
63,11,27,38,570,1498.0,570,1498.0
64,22,17,53,588,1598.0,588,1598.0
65,7,4,66,597,979.0,597,979.0
66,13,29,74,550,1510.0,550,1510.0
67,24,22,41,477,1338.0,477,1338.0
68,23,7,48,741,1116.0,741,1116.0
69,8,21,37,563,1519.0,563,1519.0
70,11,22,18,647,1838.0,647,1838.0
71,15,1,51,526,1028.0,526,1028.0
72,30,4,72,582,1183.0,582,1183.0
73,3,4,43,669,1416.0,669,1416.0
74,15,7,62,626,1141.0,626,1141.0
75,4,27,47,657,1309.0,657,1309.0
76,11,24,27,671,1746.0,671,1746.0
77,30,7,55,673,1281.0,673,1281.0
78,21,18,16,701,1509.0,701,1509.0
79,3,2,43,588,1712.0,588,1712.0
80,14,9,51,749,1715.0,749,1715.0
81,23,21,34,624,1330.0,624,1330.0
82,5,14,43,512,871.0,512,871.0
83,3,30,67,591,1522.0,591,1522.0
84,11,26,54,604,1671.0,604,1671.0
85,13,21,44,555,1194.0,555,1194.0
86,17,6,52,562,1191.0,562,1191.0
87,28,15,48,447,1372.0,447,1372.0
88,15,5,64,685,1334.0,685,1334.0
89,9,12,56,676,970.0,676,970.0
90,7,12,40,616,1358.0,616,1358.0
91,4,25,52,577,890.0,577,890.0
92,21,26,31,606,1277.0,606,1277.0
93,8,23,36,582,1472.0,582,1472.0
94,22,7,35,754,1539.0,754,1539.0
95,28,19,23,493,931.0,493,931.0
96,8,1,31,577,1551.0,577,1551.0
97,23,8,46,493,1155.0,493,1155.0
98,26,2,40,652,1396.0,652,1396.0
99,14,7,73,633,1369.0,633,1369.0
horizon=367
