NODES,30
1,1,-,-
2,2,-,-
3,3,-,-
4,4,-,-
5,5,-,-
6,6,-,-
7,7,-,-
8,8,-,-
9,9,-,-
10,10,-,-
11,11,-,-
12,12,-,-
13,13,-,-
14,14,-,-
15,15,-,-
16,16,-,-
17,17,-,-
18,18,-,-
19,19,-,-
20,20,-,-
21,21,-,-
22,22,-,-
23,23,-,-
24,24,-,-
25,25,-,-
26,26,-,-
27,27,-,-
28,28,-,-
29,29,-,-
30,30,-,-
ARCS,678
0,1,9,2,485,523,882.0,882,882.0
1,1,6,4,111,454,202.0,202,202.0
2,1,13,9,479,536,871.0,871,871.0
3,1,19,4,508,527,924.0,924,924.0
4,1,7,3,245,497,446.0,446,446.0
5,1,4,9,333,282,606.0,606,606.0
6,1,23,8,181,432,330.0,330,330.0
7,1,5,9,549,355,999.0,999,999.0
8,1,2,2,315,523,573.0,573,573.0
9,1,20,7,572,461,1040.0,1040,1040.0
10,1,16,2,397,381,722.0,722,722.0
11,1,11,9,531,465,966.0,966,966.0
12,1,12,4,380,544,691.0,691,691.0
13,1,21,4,140,222,255.0,255,255.0
14,1,26,8,88,290,160.0,160,160.0
15,1,18,2,555,509,1010.0,1010,1010.0
16,1,15,2,205,317,373.0,373,373.0
17,1,3,6,455,377,828.0,828,828.0
18,1,28,5,525,354,955.0,955,955.0
19,1,24,4,356,528,648.0,648,648.0
20,1,25,8,234,245,426.0,426,426.0
21,1,29,2,228,498,415.0,415,415.0
22,2,14,6,170,289,310.0,310,310.0
23,2,5,1,578,187,1051.0,1051,1051.0
24,2,25,3,88,196,160.0,160,160.0
25,2,6,6,199,194,362.0,362,362.0
26,2,18,1,455,295,828.0,828,828.0
27,2,4,3,432,404,786.0,786,786.0
28,2,21,3,152,259,277.0,277,277.0
29,2,24,9,210,449,382.0,382,382.0
30,2,27,9,310,295,564.0,564,564.0
31,2,15,2,199,312,362.0,362,362.0
32,2,29,1,333,164,606.0,606,606.0
33,2,28,7,228,293,415.0,415,415.0
34,2,11,5,65,520,119.0,119,119.0
35,2,1,9,257,328,468.0,468,468.0
36,2,13,2,135,328,246.0,246,246.0
37,2,19,4,123,528,224.0,224,224.0
38,2,8,1,333,534,606.0,606,606.0
39,2,3,2,560,549,1019.0,1019,1019.0
40,2,9,3,333,176,606.0,606,606.0
41,2,17,2,59,221,108.0,108,108.0
42,2,7,2,531,223,966.0,966,966.0
43,2,22,8,135,485,246.0,246,246.0
44,2,12,5,356,126,648.0,648,648.0
45,2,23,7,444,300,808.0,808,808.0
46,2,26,8,76,401,139.0,139,139.0
47,3,27,3,292,255,531.0,531,531.0
48,3,4,2,350,486,637.0,637,637.0
49,3,29,4,520,333,946.0,946,946.0
50,3,8,4,175,204,319.0,319,319.0
51,3,5,4,245,430,446.0,446,446.0
52,3,9,6,572,354,1040.0,1040,1040.0
53,3,1,9,263,521,479.0,479,479.0
54,3,10,6,234,326,426.0,426,426.0
55,3,2,1,140,560,255.0,255,255.0
56,3,24,1,420,541,764.0,764,764.0
57,3,7,4,65,498,119.0,119,119.0
58,3,6,8,257,324,468.0,468,468.0
59,3,14,5,65,396,119.0,119,119.0
60,3,23,6,385,514,700.0,700,700.0
61,3,19,2,94,144,171.0,171,171.0
62,3,11,2,496,180,902.0,902,902.0
63,3,16,4,467,308,850.0,850,850.0
64,3,15,7,257,479,468.0,468,468.0
65,3,26,1,152,208,277.0,277,277.0
66,3,18,2,129,528,235.0,235,235.0
67,3,17,3,257,220,468.0,468,468.0
68,3,20,2,444,571,808.0,808,808.0
69,4,19,4,286,302,520.0,520,520.0
70,4,9,4,181,255,330.0,330,330.0
71,4,2,5,572,134,1040.0,1040,1040.0
72,4,23,3,275,188,500.0,500,500.0
73,4,15,5,409,502,744.0,744,744.0
74,4,17,4,216,268,393.0,393,393.0
75,4,22,6,520,510,946.0,946,946.0
76,4,14,1,350,390,637.0,637,637.0
77,4,11,2,140,247,255.0,255,255.0
78,4,13,7,531,134,966.0,966,966.0
79,4,6,1,170,355,310.0,310,310.0
80,4,5,1,310,574,564.0,564,564.0
81,4,10,2,170,376,310.0,310,310.0
82,4,18,6,345,269,628.0,628,628.0
83,4,20,2,403,178,733.0,733,733.0
84,4,27,8,269,160,490.0,490,490.0
85,5,3,1,502,447,913.0,913,913.0
86,5,10,3,467,174,850.0,850,850.0
87,5,15,8,327,524,595.0,595,595.0
88,5,26,2,403,512,733.0,733,733.0
89,5,14,2,70,442,128.0,128,128.0
90,5,24,1,525,356,955.0,955,955.0
91,5,25,3,280,235,510.0,510,510.0
92,5,21,3,59,174,108.0,108,108.0
93,5,16,8,82,127,150.0,150,150.0
94,5,8,7,531,535,966.0,966,966.0
95,5,4,7,280,378,510.0,510,510.0
96,5,9,6,286,388,520.0,520,520.0
97,5,7,3,105,406,191.0,191,191.0
98,5,27,5,65,144,119.0,119,119.0
99,5,1,6,315,477,573.0,573,573.0
100,5,12,8,473,289,860.0,860,860.0
101,5,6,2,304,443,553.0,553,553.0
102,5,2,5,485,413,882.0,882,882.0
103,5,19,2,251,264,457.0,457,457.0
104,5,22,9,310,360,564.0,564,564.0
105,5,13,2,514,433,935.0,935,935.0
106,5,17,1,146,554,266.0,266,266.0
107,5,20,2,240,272,437.0,437,437.0
108,5,29,5,65,152,119.0,119,119.0
109,5,11,2,199,338,362.0,362,362.0
110,5,30,8,123,426,224.0,224,224.0
111,5,28,5,187,357,340.0,340,340.0
112,6,23,4,409,226,744.0,744,744.0
113,6,11,7,327,277,595.0,595,595.0
114,6,16,7,205,215,373.0,373,373.0
115,6,17,5,385,192,700.0,700,700.0
116,6,12,9,450,247,819.0,819,819.0
117,6,9,6,263,473,479.0,479,479.0
118,6,19,1,333,230,606.0,606,606.0
119,6,20,4,310,166,564.0,564,564.0
120,6,15,7,385,222,700.0,700,700.0
121,6,3,6,210,572,382.0,382,382.0
122,6,7,2,520,151,946.0,946,946.0
123,6,14,9,432,559,786.0,786,786.0
124,6,10,2,397,471,722.0,722,722.0
125,6,8,3,105,556,191.0,191,191.0
126,6,30,4,485,505,882.0,882,882.0
127,6,29,9,560,366,1019.0,1019,1019.0
128,6,24,7,368,176,670.0,670,670.0
129,6,28,9,555,255,1010.0,1010,1010.0
130,6,21,5,228,170,415.0,415,415.0
131,6,18,7,94,245,171.0,171,171.0
132,6,5,8,514,455,935.0,935,935.0
133,6,22,8,210,189,382.0,382,382.0
134,6,25,9,455,446,828.0,828,828.0
135,6,2,3,187,351,340.0,340,340.0
136,6,26,7,240,208,437.0,437,437.0
137,6,27,3,88,319,160.0,160,160.0
138,7,14,3,257,277,468.0,468,468.0
139,7,24,2,82,173,150.0,150,150.0
140,7,6,8,263,381,479.0,479,479.0
141,7,8,4,438,516,797.0,797,797.0
142,7,4,5,298,324,542.0,542,542.0
143,7,17,1,420,135,764.0,764,764.0
144,7,18,8,467,118,850.0,850,850.0
145,7,5,2,94,181,171.0,171,171.0
146,7,10,2,175,119,319.0,319,319.0
147,7,3,5,170,458,310.0,310,310.0
148,7,28,9,251,259,457.0,457,457.0
149,7,22,1,514,342,935.0,935,935.0
150,7,20,3,88,575,160.0,160,160.0
151,7,27,8,356,144,648.0,648,648.0
152,7,15,2,490,542,891.0,891,891.0
153,7,26,2,520,203,946.0,946,946.0
154,7,16,5,555,136,1010.0,1010,1010.0
155,7,30,4,350,141,637.0,637,637.0
156,8,10,2,415,480,755.0,755,755.0
157,8,28,7,263,291,479.0,479,479.0
158,8,6,4,228,236,415.0,415,415.0
159,8,20,4,164,440,299.0,299,299.0
160,8,3,8,397,349,722.0,722,722.0
161,8,29,6,315,574,573.0,573,573.0
162,8,1,7,210,417,382.0,382,382.0
163,8,12,2,123,517,224.0,224,224.0
164,8,2,6,234,486,426.0,426,426.0
165,8,30,4,321,545,584.0,584,584.0
166,8,4,1,461,435,839.0,839,839.0
167,8,14,8,485,546,882.0,882,882.0
168,8,23,1,537,425,977.0,977,977.0
169,8,25,2,572,500,1040.0,1040,1040.0
170,8,5,1,251,466,457.0,457,457.0
171,8,18,3,345,480,628.0,628,628.0
172,8,16,1,135,250,246.0,246,246.0
173,8,21,7,310,211,564.0,564,564.0
174,9,25,6,216,484,393.0,393,393.0
175,9,30,9,479,368,871.0,871,871.0
176,9,20,7,105,231,191.0,191,191.0
177,9,11,4,117,403,213.0,213,213.0
178,9,4,9,263,232,479.0,479,479.0
179,9,27,2,362,440,659.0,659,659.0
180,9,14,5,175,529,319.0,319,319.0
181,9,28,5,473,548,860.0,860,860.0
182,9,6,8,251,265,457.0,457,457.0
183,9,5,7,467,213,850.0,850,850.0
184,9,24,7,525,306,955.0,955,955.0
185,9,23,8,152,238,277.0,277,277.0
186,9,17,9,467,291,850.0,850,850.0
187,9,2,4,251,129,457.0,457,457.0
188,9,8,9,514,510,935.0,935,935.0
189,9,22,6,170,556,310.0,310,310.0
190,9,18,7,362,164,659.0,659,659.0
191,9,29,3,426,361,775.0,775,775.0
192,9,26,2,385,537,700.0,700,700.0
193,9,13,7,362,174,659.0,659,659.0
194,10,15,1,403,568,733.0,733,733.0
195,10,7,1,292,289,531.0,531,531.0
196,10,28,4,164,167,299.0,299,299.0
197,10,2,6,479,217,871.0,871,871.0
198,10,9,5,566,300,1030.0,1030,1030.0
199,10,17,5,578,184,1051.0,1051,1051.0
200,10,19,9,350,486,637.0,637,637.0
201,10,21,7,275,233,500.0,500,500.0
202,10,22,7,333,528,606.0,606,606.0
203,10,11,3,210,302,382.0,382,382.0
204,10,3,6,566,468,1030.0,1030,1030.0
205,10,5,8,473,469,860.0,860,860.0
206,10,20,8,508,368,924.0,924,924.0
207,10,18,9,117,192,213.0,213,213.0
208,10,12,8,292,199,531.0,531,531.0
209,10,13,8,199,397,362.0,362,362.0
210,10,4,8,175,246,319.0,319,319.0
211,10,27,1,164,167,299.0,299,299.0
212,10,24,3,485,549,882.0,882,882.0
213,10,6,5,560,273,1019.0,1019,1019.0
214,10,23,1,88,412,160.0,160,160.0
215,10,16,2,490,125,891.0,891,891.0
216,10,8,8,362,338,659.0,659,659.0
217,10,30,1,193,408,351.0,351,351.0
218,10,26,5,356,254,648.0,648,648.0
219,11,2,5,327,455,595.0,595,595.0
220,11,18,5,327,401,595.0,595,595.0
221,11,25,1,187,539,340.0,340,340.0
222,11,21,1,502,385,913.0,913,913.0
223,11,6,9,222,280,404.0,404,404.0
224,11,28,3,333,430,606.0,606,606.0
225,11,9,4,525,536,955.0,955,955.0
226,11,24,9,158,376,288.0,288,288.0
227,11,1,4,94,389,171.0,171,171.0
228,11,4,2,286,209,520.0,520,520.0
229,11,29,1,525,400,955.0,955,955.0
230,11,8,9,88,356,160.0,160,160.0
231,11,23,3,70,391,128.0,128,128.0
232,11,30,2,193,221,351.0,351,351.0
233,11,22,5,549,249,999.0,999,999.0
234,11,15,8,380,558,691.0,691,691.0
235,11,5,5,210,192,382.0,382,382.0
236,11,20,9,345,301,628.0,628,628.0
237,11,14,6,333,164,606.0,606,606.0
238,11,16,3,549,440,999.0,999,999.0
239,11,19,9,187,357,340.0,340,340.0
240,11,17,9,146,316,266.0,266,266.0
241,11,13,9,210,283,382.0,382,382.0
242,11,7,4,543,435,988.0,988,988.0
243,12,25,5,327,485,595.0,595,595.0
244,12,22,4,473,291,860.0,860,860.0
245,12,11,7,304,166,553.0,553,553.0
246,12,20,2,245,243,446.0,446,446.0
247,12,7,6,304,381,553.0,553,553.0
248,12,30,3,94,560,171.0,171,171.0
249,12,26,7,222,544,404.0,404,404.0
250,12,3,2,327,543,595.0,595,595.0
251,12,17,3,339,542,617.0,617,617.0
252,12,27,3,426,471,775.0,775,775.0
253,12,14,4,525,131,955.0,955,955.0
254,12,4,8,397,404,722.0,722,722.0
255,12,24,7,368,122,670.0,670,670.0
256,12,28,3,263,403,479.0,479,479.0
257,12,9,4,496,574,902.0,902,902.0
258,12,18,9,286,204,520.0,520,520.0
259,12,8,5,245,284,446.0,446,446.0
260,12,15,7,205,541,373.0,373,373.0
261,12,6,3,263,464,479.0,479,479.0
262,12,16,7,415,492,755.0,755,755.0
263,12,2,6,292,470,531.0,531,531.0
264,12,29,3,164,340,299.0,299,299.0
265,12,1,8,321,359,584.0,584,584.0
266,12,23,9,397,420,722.0,722,722.0
267,12,10,2,245,560,446.0,446,446.0
268,12,13,6,380,348,691.0,691,691.0
269,12,21,2,397,424,722.0,722,722.0
270,13,29,8,514,131,935.0,935,935.0
271,13,3,9,82,209,150.0,150,150.0
272,13,22,2,444,351,808.0,808,808.0
273,13,7,6,397,233,722.0,722,722.0
274,13,25,3,269,575,490.0,490,490.0
275,13,18,5,409,417,744.0,744,744.0
276,13,24,2,181,222,330.0,330,330.0
277,13,28,7,100,537,182.0,182,182.0
278,13,16,7,496,379,902.0,902,902.0
279,13,8,3,105,192,191.0,191,191.0
280,13,4,5,385,366,700.0,700,700.0
281,13,21,2,181,138,330.0,330,330.0
282,13,5,6,129,483,235.0,235,235.0
283,13,9,1,362,333,659.0,659,659.0
284,13,30,3,70,302,128.0,128,128.0
285,13,20,6,368,167,670.0,670,670.0
286,13,1,7,485,217,882.0,882,882.0
287,13,10,3,170,297,310.0,310,310.0
288,13,11,7,578,221,1051.0,1051,1051.0
289,14,16,4,70,155,128.0,128,128.0
290,14,18,8,549,386,999.0,999,999.0
291,14,19,8,490,422,891.0,891,891.0
292,14,5,8,333,520,606.0,606,606.0
293,14,6,7,135,404,246.0,246,246.0
294,14,22,6,310,428,564.0,564,564.0
295,14,1,8,135,181,246.0,246,246.0
296,14,23,4,479,545,871.0,871,871.0
297,14,9,7,100,216,182.0,182,182.0
298,14,3,8,473,412,860.0,860,860.0
299,14,15,2,76,545,139.0,139,139.0
300,14,10,3,409,297,744.0,744,744.0
301,14,26,6,257,400,468.0,468,468.0
302,14,12,8,560,312,1019.0,1019,1019.0
303,14,29,8,164,355,299.0,299,299.0
304,14,27,4,205,120,373.0,373,373.0
305,14,7,7,438,390,797.0,797,797.0
306,14,24,9,560,145,1019.0,1019,1019.0
307,14,30,2,65,295,119.0,119,119.0
308,15,4,4,140,475,255.0,255,255.0
309,15,18,2,257,311,468.0,468,468.0
310,15,30,5,543,195,988.0,988,988.0
311,15,12,8,193,406,351.0,351,351.0
312,15,17,1,514,261,935.0,935,935.0
313,15,20,6,473,352,860.0,860,860.0
314,15,27,4,467,345,850.0,850,850.0
315,15,19,6,409,308,744.0,744,744.0
316,15,11,7,280,426,510.0,510,510.0
317,15,22,2,210,539,382.0,382,382.0
318,15,2,5,502,443,913.0,913,913.0
319,15,8,6,210,283,382.0,382,382.0
320,15,26,4,555,137,1010.0,1010,1010.0
321,15,10,9,374,335,680.0,680,680.0
322,15,16,3,100,130,182.0,182,182.0
323,15,24,5,70,330,128.0,128,128.0
324,15,3,5,543,305,988.0,988,988.0
325,16,17,2,164,459,299.0,299,299.0
326,16,14,4,187,135,340.0,340,340.0
327,16,23,2,572,218,1040.0,1040,1040.0
328,16,5,1,385,507,700.0,700,700.0
329,16,11,8,269,243,490.0,490,490.0
330,16,10,6,531,320,966.0,966,966.0
331,16,6,1,105,277,191.0,191,191.0
332,16,30,8,170,435,310.0,310,310.0
333,16,3,9,187,459,340.0,340,340.0
334,16,27,6,356,296,648.0,648,648.0
335,16,12,8,257,211,468.0,468,468.0
336,16,1,8,397,375,722.0,722,722.0
337,16,21,9,356,479,648.0,648,648.0
338,16,2,5,59,558,108.0,108,108.0
339,16,26,3,385,218,700.0,700,700.0
340,16,22,3,315,566,573.0,573,573.0
341,16,7,8,292,229,531.0,531,531.0
342,16,25,1,146,138,266.0,266,266.0
343,16,8,9,94,122,171.0,171,171.0
344,16,28,6,70,371,128.0,128,128.0
345,16,20,4,100,323,182.0,182,182.0
346,17,23,8,82,177,150.0,150,150.0
347,17,22,5,129,140,235.0,235,235.0
348,17,18,7,537,512,977.0,977,977.0
349,17,30,5,140,237,255.0,255,255.0
350,17,1,7,350,125,637.0,637,637.0
351,17,19,2,514,367,935.0,935,935.0
352,17,10,4,70,524,128.0,128,128.0
353,17,9,6,175,286,319.0,319,319.0
354,17,5,1,525,312,955.0,955,955.0
355,17,25,2,310,516,564.0,564,564.0
356,17,29,6,321,521,584.0,584,584.0
357,17,2,7,286,118,520.0,520,520.0
358,17,26,3,105,472,191.0,191,191.0
359,17,3,1,65,545,119.0,119,119.0
360,17,28,7,251,269,457.0,457,457.0
361,17,4,3,502,172,913.0,913,913.0
362,17,8,5,450,291,819.0,819,819.0
363,17,15,5,187,235,340.0,340,340.0
364,17,11,1,251,156,457.0,457,457.0
365,17,12,7,280,147,510.0,510,510.0
366,17,7,3,257,497,468.0,468,468.0
367,17,20,4,275,476,500.0,500,500.0
368,17,21,2,432,228,786.0,786,786.0
369,17,6,6,432,255,786.0,786,786.0
370,17,13,5,187,170,340.0,340,340.0
371,18,5,2,181,466,330.0,330,330.0
372,18,21,8,275,288,500.0,500,500.0
373,18,23,1,251,171,457.0,457,457.0
374,18,4,6,391,515,711.0,711,711.0
375,18,11,2,560,172,1019.0,1019,1019.0
376,18,19,8,111,471,202.0,202,202.0
377,18,15,3,438,472,797.0,797,797.0
378,18,28,8,240,513,437.0,437,437.0
379,18,10,2,455,566,828.0,828,828.0
380,18,30,7,520,514,946.0,946,946.0
381,18,2,8,304,158,553.0,553,553.0
382,18,9,5,572,515,1040.0,1040,1040.0
383,18,27,3,82,495,150.0,150,150.0
384,18,26,2,555,546,1010.0,1010,1010.0
385,18,7,3,170,370,310.0,310,310.0
386,18,22,9,164,142,299.0,299,299.0
387,18,17,1,473,384,860.0,860,860.0
388,18,25,8,374,396,680.0,680,680.0
389,18,6,6,82,249,150.0,150,150.0
390,19,23,3,444,247,808.0,808,808.0
391,19,1,4,222,413,404.0,404,404.0
392,19,24,4,333,564,606.0,606,606.0
393,19,5,5,111,290,202.0,202,202.0
394,19,29,3,432,194,786.0,786,786.0
395,19,27,2,94,494,171.0,171,171.0
396,19,2,4,345,127,628.0,628,628.0
397,19,17,8,496,566,902.0,902,902.0
398,19,21,6,82,530,150.0,150,150.0
399,19,28,2,263,486,479.0,479,479.0
400,19,16,2,380,225,691.0,691,691.0
401,19,7,1,473,509,860.0,860,860.0
402,19,25,8,88,233,160.0,160,160.0
403,19,20,7,514,236,935.0,935,935.0
404,19,30,5,181,400,330.0,330,330.0
405,19,18,7,100,354,182.0,182,182.0
406,19,22,6,240,334,437.0,437,437.0
407,19,9,9,59,444,108.0,108,108.0
408,19,6,9,531,520,966.0,966,966.0
409,19,13,6,444,425,808.0,808,808.0
410,19,3,4,275,136,500.0,500,500.0
411,19,14,9,65,323,119.0,119,119.0
412,19,11,4,415,255,755.0,755,755.0
413,20,13,6,339,439,617.0,617,617.0
414,20,25,7,158,141,288.0,288,288.0
415,20,28,5,502,281,913.0,913,913.0
416,20,4,9,298,500,542.0,542,542.0
417,20,11,9,339,466,617.0,617,617.0
418,20,30,9,205,500,373.0,373,373.0
419,20,12,5,76,147,139.0,139,139.0
420,20,1,8,315,305,573.0,573,573.0
421,20,14,4,438,254,797.0,797,797.0
422,20,22,6,280,419,510.0,510,510.0
423,20,6,3,170,568,310.0,310,310.0
424,20,5,1,415,544,755.0,755,755.0
425,20,19,7,566,568,1030.0,1030,1030.0
426,20,23,2,409,159,744.0,744,744.0
427,20,29,8,397,497,722.0,722,722.0
428,20,9,9,368,492,670.0,670,670.0
429,20,17,3,59,401,108.0,108,108.0
430,20,21,6,450,392,819.0,819,819.0
431,20,24,5,286,545,520.0,520,520.0
432,20,7,5,339,397,617.0,617,617.0
433,20,27,8,181,528,330.0,330,330.0
434,20,2,5,140,201,255.0,255,255.0
435,20,8,6,76,473,139.0,139,139.0
436,20,10,1,76,310,139.0,139,139.0
437,20,3,7,525,537,955.0,955,955.0
438,21,10,8,181,523,330.0,330,330.0
439,21,15,6,578,164,1051.0,1051,1051.0
440,21,22,2,280,134,510.0,510,510.0
441,21,25,9,391,211,711.0,711,711.0
442,21,28,9,444,179,808.0,808,808.0
443,21,11,5,403,404,733.0,733,733.0
444,21,27,6,444,186,808.0,808,808.0
445,21,2,2,321,118,584.0,584,584.0
446,21,23,7,385,405,700.0,700,700.0
447,21,3,6,310,282,564.0,564,564.0
448,21,6,8,321,351,584.0,584,584.0
449,21,17,8,82,206,150.0,150,150.0
450,21,4,2,105,159,191.0,191,191.0
451,21,30,1,467,454,850.0,850,850.0
452,21,29,5,175,386,319.0,319,319.0
453,21,26,1,438,288,797.0,797,797.0
454,21,18,6,450,425,819.0,819,819.0
455,21,16,1,543,337,988.0,988,988.0
456,21,1,1,450,388,819.0,819,819.0
457,21,20,1,181,143,330.0,330,330.0
458,21,5,3,88,266,160.0,160,160.0
459,21,13,5,496,386,902.0,902,902.0
460,21,14,6,473,303,860.0,860,860.0
461,21,12,3,543,447,988.0,988,988.0
462,21,24,4,473,131,860.0,860,860.0
463,21,19,2,205,549,373.0,373,373.0
464,21,7,6,94,174,171.0,171,171.0
465,22,9,4,339,545,617.0,617,617.0
466,22,15,8,310,491,564.0,564,564.0
467,22,4,6,76,463,139.0,139,139.0
468,22,23,4,321,150,584.0,584,584.0
469,22,13,7,350,481,637.0,637,637.0
470,22,24,7,397,568,722.0,722,722.0
471,22,1,2,444,515,808.0,808,808.0
472,22,16,1,572,397,1040.0,1040,1040.0
473,22,19,2,537,128,977.0,977,977.0
474,22,7,6,374,297,680.0,680,680.0
475,22,17,9,415,398,755.0,755,755.0
476,22,8,9,403,312,733.0,733,733.0
477,22,14,7,549,361,999.0,999,999.0
478,22,5,5,158,129,288.0,288,288.0
479,22,11,9,426,430,775.0,775,775.0
480,22,2,7,467,506,850.0,850,850.0
481,22,30,8,374,264,680.0,680,680.0
482,22,18,9,555,443,1010.0,1010,1010.0
483,22,29,2,339,501,617.0,617,617.0
484,22,20,7,245,490,446.0,446,446.0
485,22,25,9,210,523,382.0,382,382.0
486,22,12,2,234,393,426.0,426,426.0
487,23,24,1,479,224,871.0,871,871.0
488,23,26,9,117,398,213.0,213,213.0
489,23,25,4,560,522,1019.0,1019,1019.0
490,23,4,3,490,217,891.0,891,891.0
491,23,27,2,397,174,722.0,722,722.0
492,23,13,4,415,252,755.0,755,755.0
493,23,17,7,199,428,362.0,362,362.0
494,23,9,8,88,288,160.0,160,160.0
495,23,12,8,94,530,171.0,171,171.0
496,23,18,9,193,399,351.0,351,351.0
497,23,2,3,100,325,182.0,182,182.0
498,23,30,4,105,391,191.0,191,191.0
499,23,8,6,152,129,277.0,277,277.0
500,23,14,5,432,345,786.0,786,786.0
501,23,16,3,105,382,191.0,191,191.0
502,23,10,2,385,162,700.0,700,700.0
503,23,19,6,315,552,573.0,573,573.0
504,23,20,9,193,369,351.0,351,351.0
505,23,21,7,315,319,573.0,573,573.0
506,23,11,8,193,403,351.0,351,351.0
507,23,5,1,275,276,500.0,500,500.0
508,23,6,4,210,561,382.0,382,382.0
509,23,15,7,327,182,595.0,595,595.0
510,23,28,3,146,243,266.0,266,266.0
511,23,29,3,280,311,510.0,510,510.0
512,24,25,4,88,578,160.0,160,160.0
513,24,8,9,146,395,266.0,266,266.0
514,24,20,7,140,384,255.0,255,255.0
515,24,19,5,432,338,786.0,786,786.0
516,24,7,7,251,202,457.0,457,457.0
517,24,14,1,310,501,564.0,564,564.0
518,24,4,4,485,532,882.0,882,882.0
519,24,28,5,193,429,351.0,351,351.0
520,24,30,4,345,233,628.0,628,628.0
521,24,11,3,450,520,819.0,819,819.0
522,24,22,8,426,177,775.0,775,775.0
523,24,10,2,566,386,1030.0,1030,1030.0
524,24,12,6,350,379,637.0,637,637.0
525,24,2,9,175,323,319.0,319,319.0
526,24,9,4,298,311,542.0,542,542.0
527,24,18,7,210,274,382.0,382,382.0
528,24,21,2,350,173,637.0,637,637.0
529,24,17,8,280,279,510.0,510,510.0
530,24,13,4,257,320,468.0,468,468.0
531,24,27,7,234,311,426.0,426,426.0
532,24,29,7,187,177,340.0,340,340.0
533,24,6,3,292,507,531.0,531,531.0
534,24,26,1,520,159,946.0,946,946.0
535,24,3,9,228,271,415.0,415,415.0
536,24,15,1,76,463,139.0,139,139.0
537,24,16,1,234,348,426.0,426,426.0
538,25,20,4,531,352,966.0,966,966.0
539,25,7,3,385,237,700.0,700,700.0
540,25,3,4,245,564,446.0,446,446.0
541,25,23,7,111,410,202.0,202,202.0
542,25,12,1,199,123,362.0,362,362.0
543,25,22,7,280,452,510.0,510,510.0
544,25,11,2,65,348,119.0,119,119.0
545,25,15,7,100,390,182.0,182,182.0
546,25,16,1,380,238,691.0,691,691.0
547,25,13,2,537,439,977.0,977,977.0
548,25,5,7,228,174,415.0,415,415.0
549,25,27,2,70,300,128.0,128,128.0
550,25,18,9,269,151,490.0,490,490.0
551,25,1,2,140,226,255.0,255,255.0
552,25,6,6,280,167,510.0,510,510.0
553,25,10,1,205,255,373.0,373,373.0
554,25,28,6,444,557,808.0,808,808.0
555,25,14,3,245,217,446.0,446,446.0
556,25,17,2,298,216,542.0,542,542.0
557,25,8,2,432,573,786.0,786,786.0
558,25,21,3,222,388,404.0,404,404.0
559,25,26,1,415,388,755.0,755,755.0
560,25,19,5,403,351,733.0,733,733.0
561,25,4,1,70,400,128.0,128,128.0
562,25,24,1,216,552,393.0,393,393.0
563,26,8,8,508,491,924.0,924,924.0
564,26,5,3,315,295,573.0,573,573.0
565,26,19,4,304,370,553.0,553,553.0
566,26,2,4,420,523,764.0,764,764.0
567,26,9,3,485,479,882.0,882,882.0
568,26,12,5,362,192,659.0,659,659.0
569,26,7,1,350,412,637.0,637,637.0
570,26,18,5,59,530,108.0,108,108.0
571,26,11,5,327,150,595.0,595,595.0
572,26,30,7,490,341,891.0,891,891.0
573,26,6,4,537,181,977.0,977,977.0
574,26,13,1,350,126,637.0,637,637.0
575,26,24,2,327,351,595.0,595,595.0
576,26,21,4,420,512,764.0,764,764.0
577,26,27,9,100,207,182.0,182,182.0
578,26,17,1,123,291,224.0,224,224.0
579,26,23,8,549,228,999.0,999,999.0
580,26,14,2,257,309,468.0,468,468.0
581,26,3,3,333,272,606.0,606,606.0
582,26,16,9,409,143,744.0,744,744.0
583,26,15,5,560,465,1019.0,1019,1019.0
584,26,20,5,164,375,299.0,299,299.0
585,26,1,2,339,332,617.0,617,617.0
586,26,29,2,210,384,382.0,382,382.0
587,26,22,7,129,327,235.0,235,235.0
588,26,25,5,310,477,564.0,564,564.0
589,26,28,6,508,529,924.0,924,924.0
590,26,10,9,327,186,595.0,595,595.0
591,26,4,1,257,568,468.0,468,468.0
592,27,25,7,263,419,479.0,479,479.0
593,27,22,2,409,144,744.0,744,744.0
594,27,23,8,228,222,415.0,415,415.0
595,27,6,6,310,456,564.0,564,564.0
596,27,14,6,525,537,955.0,955,955.0
597,27,17,9,525,418,955.0,955,955.0
598,27,4,9,59,196,108.0,108,108.0
599,27,28,5,275,522,500.0,500,500.0
600,27,16,4,193,237,351.0,351,351.0
601,27,21,8,257,435,468.0,468,468.0
602,27,19,6,432,204,786.0,786,786.0
603,27,10,3,403,252,733.0,733,733.0
604,27,12,5,263,472,479.0,479,479.0
605,27,24,6,100,338,182.0,182,182.0
606,27,8,4,111,537,202.0,202,202.0
607,27,3,4,181,300,330.0,330,330.0
608,27,1,3,286,400,520.0,520,520.0
609,27,18,4,572,456,1040.0,1040,1040.0
610,27,5,2,438,503,797.0,797,797.0
611,27,20,6,59,440,108.0,108,108.0
612,28,18,3,205,296,373.0,373,373.0
613,28,4,5,450,191,819.0,819,819.0
614,28,29,2,380,578,691.0,691,691.0
615,28,1,2,380,304,691.0,691,691.0
616,28,24,8,205,269,373.0,373,373.0
617,28,22,7,578,300,1051.0,1051,1051.0
618,28,5,5,140,302,255.0,255,255.0
619,28,14,2,315,216,573.0,573,573.0
620,28,10,3,222,140,404.0,404,404.0
621,28,17,7,181,339,330.0,330,330.0
622,28,3,6,199,384,362.0,362,362.0
623,28,30,3,473,129,860.0,860,860.0
624,28,6,3,403,282,733.0,733,733.0
625,28,9,8,473,428,860.0,860,860.0
626,28,21,7,292,158,531.0,531,531.0
627,29,27,8,380,507,691.0,691,691.0
628,29,4,4,135,536,246.0,246,246.0
629,29,24,1,88,501,160.0,160,160.0
630,29,3,3,175,515,319.0,319,319.0
631,29,28,6,251,182,457.0,457,457.0
632,29,12,3,152,527,277.0,277,277.0
633,29,23,6,566,276,1030.0,1030,1030.0
634,29,19,8,193,269,351.0,351,351.0
635,29,5,3,321,349,584.0,584,584.0
636,29,18,9,234,159,426.0,426,426.0
637,29,16,8,240,554,437.0,437,437.0
638,29,21,2,496,185,902.0,902,902.0
639,29,2,4,222,243,404.0,404,404.0
640,29,25,8,362,141,659.0,659,659.0
641,29,30,8,537,353,977.0,977,977.0
642,29,14,6,537,180,977.0,977,977.0
643,29,20,2,135,379,246.0,246,246.0
644,29,8,7,292,379,531.0,531,531.0
645,29,17,1,88,539,160.0,160,160.0
646,29,9,5,356,437,648.0,648,648.0
647,29,11,4,438,391,797.0,797,797.0
648,29,22,9,327,512,595.0,595,595.0
649,29,6,6,234,259,426.0,426,426.0
650,29,26,7,572,123,1040.0,1040,1040.0
651,29,15,8,152,425,277.0,277,277.0
652,29,7,9,275,225,500.0,500,500.0
653,29,10,8,135,475,246.0,246,246.0
654,29,1,4,350,446,637.0,637,637.0
655,29,13,6,88,334,160.0,160,160.0
656,30,7,2,129,541,235.0,235,235.0
657,30,2,9,263,362,479.0,479,479.0
658,30,21,2,350,531,637.0,637,637.0
659,30,4,4,549,342,999.0,999,999.0
660,30,28,7,100,206,182.0,182,182.0
661,30,10,8,175,454,319.0,319,319.0
662,30,22,3,485,369,882.0,882,882.0
663,30,11,3,537,266,977.0,977,977.0
664,30,3,1,298,137,542.0,542,542.0
665,30,24,2,292,370,531.0,531,531.0
666,30,6,9,432,557,786.0,786,786.0
667,30,9,1,216,536,393.0,393,393.0
668,30,20,9,461,382,839.0,839,839.0
669,30,18,5,467,481,850.0,850,850.0
670,30,13,4,420,275,764.0,764,764.0
671,30,1,6,321,497,584.0,584,584.0
672,30,27,3,362,151,659.0,659,659.0
673,30,15,7,479,192,871.0,871,871.0
674,30,26,1,76,401,139.0,139,139.0
675,30,23,8,450,217,819.0,819,819.0
676,30,16,1,514,268,935.0,935,935.0
677,30,14,4,222,406,404.0,404,404.0
COMMODITIES,400
0,11,19,47,279,804.0,279,804.0
1,30,3,59,364,1066.0,364,1066.0
2,19,17,72,406,904.0,406,904.0
3,28,4,70,326,922.0,326,922.0
4,24,5,53,461,1250.0,461,1250.0
5,7,15,55,370,861.0,370,861.0
6,9,25,36,313,894.0,313,894.0
7,5,14,21,410,752.0,410,752.0
8,3,8,19,269,755.0,269,755.0
9,28,25,49,354,1023.0,354,1023.0
10,19,23,57,365,927.0,365,927.0
11,19,6,31,420,924.0,420,924.0
12,10,2,63,352,900.0,352,900.0
13,8,14,59,438,1242.0,438,1242.0
14,11,21,50,430,1063.0,430,1063.0
15,1,11,60,424,1112.0,424,1112.0
16,20,9,27,276,869.0,276,869.0
17,23,15,55,450,1202.0,450,1202.0
18,24,1,61,358,932.0,358,932.0
19,16,21,50,442,1012.0,442,1012.0
20,7,28,67,347,998.0,347,998.0
21,9,3,42,399,1022.0,399,1022.0
22,1,5,50,459,1117.0,459,1117.0
23,10,25,72,379,1081.0,379,1081.0
24,24,11,17,381,883.0,381,883.0
25,1,17,17,314,887.0,314,887.0
26,10,12,29,372,930.0,372,930.0
27,28,19,74,308,1064.0,308,1064.0
28,21,20,52,310,794.0,310,794.0
29,20,5,30,444,1168.0,444,1168.0
30,30,7,62,455,876.0,455,876.0
31,26,12,47,367,929.0,367,929.0
32,26,3,36,339,903.0,339,903.0
33,16,12,54,496,1068.0,496,1068.0
34,23,16,53,310,658.0,310,658.0
35,15,23,52,386,1032.0,386,1032.0
36,15,28,31,367,855.0,367,855.0
37,7,9,59,406,1085.0,406,1085.0
38,24,15,48,442,712.0,442,712.0
39,19,25,46,452,854.0,452,854.0
40,2,28,51,367,1006.0,367,1006.0
41,8,5,44,229,925.0,229,925.0
42,9,19,20,436,1186.0,436,1186.0
43,9,6,35,276,967.0,276,967.0
44,12,10,46,399,991.0,399,991.0
45,6,23,27,400,1105.0,400,1105.0
46,10,30,20,401,895.0,401,895.0
47,28,9,18,348,1092.0,348,1092.0
48,30,9,33,342,932.0,342,932.0
49,21,22,67,417,987.0,417,987.0
50,10,17,23,475,1093.0,475,1093.0
51,25,2,70,347,888.0,347,888.0
52,19,24,44,454,1010.0,454,1010.0
53,30,2,30,368,1005.0,368,1005.0
54,3,30,56,322,721.0,322,721.0
55,13,7,73,249,704.0,249,704.0
56,15,11,36,391,966.0,391,966.0
57,1,20,48,436,1070.0,436,1070.0
58,13,14,56,419,872.0,419,872.0
59,2,25,64,319,683.0,319,683.0
60,1,9,15,335,1092.0,335,1092.0
61,11,5,60,300,886.0,300,886.0
62,4,15,39,433,1297.0,433,1297.0
63,26,18,69,328,628.0,328,628.0
64,28,20,31,361,1052.0,361,1052.0
65,21,30,49,391,1013.0,391,1013.0
66,1,26,19,337,732.0,337,732.0
67,10,29,72,292,1106.0,292,1106.0
68,2,6,62,405,1009.0,405,1009.0
69,23,20,40,297,800.0,297,800.0
70,25,23,24,338,734.0,338,734.0
71,24,27,37,355,856.0,355,856.0
72,24,7,73,357,1006.0,357,1006.0
73,5,9,40,301,869.0,301,869.0
74,13,30,17,434,750.0,434,750.0
75,23,22,30,341,963.0,341,963.0
76,15,22,41,402,1054.0,402,1054.0
77,17,23,70,284,619.0,284,619.0
78,19,18,43,406,803.0,406,803.0
79,2,29,22,398,1091.0,398,1091.0
80,19,16,17,340,812.0,340,812.0
81,19,8,49,332,871.0,332,871.0
82,1,8,68,431,1055.0,431,1055.0
83,24,29,69,376,907.0,376,907.0
84,18,9,22,407,901.0,407,901.0
85,24,10,20,333,915.0,333,915.0
86,29,13,44,333,702.0,333,702.0
87,13,29,45,344,910.0,344,910.0
88,27,23,34,481,1134.0,481,1134.0
89,3,25,25,384,887.0,384,887.0
90,6,29,49,359,1205.0,359,1205.0
91,27,12,41,364,786.0,364,786.0
92,13,1,50,349,1009.0,349,1009.0
93,30,25,15,483,1205.0,483,1205.0
94,10,20,48,411,1007.0,411,1007.0
95,16,9,42,362,918.0,362,918.0
96,16,20,34,328,663.0,328,663.0
97,3,18,66,481,885.0,481,885.0
98,10,4,49,418,943.0,418,943.0
99,10,15,40,381,1184.0,381,1184.0
100,3,24,27,490,970.0,490,970.0
101,23,29,58,407,1049.0,407,1049.0
102,4,9,55,314,845.0,314,845.0
103,11,24,33,364,819.0,364,819.0
104,23,9,54,393,785.0,393,785.0
105,29,8,56,375,914.0,375,914.0
106,24,12,54,341,923.0,341,923.0
107,9,21,18,311,1132.0,311,1132.0
108,25,3,52,285,988.0,285,988.0
109,20,8,35,349,689.0,349,689.0
110,16,26,69,362,809.0,362,809.0
111,8,11,52,279,948.0,279,948.0
112,27,20,44,347,639.0,347,639.0
113,30,1,39,368,1090.0,368,1090.0
114,30,22,66,375,873.0,375,873.0
115,12,15,35,396,977.0,396,977.0
116,13,21,54,346,831.0,346,831.0
117,3,27,55,399,932.0,399,932.0
118,19,9,62,421,676.0,421,676.0
119,21,24,21,434,959.0,434,959.0
120,13,20,71,284,890.0,284,890.0
121,16,18,67,322,904.0,322,904.0
122,20,22,53,379,938.0,379,938.0
123,9,5,40,349,1050.0,349,1050.0
124,8,22,31,321,1139.0,321,1139.0
125,9,29,17,388,1256.0,388,1256.0
126,15,9,64,470,1275.0,470,1275.0
127,28,15,17,314,1020.0,314,1020.0
128,1,4,33,263,880.0,263,880.0
129,26,25,24,325,966.0,325,966.0
130,10,16,46,477,1046.0,477,1046.0
131,25,26,51,397,985.0,397,985.0
132,7,2,46,420,1028.0,420,1028.0
133,27,21,31,408,1021.0,408,1021.0
134,25,21,43,434,1008.0,434,1008.0
135,30,4,66,364,962.0,364,962.0
136,21,18,46,312,966.0,312,966.0
137,5,27,22,463,797.0,463,797.0
138,2,22,36,570,975.0,570,975.0
139,27,15,19,506,1005.0,506,1005.0
140,27,14,32,295,1011.0,295,1011.0
141,20,10,38,365,725.0,365,725.0
142,25,11,61,408,715.0,408,715.0
143,2,3,29,470,884.0,470,884.0
144,4,12,45,387,1153.0,387,1153.0
145,5,18,70,352,1028.0,352,1028.0
146,15,8,64,465,988.0,465,988.0
147,24,6,56,367,1031.0,367,1031.0
148,3,10,69,410,1004.0,410,1004.0
149,13,19,71,355,917.0,355,917.0
150,2,26,73,418,692.0,418,692.0
151,7,20,37,334,704.0,334,704.0
152,7,12,41,324,866.0,324,866.0
153,7,25,49,237,725.0,237,725.0
154,20,13,45,483,1162.0,483,1162.0
155,21,15,24,425,1075.0,425,1075.0
156,24,22,58,382,1081.0,382,1081.0
157,25,6,33,440,1050.0,440,1050.0
158,16,24,39,374,1069.0,374,1069.0
159,13,9,20,403,1054.0,403,1054.0
160,14,28,41,442,917.0,442,917.0
161,25,18,44,364,1022.0,364,1022.0
162,15,1,23,305,1037.0,305,1037.0
163,22,17,37,422,1175.0,422,1175.0
164,20,21,61,432,1188.0,432,1188.0
165,12,14,55,309,1081.0,309,1081.0
166,15,30,32,408,1075.0,408,1075.0
167,22,5,24,358,793.0,358,793.0
168,26,4,32,358,879.0,358,879.0
169,30,27,27,387,897.0,387,897.0
170,25,16,29,390,958.0,390,958.0
171,27,24,71,254,618.0,254,618.0
172,5,23,18,378,962.0,378,962.0
173,16,3,40,443,969.0,443,969.0
174,26,16,29,434,1190.0,434,1190.0
175,12,2,15,359,1073.0,359,1073.0
176,10,23,69,391,721.0,391,721.0
177,22,29,73,290,916.0,290,916.0
178,27,16,19,458,945.0,458,945.0
179,13,26,23,370,807.0,370,807.0
180,12,4,17,476,1221.0,476,1221.0
181,2,21,43,426,946.0,426,946.0
182,4,17,54,457,1050.0,457,1050.0
183,17,6,26,442,1051.0,442,1051.0
184,6,7,59,348,1019.0,348,1019.0
185,13,24,42,345,844.0,345,844.0
186,14,8,23,342,792.0,342,792.0
187,13,8,39,413,727.0,413,727.0
188,6,3,49,296,879.0,296,879.0
189,23,14,55,358,1080.0,358,1080.0
190,29,2,15,330,910.0,330,910.0
191,22,11,43,290,872.0,290,872.0
192,20,4,68,316,893.0,316,893.0
193,13,17,65,389,1033.0,389,1033.0
194,3,9,23,323,744.0,323,744.0
195,19,15,45,437,907.0,437,907.0
196,29,4,28,489,952.0,489,952.0
197,23,2,41,452,881.0,452,881.0
198,9,14,47,392,971.0,392,971.0
199,26,1,63,408,1245.0,408,1245.0
200,16,13,42,408,933.0,408,933.0
201,28,11,70,319,1102.0,319,1102.0
202,27,25,20,382,941.0,382,941.0
203,21,3,44,351,779.0,351,779.0
204,11,16,55,285,814.0,285,814.0
205,27,4,21,336,623.0,336,623.0
206,6,9,16,536,1186.0,536,1186.0
207,8,26,19,414,1113.0,414,1113.0
208,1,18,52,364,799.0,364,799.0
209,23,27,59,449,1025.0,449,1025.0
210,30,18,18,352,768.0,352,768.0
211,6,18,23,380,764.0,380,764.0
212,9,30,67,504,1118.0,504,1118.0
213,4,20,64,405,1091.0,405,1091.0
214,23,7,50,371,1008.0,371,1008.0
215,30,24,62,486,1000.0,486,1000.0
216,13,6,42,254,887.0,254,887.0
217,15,29,40,213,866.0,213,866.0
218,2,23,32,334,751.0,334,751.0
219,14,4,68,340,898.0,340,898.0
220,2,18,33,370,829.0,370,829.0
221,6,24,15,424,975.0,424,975.0
222,1,23,47,388,917.0,388,917.0
223,29,7,56,440,1008.0,440,1008.0
224,15,4,29,367,800.0,367,800.0
225,19,11,70,383,858.0,383,858.0
226,19,1,36,389,961.0,389,961.0
227,14,3,21,318,964.0,318,964.0
228,19,26,20,274,780.0,274,780.0
229,30,12,48,370,1087.0,370,1087.0
230,9,4,67,362,950.0,362,950.0
231,29,17,15,374,745.0,374,745.0
232,28,21,30,431,966.0,431,966.0
233,1,15,24,410,905.0,410,905.0
234,16,28,63,445,726.0,445,726.0
235,17,1,21,330,958.0,330,958.0
236,14,20,29,433,921.0,433,921.0
237,30,29,31,341,1032.0,341,1032.0
238,3,22,41,448,1128.0,448,1128.0
239,12,13,49,391,1072.0,391,1072.0
240,1,2,30,341,1028.0,341,1028.0
241,13,22,65,328,1043.0,328,1043.0
242,28,1,45,447,1282.0,447,1282.0
243,9,2,40,377,1023.0,377,1023.0
244,4,24,74,418,1203.0,418,1203.0
245,27,22,63,457,1093.0,457,1093.0
246,21,19,31,448,1022.0,448,1022.0
247,13,25,56,452,1087.0,452,1087.0
248,25,9,70,429,1011.0,429,1011.0
249,13,5,52,414,881.0,414,881.0
250,9,24,64,467,1186.0,467,1186.0
251,13,3,18,373,709.0,373,709.0
252,4,13,47,382,1208.0,382,1208.0
253,15,13,47,325,1036.0,325,1036.0
254,16,6,32,354,774.0,354,774.0
255,14,30,35,415,745.0,415,745.0
256,6,14,16,400,1122.0,400,1122.0
257,28,18,21,420,1003.0,420,1003.0
258,26,28,70,339,1106.0,339,1106.0
259,14,12,16,269,940.0,269,940.0
260,27,5,22,438,1214.0,438,1214.0
261,29,14,28,423,978.0,423,978.0
262,29,11,48,396,1057.0,396,1057.0
263,4,7,68,454,1263.0,454,1263.0
264,26,13,44,386,1131.0,386,1131.0
265,22,8,42,377,1156.0,377,1156.0
266,13,12,41,380,987.0,380,987.0
267,29,16,49,377,1001.0,377,1001.0
268,15,12,56,476,997.0,476,997.0
269,4,25,29,332,1104.0,332,1104.0
270,25,14,46,353,1019.0,353,1019.0
271,23,18,72,440,913.0,440,913.0
272,12,19,24,385,1128.0,385,1128.0
273,20,27,73,316,824.0,316,824.0
274,10,24,38,393,1086.0,393,1086.0
275,18,20,29,435,883.0,435,883.0
276,4,5,18,374,1108.0,374,1108.0
277,29,9,18,326,971.0,326,971.0
278,12,1,43,337,1116.0,337,1116.0
279,25,13,74,431,1147.0,431,1147.0
280,25,4,19,389,652.0,389,652.0
281,11,12,44,376,815.0,376,815.0
282,28,14,40,362,945.0,362,945.0
283,30,14,55,387,1027.0,387,1027.0
284,15,26,48,296,933.0,296,933.0
285,15,21,46,295,1039.0,295,1039.0
286,5,28,65,421,879.0,421,879.0
287,7,4,17,375,957.0,375,957.0
288,29,28,43,466,983.0,466,983.0
289,29,3,65,551,987.0,551,987.0
290,15,27,67,446,1056.0,446,1056.0
291,1,3,51,354,1068.0,354,1068.0
292,18,4,71,421,951.0,421,951.0
293,1,21,71,312,736.0,312,736.0
294,1,30,36,366,1057.0,366,1057.0
295,26,14,28,367,986.0,367,986.0
296,5,17,74,329,821.0,329,821.0
297,11,29,22,399,1104.0,399,1104.0
298,20,26,49,357,873.0,357,873.0
299,7,11,46,320,937.0,320,937.0
300,14,25,57,334,935.0,334,935.0
301,11,8,40,312,663.0,312,663.0
302,18,30,74,466,1141.0,466,1141.0
303,2,9,61,391,936.0,391,936.0
304,24,25,52,380,780.0,380,780.0
305,2,13,40,371,853.0,371,853.0
306,4,29,54,350,1243.0,350,1243.0
307,29,27,65,367,1039.0,367,1039.0
308,25,10,58,434,979.0,434,979.0
309,22,26,44,455,1277.0,455,1277.0
310,27,2,29,350,922.0,350,922.0
311,30,15,73,371,1146.0,371,1146.0
312,15,25,65,327,751.0,327,751.0
313,2,24,69,357,880.0,357,880.0
314,12,20,15,370,1032.0,370,1032.0
315,22,4,34,444,760.0,444,760.0
316,24,21,52,329,1140.0,329,1140.0
317,25,22,15,383,1067.0,383,1067.0
318,26,10,55,436,1047.0,436,1047.0
319,11,26,21,430,1014.0,430,1014.0
320,21,11,61,459,1090.0,459,1090.0
321,5,4,74,431,891.0,431,891.0
322,7,10,51,409,923.0,409,923.0
323,16,7,18,363,982.0,363,982.0
324,28,12,47,414,1193.0,414,1193.0
325,25,17,49,428,983.0,428,983.0
326,20,29,55,359,929.0,359,929.0
327,20,15,18,496,1083.0,496,1083.0
328,10,19,17,316,920.0,316,920.0
329,9,11,29,373,750.0,373,750.0
330,1,12,70,396,1110.0,396,1110.0
331,19,30,32,384,793.0,384,793.0
332,2,20,57,505,1083.0,505,1083.0
333,4,1,71,397,1067.0,397,1067.0
334,26,17,16,387,828.0,387,828.0
335,5,7,59,273,639.0,273,639.0
336,25,24,17,355,881.0,355,881.0
337,25,8,59,301,783.0,301,783.0
338,24,13,56,485,1205.0,485,1205.0
339,12,17,17,481,1121.0,481,1121.0
340,2,19,30,448,856.0,448,856.0
341,20,11,15,401,977.0,401,977.0
342,26,7,30,366,993.0,366,993.0
343,13,23,29,315,1005.0,315,1005.0
344,26,8,49,461,1030.0,461,1030.0
345,12,30,44,281,650.0,281,650.0
346,20,23,59,426,840.0,426,840.0
347,11,17,60,308,818.0,308,818.0
348,13,11,40,349,1024.0,349,1024.0
349,15,17,35,495,1081.0,495,1081.0
350,16,1,17,336,931.0,336,931.0
351,15,2,38,423,954.0,423,954.0
352,13,18,62,411,948.0,411,948.0
353,10,21,48,404,1079.0,404,1079.0
354,30,5,51,352,889.0,352,889.0
355,4,27,40,299,948.0,299,948.0
356,20,19,16,462,1096.0,462,1096.0
357,10,11,58,498,1060.0,498,1060.0
358,26,9,27,297,949.0,297,949.0
359,22,21,15,360,974.0,360,974.0
360,4,22,26,348,1151.0,348,1151.0
361,25,20,46,446,898.0,446,898.0
362,8,18,54,403,1164.0,403,1164.0
363,21,26,59,283,829.0,283,829.0
364,29,10,62,488,898.0,488,898.0
365,19,3,24,390,1031.0,390,1031.0
366,19,10,26,462,1056.0,462,1056.0
367,10,22,64,415,1105.0,415,1105.0
368,3,15,46,394,829.0,394,829.0
369,7,17,59,217,674.0,217,674.0
370,17,3,41,490,819.0,490,819.0
371,2,4,66,559,1114.0,559,1114.0
372,19,12,22,475,1111.0,475,1111.0
373,18,7,68,442,985.0,442,985.0
374,2,7,43,446,1019.0,446,1019.0
375,2,10,22,314,817.0,314,817.0
376,9,18,31,381,1142.0,381,1142.0
377,15,14,69,371,1055.0,371,1055.0
378,2,8,62,486,913.0,486,913.0
379,11,2,17,353,843.0,353,843.0
380,22,27,58,338,949.0,338,949.0
381,17,20,27,356,978.0,356,978.0
382,8,28,18,452,1017.0,452,1017.0
383,3,16,19,291,733.0,291,733.0
384,27,7,68,282,914.0,282,914.0
385,16,8,26,368,721.0,368,721.0
386,16,19,36,371,918.0,371,918.0
387,21,5,35,416,725.0,416,725.0
388,13,2,48,459,1023.0,459,1023.0
389,20,2,24,397,810.0,397,810.0
390,30,17,56,359,965.0,359,965.0
391,30,26,46,387,713.0,387,713.0
392,9,8,39,340,889.0,340,889.0
393,17,14,35,332,788.0,332,788.0
394,27,11,18,388,861.0,388,861.0
395,2,11,43,465,778.0,465,778.0
396,2,12,50,503,1038.0,503,1038.0
397,6,13,62,359,1142.0,359,1142.0
398,29,21,68,394,1068.0,394,1068.0
399,6,2,32,343,854.0,343,854.0
horizon=259
