NODES,30
1,1,-,-
2,2,-,-
3,3,-,-
4,4,-,-
5,5,-,-
6,6,-,-
7,7,-,-
8,8,-,-
9,9,-,-
10,10,-,-
11,11,-,-
12,12,-,-
13,13,-,-
14,14,-,-
15,15,-,-
16,16,-,-
17,17,-,-
18,18,-,-
19,19,-,-
20,20,-,-
21,21,-,-
22,22,-,-
23,23,-,-
24,24,-,-
25,25,-,-
26,26,-,-
27,27,-,-
28,28,-,-
29,29,-,-
30,30,-,-
ARCS,683
0,1,13,4,310,345,564.0,564,564.0
1,1,17,2,275,220,500.0,500,500.0
2,1,5,7,620,421,1128.0,1128,1128.0
3,1,8,3,977,500,1777.0,1777,1777.0
4,1,16,4,549,599,999.0,999,999.0
5,1,21,5,334,558,608.0,608,608.0
6,1,30,6,322,297,586.0,586,586.0
7,1,4,5,870,476,1582.0,1582,1582.0
8,1,18,5,191,234,348.0,348,348.0
9,1,28,6,1097,385,1995.0,1995,1995.0
10,1,23,1,632,593,1150.0,1150,1150.0
11,1,7,4,143,591,260.0,260,260.0
12,1,22,6,1097,452,1995.0,1995,1995.0
13,1,20,7,668,150,1215.0,1215,1215.0
14,1,27,3,882,297,1604.0,1604,1604.0
15,1,11,6,775,470,1410.0,1410,1410.0
16,1,25,5,1097,205,1995.0,1995,1995.0
17,1,2,4,191,325,348.0,348,348.0
18,1,14,9,715,480,1300.0,1300,1300.0
19,1,26,6,751,198,1366.0,1366,1366.0
20,1,29,9,489,228,890.0,890,890.0
21,2,27,6,668,194,1215.0,1215,1215.0
22,2,10,1,429,396,780.0,780,780.0
23,2,5,4,906,247,1648.0,1648,1648.0
24,2,13,9,954,398,1735.0,1735,1735.0
25,2,9,5,143,167,260.0,260,260.0
26,2,21,3,358,383,651.0,651,651.0
27,2,30,8,727,527,1322.0,1322,1322.0
28,2,16,3,870,226,1582.0,1582,1582.0
29,2,1,2,1073,582,1951.0,1951,1951.0
30,2,4,1,1144,511,2080.0,2080,2080.0
31,2,3,4,572,283,1040.0,1040,1040.0
32,2,12,3,668,477,1215.0,1215,1215.0
33,2,26,9,406,477,739.0,739,739.0
34,2,19,1,644,541,1171.0,1171,1171.0
35,2,11,2,346,406,630.0,630,630.0
36,2,20,6,382,175,695.0,695,695.0
37,2,18,5,1013,305,1842.0,1842,1842.0
38,2,14,7,346,384,630.0,630,630.0
39,2,28,4,715,315,1300.0,1300,1300.0
40,2,17,8,334,158,608.0,608,608.0
41,2,22,6,191,242,348.0,348,348.0
42,2,7,6,751,450,1366.0,1366,1366.0
43,2,29,8,703,289,1279.0,1279,1279.0
44,3,30,3,167,228,304.0,304,304.0
45,3,14,6,834,409,1517.0,1517,1517.0
46,3,9,4,572,441,1040.0,1040,1040.0
47,3,6,4,727,294,1322.0,1322,1322.0
48,3,29,9,310,314,564.0,564,564.0
49,3,21,4,632,156,1150.0,1150,1150.0
50,3,13,3,918,188,1670.0,1670,1670.0
51,3,23,8,846,354,1539.0,1539,1539.0
52,3,26,4,703,137,1279.0,1279,1279.0
53,3,25,4,417,206,759.0,759,759.0
54,3,4,3,382,234,695.0,695,695.0
55,3,1,4,1108,318,2015.0,2015,2015.0
56,3,15,1,167,340,304.0,304,304.0
57,3,11,9,894,271,1626.0,1626,1626.0
58,3,22,8,513,287,933.0,933,933.0
59,3,5,5,739,431,1344.0,1344,1344.0
60,3,18,7,715,256,1300.0,1300,1300.0
61,3,28,2,132,560,240.0,240,240.0
62,3,19,7,632,193,1150.0,1150,1150.0
63,3,16,6,763,591,1388.0,1388,1388.0
64,4,14,7,167,390,304.0,304,304.0
65,4,30,2,882,283,1604.0,1604,1604.0
66,4,6,7,1037,589,1886.0,1886,1886.0
67,4,22,2,918,300,1670.0,1670,1670.0
68,4,16,8,227,233,413.0,413,413.0
69,4,7,8,215,328,391.0,391,391.0
70,4,15,2,394,508,717.0,717,717.0
71,4,19,8,870,537,1582.0,1582,1582.0
72,4,28,6,406,138,739.0,739,739.0
73,4,23,8,572,480,1040.0,1040,1040.0
74,4,11,8,453,156,824.0,824,824.0
75,4,5,9,894,258,1626.0,1626,1626.0
76,4,10,5,846,265,1539.0,1539,1539.0
77,4,8,5,1144,333,2080.0,2080,2080.0
78,4,26,1,739,589,1344.0,1344,1344.0
79,4,24,8,942,538,1713.0,1713,1713.0
80,4,3,7,1180,301,2146.0,2146,2146.0
81,4,17,2,1001,426,1820.0,1820,1820.0
82,4,1,8,1108,181,2015.0,2015,2015.0
83,4,2,8,1001,456,1820.0,1820,1820.0
84,4,21,2,477,297,868.0,868,868.0
85,4,18,8,1144,278,2080.0,2080,2080.0
86,4,20,1,811,149,1475.0,1475,1475.0
87,4,25,8,1073,126,1951.0,1951,1951.0
88,4,13,4,537,145,977.0,977,977.0
89,4,12,4,882,605,1604.0,1604,1604.0
90,5,21,1,1013,292,1842.0,1842,1842.0
91,5,19,4,656,204,1193.0,1193,1193.0
92,5,7,8,572,586,1040.0,1040,1040.0
93,5,27,7,1049,421,1908.0,1908,1908.0
94,5,3,7,132,547,240.0,240,240.0
95,5,13,8,358,301,651.0,651,651.0
96,5,24,8,525,122,955.0,955,955.0
97,5,11,5,394,387,717.0,717,717.0
98,5,12,6,977,421,1777.0,1777,1777.0
99,5,10,1,334,498,608.0,608,608.0
100,5,22,5,298,404,542.0,542,542.0
101,5,6,3,834,582,1517.0,1517,1517.0
102,5,16,9,179,599,326.0,326,326.0
103,5,30,5,465,460,846.0,846,846.0
104,5,29,4,239,498,435.0,435,435.0
105,5,4,1,596,579,1084.0,1084,1084.0
106,5,8,5,846,593,1539.0,1539,1539.0
107,5,20,6,143,236,260.0,260,260.0
108,5,18,7,811,473,1475.0,1475,1475.0
109,5,1,4,346,337,630.0,630,630.0
110,5,9,4,680,359,1237.0,1237,1237.0
111,5,23,9,477,476,868.0,868,868.0
112,6,1,6,429,143,780.0,780,780.0
113,6,4,8,441,170,802.0,802,802.0
114,6,21,4,1073,407,1951.0,1951,1951.0
115,6,15,1,775,339,1410.0,1410,1410.0
116,6,8,9,763,356,1388.0,1388,1388.0
117,6,16,7,441,435,802.0,802,802.0
118,6,28,2,215,496,391.0,391,391.0
119,6,20,5,739,605,1344.0,1344,1344.0
120,6,12,8,429,172,780.0,780,780.0
121,6,25,1,608,214,1106.0,1106,1106.0
122,6,14,1,1013,506,1842.0,1842,1842.0
123,6,9,1,489,387,890.0,890,890.0
124,6,24,5,1049,128,1908.0,1908,1908.0
125,6,13,9,394,255,717.0,717,717.0
126,6,19,6,155,413,282.0,282,282.0
127,6,17,6,489,301,890.0,890,890.0
128,6,11,5,1061,571,1930.0,1930,1930.0
129,6,5,7,1132,463,2059.0,2059,2059.0
130,6,22,3,346,270,630.0,630,630.0
131,6,3,3,1025,524,1864.0,1864,1864.0
132,6,10,9,251,315,457.0,457,457.0
133,6,27,7,1168,139,2124.0,2124,2124.0
134,6,2,8,215,607,391.0,391,391.0
135,6,30,2,632,468,1150.0,1150,1150.0
136,6,29,8,668,605,1215.0,1215,1215.0
137,6,7,9,132,222,240.0,240,240.0
138,6,23,6,584,267,1062.0,1062,1062.0
139,7,10,2,751,215,1366.0,1366,1366.0
140,7,6,2,465,237,846.0,846,846.0
141,7,30,6,906,141,1648.0,1648,1648.0
142,7,9,3,1156,332,2102.0,2102,2102.0
143,7,24,6,394,238,717.0,717,717.0
144,7,25,5,811,282,1475.0,1475,1475.0
145,7,28,8,537,462,977.0,977,977.0
146,7,16,8,406,483,739.0,739,739.0
147,7,20,1,656,431,1193.0,1193,1193.0
148,7,17,3,489,534,890.0,890,890.0
149,7,23,8,1132,239,2059.0,2059,2059.0
150,7,22,7,656,279,1193.0,1193,1193.0
151,7,26,7,1120,555,2037.0,2037,2037.0
152,7,21,9,715,479,1300.0,1300,1300.0
153,7,5,5,894,555,1626.0,1626,1626.0
154,7,15,1,846,468,1539.0,1539,1539.0
155,7,18,4,656,127,1193.0,1193,1193.0
156,7,14,3,1097,323,1995.0,1995,1995.0
157,7,8,1,608,202,1106.0,1106,1106.0
158,8,1,7,846,488,1539.0,1539,1539.0
159,8,28,6,513,180,933.0,933,933.0
160,8,19,1,203,244,370.0,370,370.0
161,8,15,7,465,297,846.0,846,846.0
162,8,11,1,954,422,1735.0,1735,1735.0
163,8,29,1,179,378,326.0,326,326.0
164,8,5,4,834,284,1517.0,1517,1517.0
165,8,4,4,1001,557,1820.0,1820,1820.0
166,8,18,8,1132,328,2059.0,2059,2059.0
167,8,24,5,1049,288,1908.0,1908,1908.0
168,8,12,3,406,275,739.0,739,739.0
169,8,10,6,823,357,1497.0,1497,1497.0
170,8,13,3,823,215,1497.0,1497,1497.0
171,8,26,6,453,376,824.0,824,824.0
172,8,6,3,668,142,1215.0,1215,1215.0
173,8,25,8,417,518,759.0,759,759.0
174,8,16,5,1049,383,1908.0,1908,1908.0
175,8,3,1,1120,398,2037.0,2037,2037.0
176,8,21,1,143,206,260.0,260,260.0
177,8,14,7,775,316,1410.0,1410,1410.0
178,8,30,9,310,517,564.0,564,564.0
179,8,9,6,167,254,304.0,304,304.0
180,8,23,8,1025,188,1864.0,1864,1864.0
181,9,5,3,977,455,1777.0,1777,1777.0
182,9,2,7,537,518,977.0,977,977.0
183,9,6,2,1061,412,1930.0,1930,1930.0
184,9,30,6,668,331,1215.0,1215,1215.0
185,9,18,7,310,208,564.0,564,564.0
186,9,20,3,1061,465,1930.0,1930,1930.0
187,9,4,2,739,551,1344.0,1344,1344.0
188,9,22,7,525,305,955.0,955,955.0
189,9,23,5,179,145,326.0,326,326.0
190,9,16,7,1025,187,1864.0,1864,1864.0
191,9,26,4,191,590,348.0,348,348.0
192,9,10,1,668,176,1215.0,1215,1215.0
193,9,3,9,799,413,1453.0,1453,1453.0
194,9,15,3,215,170,391.0,391,391.0
195,9,13,1,799,465,1453.0,1453,1453.0
196,9,17,6,668,173,1215.0,1215,1215.0
197,9,28,8,179,192,326.0,326,326.0
198,9,21,9,834,584,1517.0,1517,1517.0
199,9,7,1,239,565,435.0,435,435.0
200,9,27,4,632,468,1150.0,1150,1150.0
201,9,29,6,560,546,1019.0,1019,1019.0
202,9,14,3,429,404,780.0,780,780.0
203,10,6,3,811,323,1475.0,1475,1475.0
204,10,22,5,358,135,651.0,651,651.0
205,10,9,8,549,499,999.0,999,999.0
206,10,28,2,1132,604,2059.0,2059,2059.0
207,10,25,3,382,223,695.0,695,695.0
208,10,5,4,263,314,479.0,479,479.0
209,10,4,8,811,562,1475.0,1475,1475.0
210,10,2,3,251,412,457.0,457,457.0
211,10,24,6,1097,416,1995.0,1995,1995.0
212,10,29,9,370,265,673.0,673,673.0
213,10,23,6,739,131,1344.0,1344,1344.0
214,10,7,8,1180,485,2146.0,2146,2146.0
215,10,3,2,179,249,326.0,326,326.0
216,10,15,1,227,281,413.0,413,413.0
217,10,18,5,286,445,520.0,520,520.0
218,10,21,8,560,546,1019.0,1019,1019.0
219,10,13,9,263,370,479.0,479,479.0
220,10,11,5,417,221,759.0,759,759.0
221,10,26,3,179,513,326.0,326,326.0
222,10,19,9,632,243,1150.0,1150,1150.0
223,10,14,8,966,485,1757.0,1757,1757.0
224,10,27,4,632,165,1150.0,1150,1150.0
225,10,20,9,989,432,1799.0,1799,1799.0
226,10,8,3,132,158,240.0,240,240.0
227,10,17,4,966,232,1757.0,1757,1757.0
228,10,16,4,727,423,1322.0,1322,1322.0
229,11,5,2,572,597,1040.0,1040,1040.0
230,11,28,5,346,288,630.0,630,630.0
231,11,25,3,334,314,608.0,608,608.0
232,11,10,7,584,500,1062.0,1062,1062.0
233,11,13,5,501,466,911.0,911,911.0
234,11,9,4,751,198,1366.0,1366,1366.0
235,11,23,1,882,127,1604.0,1604,1604.0
236,11,6,6,1144,203,2080.0,2080,2080.0
237,11,4,3,525,540,955.0,955,955.0
238,11,29,1,263,234,479.0,479,479.0
239,11,22,8,954,392,1735.0,1735,1735.0
240,11,26,8,608,505,1106.0,1106,1106.0
241,11,30,3,501,298,911.0,911,911.0
242,11,20,6,918,521,1670.0,1670,1670.0
243,11,18,7,560,189,1019.0,1019,1019.0
244,11,15,5,501,432,911.0,911,911.0
245,11,21,8,1108,404,2015.0,2015,2015.0
246,12,2,1,930,298,1691.0,1691,1691.0
247,12,20,7,930,456,1691.0,1691,1691.0
248,12,9,1,954,508,1735.0,1735,1735.0
249,12,30,7,453,470,824.0,824,824.0
250,12,8,7,632,165,1150.0,1150,1150.0
251,12,13,6,1037,155,1886.0,1886,1886.0
252,12,14,1,251,495,457.0,457,457.0
253,12,27,6,263,315,479.0,479,479.0
254,12,6,2,894,456,1626.0,1626,1626.0
255,12,26,7,930,563,1691.0,1691,1691.0
256,12,3,4,239,310,435.0,435,435.0
257,12,19,1,1156,136,2102.0,2102,2102.0
258,12,29,2,644,311,1171.0,1171,1171.0
259,12,5,5,1120,202,2037.0,2037,2037.0
260,12,21,5,227,549,413.0,413,413.0
261,13,18,3,382,465,695.0,695,695.0
262,13,7,9,179,367,326.0,326,326.0
263,13,29,4,620,560,1128.0,1128,1128.0
264,13,11,2,298,438,542.0,542,542.0
265,13,1,7,787,410,1431.0,1431,1431.0
266,13,12,9,989,377,1799.0,1799,1799.0
267,13,27,4,191,321,348.0,348,348.0
268,13,19,6,406,404,739.0,739,739.0
269,13,8,2,858,230,1560.0,1560,1560.0
270,13,5,9,1013,539,1842.0,1842,1842.0
271,13,24,8,275,293,500.0,500,500.0
272,13,22,9,787,333,1431.0,1431,1431.0
273,13,4,5,799,381,1453.0,1453,1453.0
274,13,10,6,1108,535,2015.0,2015,2015.0
275,13,2,7,215,154,391.0,391,391.0
276,13,16,9,703,199,1279.0,1279,1279.0
277,13,23,4,989,148,1799.0,1799,1799.0
278,13,9,6,966,500,1757.0,1757,1757.0
279,13,21,5,846,494,1539.0,1539,1539.0
280,13,6,3,417,289,759.0,759,759.0
281,13,20,5,1168,220,2124.0,2124,2124.0
282,13,26,1,1013,137,1842.0,1842,1842.0
283,13,14,9,572,282,1040.0,1040,1040.0
284,14,27,5,310,356,564.0,564,564.0
285,14,1,8,644,444,1171.0,1171,1171.0
286,14,12,1,1144,135,2080.0,2080,2080.0
287,14,15,3,203,192,370.0,370,370.0
288,14,26,8,823,370,1497.0,1497,1497.0
289,14,8,4,298,599,542.0,542,542.0
290,14,24,9,977,415,1777.0,1777,1777.0
291,14,20,1,179,572,326.0,326,326.0
292,14,28,6,275,413,500.0,500,500.0
293,14,29,2,906,125,1648.0,1648,1648.0
294,14,17,3,882,202,1604.0,1604,1604.0
295,14,6,5,1120,334,2037.0,2037,2037.0
296,14,16,8,739,438,1344.0,1344,1344.0
297,14,2,1,954,204,1735.0,1735,1735.0
298,14,22,7,632,522,1150.0,1150,1150.0
299,14,25,5,787,366,1431.0,1431,1431.0
300,14,9,2,513,597,933.0,933,933.0
301,14,10,4,680,446,1237.0,1237,1237.0
302,14,18,2,680,270,1237.0,1237,1237.0
303,14,19,5,1097,394,1995.0,1995,1995.0
304,14,5,1,977,192,1777.0,1777,1777.0
305,14,21,1,632,502,1150.0,1150,1150.0
306,15,26,5,477,332,868.0,868,868.0
307,15,9,7,429,579,780.0,780,780.0
308,15,19,4,191,158,348.0,348,348.0
309,15,21,5,513,499,933.0,933,933.0
310,15,25,7,1108,200,2015.0,2015,2015.0
311,15,14,1,155,426,282.0,282,282.0
312,15,22,4,215,597,391.0,391,391.0
313,15,29,9,406,413,739.0,739,739.0
314,15,11,4,1108,197,2015.0,2015,2015.0
315,15,6,6,799,599,1453.0,1453,1453.0
316,15,2,7,215,210,391.0,391,391.0
317,15,1,7,155,561,282.0,282,282.0
318,15,16,5,477,333,868.0,868,868.0
319,15,13,1,692,376,1259.0,1259,1259.0
320,15,8,2,132,283,240.0,240,240.0
321,15,5,3,227,480,413.0,413,413.0
322,15,23,7,465,544,846.0,846,846.0
323,15,24,1,441,550,802.0,802,802.0
324,15,27,6,608,219,1106.0,1106,1106.0
325,15,20,8,620,315,1128.0,1128,1128.0
326,15,4,1,525,399,955.0,955,955.0
327,15,17,4,143,374,260.0,260,260.0
328,15,3,8,692,320,1259.0,1259,1259.0
329,15,28,8,370,413,673.0,673,673.0
330,15,30,7,596,323,1084.0,1084,1084.0
331,15,7,4,513,406,933.0,933,933.0
332,15,18,1,513,522,933.0,933,933.0
333,15,10,8,858,579,1560.0,1560,1560.0
334,15,12,5,560,459,1019.0,1019,1019.0
335,16,14,9,954,160,1735.0,1735,1735.0
336,16,26,3,692,597,1259.0,1259,1259.0
337,16,6,9,870,153,1582.0,1582,1582.0
338,16,10,4,1180,243,2146.0,2146,2146.0
339,16,5,1,382,215,695.0,695,695.0
340,16,4,5,620,262,1128.0,1128,1128.0
341,16,3,4,751,165,1366.0,1366,1366.0
342,16,9,4,370,505,673.0,673,673.0
343,16,27,7,727,601,1322.0,1322,1322.0
344,16,28,3,477,197,868.0,868,868.0
345,16,30,3,1097,574,1995.0,1995,1995.0
346,16,24,3,441,144,802.0,802,802.0
347,16,23,2,549,445,999.0,999,999.0
348,16,13,4,1120,540,2037.0,2037,2037.0
349,16,15,6,239,233,435.0,435,435.0
350,16,2,8,179,463,326.0,326,326.0
351,16,1,8,417,551,759.0,759,759.0
352,16,22,7,560,267,1019.0,1019,1019.0
353,16,8,9,632,594,1150.0,1150,1150.0
354,16,21,8,1132,393,2059.0,2059,2059.0
355,16,20,4,489,345,890.0,890,890.0
356,16,29,9,322,401,586.0,586,586.0
357,16,11,4,668,261,1215.0,1215,1215.0
358,17,11,1,692,577,1259.0,1259,1259.0
359,17,2,5,989,540,1799.0,1799,1799.0
360,17,24,7,596,359,1084.0,1084,1084.0
361,17,27,4,298,189,542.0,542,542.0
362,17,21,5,703,279,1279.0,1279,1279.0
363,17,26,6,763,424,1388.0,1388,1388.0
364,17,14,7,823,316,1497.0,1497,1497.0
365,17,1,6,406,293,739.0,739,739.0
366,17,3,6,811,222,1475.0,1475,1475.0
367,17,9,4,787,231,1431.0,1431,1431.0
368,17,19,1,191,165,348.0,348,348.0
369,17,10,6,465,466,846.0,846,846.0
370,17,15,6,954,226,1735.0,1735,1735.0
371,17,12,1,1108,472,2015.0,2015,2015.0
372,17,28,8,775,407,1410.0,1410,1410.0
373,17,30,3,620,368,1128.0,1128,1128.0
374,17,16,7,811,349,1475.0,1475,1475.0
375,17,7,8,155,270,282.0,282,282.0
376,17,20,5,1097,149,1995.0,1995,1995.0
377,17,22,8,394,244,717.0,717,717.0
378,17,13,9,132,183,240.0,240,240.0
379,17,5,5,1013,429,1842.0,1842,1842.0
380,17,4,8,358,571,651.0,651,651.0
381,17,25,4,155,186,282.0,282,282.0
382,17,18,1,143,446,260.0,260,260.0
383,17,6,9,143,403,260.0,260,260.0
384,17,23,9,906,493,1648.0,1648,1648.0
385,18,11,4,132,474,240.0,240,240.0
386,18,24,1,596,561,1084.0,1084,1084.0
387,18,3,2,227,334,413.0,413,413.0
388,18,20,2,763,141,1388.0,1388,1388.0
389,18,25,7,251,418,457.0,457,457.0
390,18,13,5,966,297,1757.0,1757,1757.0
391,18,4,4,179,554,326.0,326,326.0
392,18,23,6,1180,188,2146.0,2146,2146.0
393,18,9,6,489,371,890.0,890,890.0
394,18,19,3,739,125,1344.0,1344,1344.0
395,18,16,4,692,250,1259.0,1259,1259.0
396,18,22,8,692,393,1259.0,1259,1259.0
397,18,8,2,1180,292,2146.0,2146,2146.0
398,18,28,4,191,214,348.0,348,348.0
399,18,5,3,1013,393,1842.0,1842,1842.0
400,18,21,4,1013,583,1842.0,1842,1842.0
401,18,29,3,286,266,520.0,520,520.0
402,18,6,2,120,132,219.0,219,219.0
403,18,12,6,584,362,1062.0,1062,1062.0
404,18,2,4,858,524,1560.0,1560,1560.0
405,18,7,2,143,604,260.0,260,260.0
406,19,7,8,334,294,608.0,608,608.0
407,19,10,9,1037,604,1886.0,1886,1886.0
408,19,26,7,358,227,651.0,651,651.0
409,19,29,5,763,556,1388.0,1388,1388.0
410,19,22,7,370,524,673.0,673,673.0
411,19,2,5,560,394,1019.0,1019,1019.0
412,19,28,9,823,543,1497.0,1497,1497.0
413,19,9,3,215,529,391.0,391,391.0
414,19,13,7,191,468,348.0,348,348.0
415,19,6,7,811,571,1475.0,1475,1475.0
416,19,3,1,1108,189,2015.0,2015,2015.0
417,19,18,9,632,470,1150.0,1150,1150.0
418,19,21,3,239,276,435.0,435,435.0
419,19,8,5,1013,155,1842.0,1842,1842.0
420,19,4,3,680,562,1237.0,1237,1237.0
421,19,14,5,632,267,1150.0,1150,1150.0
422,19,1,2,882,200,1604.0,1604,1604.0
423,19,27,7,1037,292,1886.0,1886,1886.0
424,19,25,3,1061,518,1930.0,1930,1930.0
425,19,30,2,918,506,1670.0,1670,1670.0
426,19,15,3,1037,281,1886.0,1886,1886.0
427,19,5,5,513,605,933.0,933,933.0
428,19,12,9,906,178,1648.0,1648,1648.0
429,19,11,8,763,316,1388.0,1388,1388.0
430,19,17,5,322,484,586.0,586,586.0
431,19,24,6,489,143,890.0,890,890.0
432,19,16,4,823,160,1497.0,1497,1497.0
433,20,11,8,584,537,1062.0,1062,1062.0
434,20,16,6,489,606,890.0,890,890.0
435,20,28,4,656,410,1193.0,1193,1193.0
436,20,10,7,882,345,1604.0,1604,1604.0
437,20,7,7,811,526,1475.0,1475,1475.0
438,20,18,1,1156,505,2102.0,2102,2102.0
439,20,25,8,1013,404,1842.0,1842,1842.0
440,20,6,1,501,282,911.0,911,911.0
441,20,27,8,834,496,1517.0,1517,1517.0
442,20,30,2,906,443,1648.0,1648,1648.0
443,20,19,3,346,368,630.0,630,630.0
444,20,24,3,227,507,413.0,413,413.0
445,20,29,9,191,310,348.0,348,348.0
446,20,2,3,525,462,955.0,955,955.0
447,20,4,5,942,432,1713.0,1713,1713.0
448,20,14,3,918,170,1670.0,1670,1670.0
449,20,9,8,668,512,1215.0,1215,1215.0
450,20,1,6,1001,451,1820.0,1820,1820.0
451,20,26,1,560,152,1019.0,1019,1019.0
452,20,22,4,692,276,1259.0,1259,1259.0
453,21,16,5,1025,534,1864.0,1864,1864.0
454,21,25,6,715,167,1300.0,1300,1300.0
455,21,5,4,406,415,739.0,739,739.0
456,21,24,3,763,258,1388.0,1388,1388.0
457,21,22,5,441,446,802.0,802,802.0
458,21,14,8,1061,573,1930.0,1930,1930.0
459,21,18,5,918,333,1670.0,1670,1670.0
460,21,1,8,942,305,1713.0,1713,1713.0
461,21,27,8,477,546,868.0,868,868.0
462,21,12,8,155,360,282.0,282,282.0
463,21,10,2,1120,293,2037.0,2037,2037.0
464,21,28,9,870,191,1582.0,1582,1582.0
465,21,13,8,1085,299,1973.0,1973,1973.0
466,21,17,2,322,144,586.0,586,586.0
467,21,30,5,1013,232,1842.0,1842,1842.0
468,21,3,8,954,310,1735.0,1735,1735.0
469,21,11,1,954,306,1735.0,1735,1735.0
470,21,8,4,191,360,348.0,348,348.0
471,21,7,9,334,546,608.0,608,608.0
472,21,2,9,930,496,1691.0,1691,1691.0
473,22,12,7,513,227,933.0,933,933.0
474,22,5,4,1037,513,1886.0,1886,1886.0
475,22,23,5,406,456,739.0,739,739.0
476,22,30,8,1180,232,2146.0,2146,2146.0
477,22,1,7,263,596,479.0,479,479.0
478,22,26,7,882,208,1604.0,1604,1604.0
479,22,6,5,1120,494,2037.0,2037,2037.0
480,22,14,2,715,143,1300.0,1300,1300.0
481,22,3,7,703,232,1279.0,1279,1279.0
482,22,7,7,215,602,391.0,391,391.0
483,22,8,3,501,556,911.0,911,911.0
484,22,19,7,286,465,520.0,520,520.0
485,22,25,9,727,251,1322.0,1322,1322.0
486,22,11,1,382,473,695.0,695,695.0
487,22,15,9,465,248,846.0,846,846.0
488,22,28,6,120,284,219.0,219,219.0
489,22,18,1,382,552,695.0,695,695.0
490,22,10,8,120,407,219.0,219,219.0
491,22,17,7,346,449,630.0,630,630.0
492,22,16,4,275,401,500.0,500,500.0
493,22,20,1,584,340,1062.0,1062,1062.0
494,22,29,8,1156,294,2102.0,2102,2102.0
495,23,2,8,143,500,260.0,260,260.0
496,23,15,4,1085,528,1973.0,1973,1973.0
497,23,29,5,1156,557,2102.0,2102,2102.0
498,23,14,5,215,367,391.0,391,391.0
499,23,20,7,1180,159,2146.0,2146,2146.0
500,23,27,2,715,359,1300.0,1300,1300.0
501,23,26,8,930,132,1691.0,1691,1691.0
502,23,4,6,1097,563,1995.0,1995,1995.0
503,23,5,9,572,318,1040.0,1040,1040.0
504,23,3,2,1073,354,1951.0,1951,1951.0
505,23,8,2,906,392,1648.0,1648,1648.0
506,23,25,4,453,332,824.0,824,824.0
507,23,17,8,489,357,890.0,890,890.0
508,23,24,3,167,508,304.0,304,304.0
509,23,19,7,1037,493,1886.0,1886,1886.0
510,23,16,3,739,279,1344.0,1344,1344.0
511,23,13,1,489,463,890.0,890,890.0
512,23,9,9,441,187,802.0,802,802.0
513,23,21,7,215,243,391.0,391,391.0
514,23,12,9,775,593,1410.0,1410,1410.0
515,23,11,8,846,446,1539.0,1539,1539.0
516,24,8,4,167,312,304.0,304,304.0
517,24,5,2,692,440,1259.0,1259,1259.0
518,24,23,9,632,202,1150.0,1150,1150.0
519,24,9,4,263,227,479.0,479,479.0
520,24,22,8,930,480,1691.0,1691,1691.0
521,24,27,8,1013,566,1842.0,1842,1842.0
522,24,13,7,763,239,1388.0,1388,1388.0
523,24,6,9,572,298,1040.0,1040,1040.0
524,24,29,8,1097,317,1995.0,1995,1995.0
525,24,30,9,1168,495,2124.0,2124,2124.0
526,24,10,7,703,304,1279.0,1279,1279.0
527,24,25,8,191,239,348.0,348,348.0
528,24,16,3,560,372,1019.0,1019,1019.0
529,24,20,3,894,539,1626.0,1626,1626.0
530,24,12,9,763,222,1388.0,1388,1388.0
531,24,2,2,1061,184,1930.0,1930,1930.0
532,24,1,7,584,390,1062.0,1062,1062.0
533,24,19,5,537,345,977.0,977,977.0
534,24,14,8,322,437,586.0,586,586.0
535,25,12,6,608,164,1106.0,1106,1106.0
536,25,28,4,906,470,1648.0,1648,1648.0
537,25,23,5,417,144,759.0,759,759.0
538,25,5,5,1144,294,2080.0,2080,2080.0
539,25,22,1,692,405,1259.0,1259,1259.0
540,25,21,3,1120,448,2037.0,2037,2037.0
541,25,10,4,346,212,630.0,630,630.0
542,25,1,8,191,233,348.0,348,348.0
543,25,14,4,811,528,1475.0,1475,1475.0
544,25,11,4,429,233,780.0,780,780.0
545,25,20,1,870,220,1582.0,1582,1582.0
546,25,30,5,715,528,1300.0,1300,1300.0
547,25,9,6,465,234,846.0,846,846.0
548,25,15,5,132,413,240.0,240,240.0
549,25,24,1,143,461,260.0,260,260.0
550,25,26,9,870,260,1582.0,1582,1582.0
551,25,29,2,1073,338,1951.0,1951,1951.0
552,25,16,5,298,187,542.0,542,542.0
553,25,19,7,870,187,1582.0,1582,1582.0
554,25,13,2,1073,255,1951.0,1951,1951.0
555,25,3,1,537,348,977.0,977,977.0
556,25,8,1,977,188,1777.0,1777,1777.0
557,25,6,8,799,189,1453.0,1453,1453.0
558,25,17,9,882,413,1604.0,1604,1604.0
559,25,18,9,823,448,1497.0,1497,1497.0
560,25,4,3,751,267,1366.0,1366,1366.0
561,26,9,3,644,597,1171.0,1171,1171.0
562,26,27,9,286,195,520.0,520,520.0
563,26,17,3,167,205,304.0,304,304.0
564,26,22,7,811,126,1475.0,1475,1475.0
565,26,24,8,203,311,370.0,370,370.0
566,26,12,3,775,288,1410.0,1410,1410.0
567,26,8,6,1120,605,2037.0,2037,2037.0
568,26,30,7,286,556,520.0,520,520.0
569,26,25,9,143,142,260.0,260,260.0
570,26,20,1,799,424,1453.0,1453,1453.0
571,26,1,9,763,222,1388.0,1388,1388.0
572,26,21,5,572,223,1040.0,1040,1040.0
573,26,6,8,1097,248,1995.0,1995,1995.0
574,26,29,5,191,264,348.0,348,348.0
575,26,3,1,513,273,933.0,933,933.0
576,26,23,1,703,322,1279.0,1279,1279.0
577,26,16,9,775,596,1410.0,1410,1410.0
578,26,14,6,286,133,520.0,520,520.0
579,26,11,6,1001,186,1820.0,1820,1820.0
580,26,2,9,1037,309,1886.0,1886,1886.0
581,26,5,7,382,459,695.0,695,695.0
582,26,7,3,203,154,370.0,370,370.0
583,26,28,2,155,350,282.0,282,282.0
584,26,19,7,834,563,1517.0,1517,1517.0
585,26,18,4,1037,232,1886.0,1886,1886.0
586,26,13,9,215,560,391.0,391,391.0
587,26,4,2,692,431,1259.0,1259,1259.0
588,26,10,9,251,333,457.0,457,457.0
589,27,29,5,834,410,1517.0,1517,1517.0
590,27,5,9,882,338,1604.0,1604,1604.0
591,27,6,4,501,290,911.0,911,911.0
592,27,25,9,823,267,1497.0,1497,1497.0
593,27,11,5,1168,484,2124.0,2124,2124.0
594,27,9,5,346,334,630.0,630,630.0
595,27,18,6,966,393,1757.0,1757,1757.0
596,27,20,3,334,546,608.0,608,608.0
597,27,30,7,1001,195,1820.0,1820,1820.0
598,27,3,1,715,267,1300.0,1300,1300.0
599,27,21,3,477,346,868.0,868,868.0
600,27,7,7,239,316,435.0,435,435.0
601,27,19,8,513,292,933.0,933,933.0
602,27,23,6,346,281,630.0,630,630.0
603,27,4,1,549,406,999.0,999,999.0
604,27,26,5,310,605,564.0,564,564.0
605,27,22,3,382,491,695.0,695,695.0
606,27,24,5,1132,295,2059.0,2059,2059.0
607,27,13,7,453,339,824.0,824,824.0
608,28,6,6,167,429,304.0,304,304.0
609,28,21,3,358,428,651.0,651,651.0
610,28,17,7,608,345,1106.0,1106,1106.0
611,28,3,8,632,590,1150.0,1150,1150.0
612,28,18,4,1156,173,2102.0,2102,2102.0
613,28,23,1,1085,245,1973.0,1973,1973.0
614,28,9,6,1061,243,1930.0,1930,1930.0
615,28,2,8,239,385,435.0,435,435.0
616,28,10,3,739,211,1344.0,1344,1344.0
617,28,13,3,441,209,802.0,802,802.0
618,28,16,8,406,147,739.0,739,739.0
619,28,12,8,703,494,1279.0,1279,1279.0
620,28,25,5,203,210,370.0,370,370.0
621,28,26,7,608,429,1106.0,1106,1106.0
622,28,27,1,227,454,413.0,413,413.0
623,28,15,3,715,239,1300.0,1300,1300.0
624,28,5,1,263,259,479.0,479,479.0
625,28,11,5,1168,273,2124.0,2124,2124.0
626,28,30,1,191,184,348.0,348,348.0
627,28,7,1,560,317,1019.0,1019,1019.0
628,28,24,6,751,297,1366.0,1366,1366.0
629,28,29,6,751,596,1366.0,1366,1366.0
630,28,14,4,608,227,1106.0,1106,1106.0
631,28,22,6,286,540,520.0,520,520.0
632,28,1,3,179,605,326.0,326,326.0
633,28,20,9,382,378,695.0,695,695.0
634,28,8,6,656,608,1193.0,1193,1193.0
635,29,17,3,882,136,1604.0,1604,1604.0
636,29,12,5,382,301,695.0,695,695.0
637,29,10,6,298,254,542.0,542,542.0
638,29,20,8,1132,286,2059.0,2059,2059.0
639,29,11,3,263,383,479.0,479,479.0
640,29,22,5,227,499,413.0,413,413.0
641,29,4,3,1001,565,1820.0,1820,1820.0
642,29,13,9,763,583,1388.0,1388,1388.0
643,29,28,5,358,177,651.0,651,651.0
644,29,30,6,1168,422,2124.0,2124,2124.0
645,29,2,1,739,599,1344.0,1344,1344.0
646,29,23,1,703,220,1279.0,1279,1279.0
647,29,25,9,608,420,1106.0,1106,1106.0
648,29,5,3,977,317,1777.0,1777,1777.0
649,29,7,1,465,435,846.0,846,846.0
650,29,21,5,1156,247,2102.0,2102,2102.0
651,29,14,8,477,164,868.0,868,868.0
652,29,16,9,298,169,542.0,542,542.0
653,29,15,8,834,471,1517.0,1517,1517.0
654,29,19,3,191,374,348.0,348,348.0
655,29,9,8,799,438,1453.0,1453,1453.0
656,29,1,8,668,288,1215.0,1215,1215.0
657,29,24,8,239,409,435.0,435,435.0
658,29,18,9,846,428,1539.0,1539,1539.0
659,29,26,7,799,197,1453.0,1453,1453.0
660,29,6,6,334,538,608.0,608,608.0
661,30,18,2,966,192,1757.0,1757,1757.0
662,30,29,4,703,590,1279.0,1279,1279.0
663,30,13,5,1037,550,1886.0,1886,1886.0
664,30,27,9,1025,186,1864.0,1864,1864.0
665,30,11,8,453,329,824.0,824,824.0
666,30,23,2,251,226,457.0,457,457.0
667,30,21,5,465,326,846.0,846,846.0
668,30,26,8,656,153,1193.0,1193,1193.0
669,30,20,4,1061,243,1930.0,1930,1930.0
670,30,16,1,727,480,1322.0,1322,1322.0
671,30,19,4,155,488,282.0,282,282.0
672,30,17,9,1120,141,2037.0,2037,2037.0
673,30,10,2,358,289,651.0,651,651.0
674,30,14,5,989,562,1799.0,1799,1799.0
675,30,5,5,787,160,1431.0,1431,1431.0
676,30,12,9,692,466,1259.0,1259,1259.0
677,30,9,9,775,248,1410.0,1410,1410.0
678,30,6,5,1037,337,1886.0,1886,1886.0
679,30,3,2,286,368,520.0,520,520.0
680,30,15,7,155,178,282.0,282,282.0
681,30,4,8,1156,227,2102.0,2102,2102.0
682,30,22,2,870,145,1582.0,1582,1582.0
COMMODITIES,400
0,26,28,24,972,1443.0,972,1443.0
1,27,28,49,771,1842.0,771,1842.0
2,13,22,68,649,1551.0,649,1551.0
3,26,14,53,698,1378.0,698,1378.0
4,26,8,41,784,1661.0,784,1661.0
5,14,1,50,900,1749.0,900,1749.0
6,9,22,20,737,1701.0,737,1701.0
7,21,29,23,803,1668.0,803,1668.0
8,16,12,61,727,2174.0,727,2174.0
9,1,13,54,715,1504.0,715,1504.0
10,9,19,46,818,1788.0,818,1788.0
11,9,14,22,818,1733.0,818,1733.0
12,15,25,38,721,1444.0,721,1444.0
13,2,28,43,539,1286.0,539,1286.0
14,20,3,50,770,2123.0,770,2123.0
15,23,24,53,836,1382.0,836,1382.0
16,24,21,29,946,1644.0,946,1644.0
17,11,25,52,934,1725.0,934,1725.0
18,29,2,33,786,1851.0,786,1851.0
19,1,14,26,750,1977.0,750,1977.0
20,1,7,30,860,1318.0,860,1318.0
21,29,21,49,889,1856.0,889,1856.0
22,28,20,36,1131,2068.0,1131,2068.0
23,26,11,72,798,1742.0,798,1742.0
24,12,22,30,842,2165.0,842,2165.0
25,12,27,43,880,1600.0,880,1600.0
26,15,26,43,562,1644.0,562,1644.0
27,29,23,35,779,2065.0,779,2065.0
28,20,11,64,714,1742.0,714,1742.0
29,14,15,43,715,1230.0,715,1230.0
30,15,2,17,961,1578.0,961,1578.0
31,10,11,44,900,1859.0,900,1859.0
32,4,7,73,695,1275.0,695,1275.0
33,15,8,54,931,1397.0,931,1397.0
34,14,27,72,933,1709.0,933,1709.0
35,30,26,58,817,1976.0,817,1976.0
36,3,21,46,906,1919.0,906,1919.0
37,20,17,38,717,2135.0,717,2135.0
38,24,28,29,843,1823.0,843,1823.0
39,5,13,50,736,1583.0,736,1583.0
40,5,8,65,767,1748.0,767,1748.0
41,14,12,52,675,1948.0,675,1948.0
42,17,5,61,693,1823.0,693,1823.0
43,25,24,32,899,1389.0,899,1389.0
44,1,5,17,602,1917.0,602,1917.0
45,15,6,27,819,1522.0,819,1522.0
46,5,3,17,803,1191.0,803,1191.0
47,3,23,67,992,1972.0,992,1972.0
48,1,2,49,749,1296.0,749,1296.0
49,12,26,66,971,2269.0,971,2269.0
50,13,16,22,695,2034.0,695,2034.0
51,20,30,40,924,2379.0,924,2379.0
52,25,30,26,502,1659.0,502,1659.0
53,3,5,38,811,1766.0,811,1766.0
54,25,14,25,688,1385.0,688,1385.0
55,20,15,72,765,1938.0,765,1938.0
56,8,29,22,828,1358.0,828,1358.0
57,2,23,54,624,1412.0,624,1412.0
58,16,30,73,940,2300.0,940,2300.0
59,27,8,52,772,2087.0,772,2087.0
60,18,26,52,700,1896.0,700,1896.0
61,26,17,64,812,1278.0,812,1278.0
62,18,2,15,1023,1819.0,1023,1819.0
63,24,13,49,1002,2153.0,1002,2153.0
64,30,7,61,793,1785.0,793,1785.0
65,29,11,40,703,1354.0,703,1354.0
66,28,5,31,746,1371.0,746,1371.0
67,6,11,27,707,1938.0,707,1938.0
68,16,15,19,794,1404.0,794,1404.0
69,13,21,38,588,1854.0,588,1854.0
70,21,20,60,822,1984.0,822,1984.0
71,23,15,34,642,1572.0,642,1572.0
72,3,26,42,862,2294.0,862,2294.0
73,29,30,31,848,2045.0,848,2045.0
74,24,7,32,669,1734.0,669,1734.0
75,25,10,63,526,1367.0,526,1367.0
76,19,21,44,765,1405.0,765,1405.0
77,20,8,74,929,1812.0,929,1812.0
78,19,15,58,680,1687.0,680,1687.0
79,12,28,67,768,1648.0,768,1648.0
80,9,12,18,931,2175.0,931,2175.0
81,4,30,17,548,1802.0,548,1802.0
82,10,17,62,823,1622.0,823,1622.0
83,26,13,74,766,1320.0,766,1320.0
84,27,19,74,954,2078.0,954,2078.0
85,10,25,28,708,1516.0,708,1516.0
86,5,20,55,824,1256.0,824,1256.0
87,3,14,33,652,1416.0,652,1416.0
88,27,25,36,726,1726.0,726,1726.0
89,7,11,57,934,2521.0,934,2521.0
90,16,7,38,532,1729.0,532,1729.0
91,8,28,63,648,1480.0,648,1480.0
92,1,9,56,669,1466.0,669,1466.0
93,5,23,58,889,1974.0,889,1974.0
94,12,6,64,983,2130.0,983,2130.0
95,24,27,51,880,2261.0,880,2261.0
96,17,30,29,922,2032.0,922,2032.0
97,9,21,19,800,1686.0,800,1686.0
98,16,28,18,803,1918.0,803,1918.0
99,5,28,64,668,1321.0,668,1321.0
100,26,6,41,606,1383.0,606,1383.0
101,11,28,15,764,1621.0,764,1621.0
102,10,12,61,906,1859.0,906,1859.0
103,19,25,70,829,1931.0,829,1931.0
104,22,24,51,800,1860.0,800,1860.0
105,10,24,44,637,1571.0,637,1571.0
106,18,7,64,843,1301.0,843,1301.0
107,23,30,23,756,2186.0,756,2186.0
108,24,11,56,764,2095.0,764,2095.0
109,16,13,47,661,1772.0,661,1772.0
110,6,22,50,1046,1839.0,1046,1839.0
111,29,13,28,685,1561.0,685,1561.0
112,27,7,46,754,1338.0,754,1338.0
113,8,5,19,788,1981.0,788,1981.0
114,18,5,49,706,1767.0,706,1767.0
115,26,22,67,610,1557.0,610,1557.0
116,30,24,40,926,1914.0,926,1914.0
117,17,6,29,626,1157.0,626,1157.0
118,14,19,42,905,1826.0,905,1826.0
119,17,7,38,927,1407.0,927,1407.0
120,28,10,62,805,1725.0,805,1725.0
121,6,10,23,711,1356.0,711,1356.0
122,15,10,57,838,1675.0,838,1675.0
123,15,22,51,835,1420.0,835,1420.0
124,16,25,18,869,2042.0,869,2042.0
125,19,2,31,728,1703.0,728,1703.0
126,13,25,49,910,1974.0,910,1974.0
127,29,10,27,707,1440.0,707,1440.0
128,13,15,57,939,2171.0,939,2171.0
129,11,6,26,600,1722.0,600,1722.0
130,6,30,64,821,1769.0,821,1769.0
131,8,22,27,570,1523.0,570,1523.0
132,11,3,40,875,2305.0,875,2305.0
133,1,28,55,567,1488.0,567,1488.0
134,18,1,17,586,1432.0,586,1432.0
135,1,3,28,832,1823.0,832,1823.0
136,25,18,33,572,1502.0,572,1502.0
137,19,5,57,883,1948.0,883,1948.0
138,3,27,15,810,1668.0,810,1668.0
139,30,6,43,888,1945.0,888,1945.0
140,14,4,32,921,2336.0,921,2336.0
141,1,22,15,794,1732.0,794,1732.0
142,16,18,32,792,1986.0,792,1986.0
143,23,26,67,966,2049.0,966,2049.0
144,30,12,47,754,1968.0,754,1968.0
145,12,21,41,834,1408.0,834,1408.0
146,15,24,73,1010,2028.0,1010,2028.0
147,15,29,63,729,1502.0,729,1502.0
148,23,11,16,735,1841.0,735,1841.0
149,6,20,40,554,1793.0,554,1793.0
150,24,14,53,646,1456.0,646,1456.0
151,20,22,56,896,1861.0,896,1861.0
152,25,6,74,688,1626.0,688,1626.0
153,9,5,56,905,1903.0,905,1903.0
154,10,28,60,743,1530.0,743,1530.0
155,15,11,36,787,1763.0,787,1763.0
156,5,6,31,658,1671.0,658,1671.0
157,21,13,39,934,1950.0,934,1950.0
158,28,4,38,590,1814.0,590,1814.0
159,1,27,70,593,1717.0,593,1717.0
160,11,26,61,627,1871.0,627,1871.0
161,18,16,47,1014,2022.0,1014,2022.0
162,13,27,35,907,1439.0,907,1439.0
163,30,8,41,857,1567.0,857,1567.0
164,25,20,25,943,1999.0,943,1999.0
165,26,19,38,964,1809.0,964,1809.0
166,26,10,19,802,1451.0,802,1451.0
167,19,26,54,953,1856.0,953,1856.0
168,26,30,15,870,1621.0,870,1621.0
169,9,16,34,800,2031.0,800,2031.0
170,15,9,73,872,1654.0,872,1654.0
171,14,21,70,608,1602.0,608,1602.0
172,16,1,36,852,1826.0,852,1826.0
173,9,25,44,753,1553.0,753,1553.0
174,15,27,49,789,1816.0,789,1816.0
175,19,14,20,857,2146.0,857,2146.0
176,6,1,54,484,1339.0,484,1339.0
177,3,18,55,962,2005.0,962,2005.0
178,4,15,21,887,1772.0,887,1772.0
179,25,13,51,649,1604.0,649,1604.0
180,16,19,28,735,1753.0,735,1753.0
181,16,24,56,814,1831.0,814,1831.0
182,12,30,72,866,1791.0,866,1791.0
183,20,28,66,676,1857.0,676,1857.0
184,3,2,59,891,1698.0,891,1698.0
185,30,17,72,769,1511.0,769,1511.0
186,14,18,48,658,1814.0,658,1814.0
187,25,21,30,617,1594.0,617,1594.0
188,24,1,39,792,1671.0,792,1671.0
189,25,26,67,904,2067.0,904,2067.0
190,18,28,15,779,1333.0,779,1333.0
191,20,6,20,955,2034.0,955,2034.0
192,19,18,43,689,1739.0,689,1739.0
193,25,2,31,965,1764.0,965,1764.0
194,21,14,72,990,1974.0,990,1974.0
195,3,24,71,863,1920.0,863,1920.0
196,10,4,40,853,1893.0,853,1893.0
197,30,23,43,781,1501.0,781,1501.0
198,13,23,52,724,1841.0,724,1841.0
199,11,20,41,917,2431.0,917,2431.0
200,24,3,57,723,2128.0,723,2128.0
201,28,27,23,889,1479.0,889,1479.0
202,24,8,28,1056,1573.0,1056,1573.0
203,15,18,64,940,1643.0,940,1643.0
204,6,29,57,912,2144.0,912,2144.0
205,26,12,43,746,1960.0,746,1960.0
206,26,5,39,731,1628.0,731,1628.0
207,27,24,70,916,2043.0,916,2043.0
208,12,4,45,766,2123.0,766,2123.0
209,16,3,72,613,1744.0,613,1744.0
210,13,18,39,798,1682.0,798,1682.0
211,10,14,52,801,1632.0,801,1632.0
212,15,4,68,762,1771.0,762,1771.0
213,25,9,52,638,1649.0,638,1649.0
214,26,3,37,1021,2002.0,1021,2002.0
215,4,25,39,858,2131.0,858,2131.0
216,4,22,15,407,1642.0,407,1642.0
217,2,18,44,757,1793.0,757,1793.0
218,17,2,49,946,1745.0,946,1745.0
219,2,26,56,556,1319.0,556,1319.0
220,21,16,35,880,2151.0,880,2151.0
221,13,26,31,967,2114.0,967,2114.0
222,8,12,21,472,1183.0,472,1183.0
223,15,3,37,713,1533.0,713,1533.0
224,30,25,50,714,1763.0,714,1763.0
225,22,3,36,938,1669.0,938,1669.0
226,17,4,65,436,1206.0,436,1206.0
227,29,15,60,838,1986.0,838,1986.0
228,24,16,59,861,1889.0,861,1889.0
229,10,1,53,1045,1945.0,1045,1945.0
230,19,9,71,737,1284.0,737,1284.0
231,6,17,44,889,1977.0,889,1977.0
232,3,29,33,749,1526.0,749,1526.0
233,24,17,17,765,1788.0,765,1788.0
234,23,2,35,769,1255.0,769,1255.0
235,24,30,36,819,1866.0,819,1866.0
236,23,28,74,889,1913.0,889,1913.0
237,3,8,68,851,1541.0,851,1541.0
238,21,12,45,1079,1561.0,1079,1561.0
239,5,22,62,699,1408.0,699,1408.0
240,14,28,38,683,1426.0,683,1426.0
241,9,26,47,861,1370.0,861,1370.0
242,24,4,71,808,2382.0,808,2382.0
243,25,5,56,998,1824.0,998,1824.0
244,18,8,49,780,1864.0,780,1864.0
245,4,18,31,763,2201.0,763,2201.0
246,21,6,69,817,1838.0,817,1838.0
247,30,11,53,777,1835.0,777,1835.0
248,19,22,39,778,1637.0,778,1637.0
249,10,29,40,850,1579.0,850,1579.0
250,2,11,64,909,1733.0,909,1733.0
251,23,10,54,680,1743.0,680,1743.0
252,22,7,31,627,1228.0,627,1228.0
253,20,14,57,869,2048.0,869,2048.0
254,7,21,47,740,2262.0,740,2262.0
255,7,30,49,654,2150.0,654,2150.0
256,30,29,19,829,1885.0,829,1885.0
257,14,10,57,836,1985.0,836,1985.0
258,3,17,45,835,1595.0,835,1595.0
259,10,26,28,1014,1536.0,1014,1536.0
260,2,17,23,671,1494.0,671,1494.0
261,23,29,71,711,1884.0,711,1884.0
262,29,17,58,778,1888.0,778,1888.0
263,10,15,52,692,1320.0,692,1320.0
264,10,22,44,757,1599.0,757,1599.0
265,9,6,38,795,1651.0,795,1651.0
266,11,24,61,661,1688.0,661,1688.0
267,14,8,27,810,1493.0,810,1493.0
268,24,10,57,889,2050.0,889,2050.0
269,6,2,21,842,1465.0,842,1465.0
270,4,14,17,750,1290.0,750,1290.0
271,1,20,71,939,2162.0,939,2162.0
272,7,22,70,772,2194.0,772,2194.0
273,27,22,15,790,1660.0,790,1660.0
274,25,29,73,1038,2057.0,1038,2057.0
275,16,2,45,877,1480.0,877,1480.0
276,5,24,17,686,1483.0,686,1483.0
277,9,27,68,835,1771.0,835,1771.0
278,3,15,64,1059,1566.0,1059,1566.0
279,14,20,17,767,1321.0,767,1321.0
280,24,12,54,652,1719.0,652,1719.0
281,5,2,45,974,1855.0,974,1855.0
282,6,23,38,715,1868.0,715,1868.0
283,8,20,71,752,2163.0,752,2163.0
284,24,22,38,713,1889.0,713,1889.0
285,28,3,21,774,1688.0,774,1688.0
286,10,23,53,759,1762.0,759,1762.0
287,17,1,69,804,1613.0,804,1613.0
288,16,21,33,796,1951.0,796,1951.0
289,3,12,22,827,2086.0,827,2086.0
290,13,29,16,863,2076.0,863,2076.0
291,25,3,27,956,2080.0,956,2080.0
292,3,9,72,959,2023.0,959,2023.0
293,12,5,73,996,2338.0,996,2338.0
294,17,14,38,848,1850.0,848,1850.0
295,28,11,22,532,1633.0,532,1633.0
296,22,10,44,681,1133.0,681,1133.0
297,17,24,30,844,1553.0,844,1553.0
298,12,19,27,819,2007.0,819,2007.0
299,12,13,41,790,2233.0,790,2233.0
300,18,9,61,862,1924.0,862,1924.0
301,7,10,21,891,2363.0,891,2363.0
302,30,28,21,943,1867.0,943,1867.0
303,19,1,39,1018,2284.0,1018,2284.0
304,14,22,37,820,1796.0,820,1796.0
305,15,1,23,888,1367.0,888,1367.0
306,20,24,58,696,1343.0,696,1343.0
307,6,8,67,756,1716.0,756,1716.0
308,7,27,64,671,2248.0,671,2248.0
309,7,3,68,856,2582.0,856,2582.0
310,7,5,18,1080,2703.0,1080,2703.0
311,12,11,63,725,2460.0,725,2460.0
312,13,19,30,616,1561.0,616,1561.0
313,22,6,53,942,1711.0,942,1711.0
314,9,29,48,844,1725.0,844,1725.0
315,1,19,20,859,1957.0,859,1957.0
316,27,10,40,835,1863.0,835,1863.0
317,22,27,37,767,1642.0,767,1642.0
318,1,24,59,858,2003.0,858,2003.0
319,20,27,47,497,2023.0,497,2023.0
320,22,12,68,698,1847.0,698,1847.0
321,19,7,42,762,1519.0,762,1519.0
322,11,13,63,676,1768.0,676,1768.0
323,11,23,55,838,2444.0,838,2444.0
324,7,26,71,848,2567.0,848,2567.0
325,27,20,40,626,1404.0,626,1404.0
326,23,6,71,681,2003.0,681,2003.0
327,16,29,26,768,1558.0,768,1558.0
328,5,4,59,779,1903.0,779,1903.0
329,13,4,15,726,1901.0,726,1901.0
330,30,9,69,470,1308.0,470,1308.0
331,20,26,20,1081,2282.0,1081,2282.0
332,6,5,49,869,1918.0,869,1918.0
333,3,28,15,926,1327.0,926,1327.0
334,23,9,15,935,1705.0,935,1705.0
335,19,17,17,790,1569.0,790,1569.0
336,2,1,42,833,1867.0,833,1867.0
337,8,10,20,659,1693.0,659,1693.0
338,29,16,55,1039,1784.0,1039,1784.0
339,28,12,55,835,1913.0,835,1913.0
340,17,13,53,696,1082.0,696,1082.0
341,28,22,71,755,1449.0,755,1449.0
342,21,3,31,633,1576.0,633,1576.0
343,4,24,19,857,2112.0,857,2112.0
344,10,21,69,809,1505.0,809,1505.0
345,7,20,50,646,2013.0,646,2013.0
346,21,9,58,617,1445.0,617,1445.0
347,13,17,15,817,2041.0,817,2041.0
348,2,29,65,960,2136.0,960,2136.0
349,19,16,18,673,1975.0,673,1975.0
350,20,10,69,719,1744.0,719,1744.0
351,29,20,61,756,2114.0,756,2114.0
352,18,22,73,1150,2127.0,1150,2127.0
353,21,15,37,635,1792.0,635,1792.0
354,13,11,38,663,1354.0,663,1354.0
355,16,10,62,726,1826.0,726,1826.0
356,22,23,22,1149,2086.0,1149,2086.0
357,18,6,36,1040,1453.0,1040,1453.0
358,17,12,35,713,1920.0,713,1920.0
359,30,19,46,726,1208.0,726,1208.0
360,12,24,43,935,2356.0,935,2356.0
361,27,23,45,899,1722.0,899,1722.0
362,28,15,72,861,1705.0,861,1705.0
363,27,1,26,594,1948.0,594,1948.0
364,13,9,43,806,1738.0,806,1738.0
365,8,3,44,664,1814.0,664,1814.0
366,10,18,65,874,1620.0,874,1620.0
367,27,6,31,756,1901.0,756,1901.0
368,11,8,23,1091,2359.0,1091,2359.0
369,4,5,22,872,2178.0,872,2178.0
370,26,2,61,664,1540.0,664,1540.0
371,18,29,17,934,1661.0,934,1661.0
372,7,14,22,623,2108.0,623,2108.0
373,4,6,46,873,2097.0,873,2097.0
374,28,7,44,600,1364.0,600,1364.0
375,23,1,58,919,2152.0,919,2152.0
376,19,24,38,846,1899.0,846,1899.0
377,22,26,46,809,1495.0,809,1495.0
378,14,29,51,759,1612.0,759,1612.0
379,6,14,28,854,2044.0,854,2044.0
380,25,23,70,661,1629.0,661,1629.0
381,21,30,32,832,1968.0,832,1968.0
382,8,1,31,912,2062.0,912,2062.0
383,13,12,34,886,2368.0,886,2368.0
384,4,11,72,816,1873.0,816,1873.0
385,14,2,58,909,1852.0,909,1852.0
386,5,30,57,963,1669.0,963,1669.0
387,6,27,52,627,1629.0,627,1629.0
388,5,7,26,683,1727.0,683,1727.0
389,27,29,71,641,1768.0,641,1768.0
390,27,14,45,633,1861.0,633,1861.0
391,22,25,26,777,1546.0,777,1546.0
392,19,4,32,1168,2560.0,1168,2560.0
393,26,7,49,834,1450.0,834,1450.0
394,2,30,62,807,1876.0,807,1876.0
395,21,17,32,574,1375.0,574,1375.0
396,26,1,61,722,1482.0,722,1482.0
397,30,3,71,785,1521.0,785,1521.0
398,2,16,62,604,1645.0,604,1645.0
399,16,8,68,685,1622.0,685,1622.0
horizon=540
