NODES,20
1,1,-,-
2,2,-,-
3,3,-,-
4,4,-,-
5,5,-,-
6,6,-,-
7,7,-,-
8,8,-,-
9,9,-,-
10,10,-,-
11,11,-,-
12,12,-,-
13,13,-,-
14,14,-,-
15,15,-,-
16,16,-,-
17,17,-,-
18,18,-,-
19,19,-,-
20,20,-,-
ARCS,228
0,1,5,6,905,638,55,1646,1646.0
1,1,16,6,856,501,52,1557,1557.0
2,1,14,1,367,855,23,668,668.0
3,1,15,6,2420,244,147,4400,4400.0
4,1,4,5,1174,249,72,2135,2135.0
5,1,19,2,2029,867,123,3690,3690.0
6,1,3,2,1149,722,70,2090,2090.0
7,1,12,1,1296,218,79,2357,2357.0
8,1,11,2,318,638,20,579,579.0
9,1,9,5,1907,767,116,3468,3468.0
10,1,13,1,1907,552,116,3468,3468.0
11,2,6,8,880,533,54,1600,1600.0
12,2,5,2,1345,177,82,2446,2446.0
13,2,8,1,1491,445,91,2711,2711.0
14,2,3,9,2151,552,131,3911,3911.0
15,2,4,6,709,557,43,1290,1290.0
16,2,19,8,440,808,27,800,800.0
17,2,12,5,807,787,49,1468,1468.0
18,2,15,9,1785,363,109,3246,3246.0
19,2,20,4,1100,725,67,2000,2000.0
20,2,16,9,1198,613,73,2179,2179.0
21,2,13,9,1467,401,89,2668,2668.0
22,3,18,5,831,471,51,1511,1511.0
23,3,11,9,538,309,33,979,979.0
24,3,10,4,1834,408,112,3335,3335.0
25,3,6,9,392,424,24,713,713.0
26,3,7,5,1320,414,80,2400,2400.0
27,3,1,4,1369,617,83,2490,2490.0
28,3,16,2,343,356,21,624,624.0
29,3,4,6,245,729,15,446,446.0
30,3,5,3,538,500,33,979,979.0
31,4,3,8,343,792,21,624,624.0
32,4,9,2,1907,559,116,3468,3468.0
33,4,11,2,1491,780,91,2711,2711.0
34,4,5,6,294,580,18,535,535.0
35,4,12,4,1247,508,76,2268,2268.0
36,4,17,9,1369,340,83,2490,2490.0
37,4,8,7,734,400,45,1335,1335.0
38,4,18,3,1491,636,91,2711,2711.0
39,4,2,2,2176,760,132,3957,3957.0
40,4,14,2,367,671,23,668,668.0
41,4,6,8,1027,855,63,1868,1868.0
42,4,19,4,2298,690,140,4179,4179.0
43,5,1,7,1198,419,73,2179,2179.0
44,5,20,3,1760,816,107,3200,3200.0
45,5,11,7,2200,587,134,4000,4000.0
46,5,18,4,880,265,54,1600,1600.0
47,5,10,4,1638,599,100,2979,2979.0
48,5,4,4,1418,260,86,2579,2579.0
49,5,6,9,1956,179,119,3557,3557.0
50,5,16,4,929,528,57,1690,1690.0
51,5,12,6,563,626,35,1024,1024.0
52,5,2,6,2200,596,134,4000,4000.0
53,6,8,8,2322,457,141,4222,4222.0
54,6,17,1,1931,477,118,3511,3511.0
55,6,20,5,2396,757,146,4357,4357.0
56,6,9,4,440,209,27,800,800.0
57,6,12,3,367,235,23,668,668.0
58,6,13,1,1638,836,100,2979,2979.0
59,6,7,6,318,855,20,579,579.0
60,6,11,4,416,741,26,757,757.0
61,7,2,4,2273,694,138,4133,4133.0
62,7,13,3,1100,424,67,2000,2000.0
63,7,3,9,1589,850,97,2890,2890.0
64,7,1,2,1760,871,107,3200,3200.0
65,7,20,5,1100,708,67,2000,2000.0
66,7,9,3,1882,428,115,3422,3422.0
67,7,17,8,343,720,21,624,624.0
68,7,11,7,1760,802,107,3200,3200.0
69,7,10,4,440,382,27,800,800.0
70,8,3,7,1100,471,67,2000,2000.0
71,8,18,9,685,400,42,1246,1246.0
72,8,1,9,2054,631,125,3735,3735.0
73,8,6,4,1980,612,120,3600,3600.0
74,8,12,6,1760,694,107,3200,3200.0
75,8,4,8,294,291,18,535,535.0
76,8,16,3,440,226,27,800,800.0
77,8,19,9,1076,478,66,1957,1957.0
78,8,17,5,489,298,30,890,890.0
79,9,4,5,1980,676,120,3600,3600.0
80,9,10,6,1711,356,104,3111,3111.0
81,9,19,6,954,713,58,1735,1735.0
82,9,8,3,1638,764,100,2979,2979.0
83,9,16,6,1760,813,107,3200,3200.0
84,9,18,6,392,857,24,713,713.0
85,9,7,7,954,622,58,1735,1735.0
86,9,11,1,2347,372,143,4268,4268.0
87,9,2,3,2249,468,137,4090,4090.0
88,9,15,3,612,384,38,1113,1113.0
89,9,13,7,367,731,23,668,668.0
90,9,6,1,660,718,40,1200,1200.0
91,9,3,3,2200,515,134,4000,4000.0
92,9,5,2,1589,372,97,2890,2890.0
93,9,20,2,1100,857,67,2000,2000.0
94,10,14,3,1223,685,75,2224,2224.0
95,10,6,1,783,370,48,1424,1424.0
96,10,5,7,1711,827,104,3111,3111.0
97,10,13,1,563,428,35,1024,1024.0
98,10,12,8,1956,517,119,3557,3557.0
99,10,2,8,734,207,45,1335,1335.0
100,10,8,3,2005,326,122,3646,3646.0
101,10,11,2,880,449,54,1600,1600.0
102,10,19,8,294,494,18,535,535.0
103,10,17,6,1027,687,63,1868,1868.0
104,10,18,7,489,517,30,890,890.0
105,10,15,3,1076,596,66,1957,1957.0
106,10,3,4,1369,734,83,2490,2490.0
107,10,4,4,1834,773,112,3335,3335.0
108,11,5,5,1589,274,97,2890,2890.0
109,11,14,2,1956,333,119,3557,3557.0
110,11,6,1,294,529,18,535,535.0
111,11,15,4,2225,433,135,4046,4046.0
112,11,20,9,1491,258,91,2711,2711.0
113,11,19,3,392,710,24,713,713.0
114,11,12,7,709,414,43,1290,1290.0
115,11,1,4,1931,307,118,3511,3511.0
116,11,4,3,1785,748,109,3246,3246.0
117,11,8,5,1051,503,64,1911,1911.0
118,11,10,7,1736,794,106,3157,3157.0
119,11,7,3,2322,176,141,4222,4222.0
120,11,18,8,294,305,18,535,535.0
121,11,9,2,245,333,15,446,446.0
122,12,5,4,954,403,58,1735,1735.0
123,12,16,4,929,762,57,1690,1690.0
124,12,1,4,1638,431,100,2979,2979.0
125,12,8,4,1320,410,80,2400,2400.0
126,12,6,7,1980,429,120,3600,3600.0
127,12,10,2,856,422,52,1557,1557.0
128,12,18,1,978,207,60,1779,1779.0
129,12,15,6,1516,386,92,2757,2757.0
130,12,9,7,1662,767,101,3022,3022.0
131,12,20,6,2078,470,126,3779,3779.0
132,12,4,3,831,221,51,1511,1511.0
133,12,17,6,1638,459,100,2979,2979.0
134,12,13,9,1662,715,101,3022,3022.0
135,12,7,9,1980,613,120,3600,3600.0
136,12,14,9,2249,522,137,4090,4090.0
137,12,2,7,1223,193,75,2224,2224.0
138,12,19,1,1662,655,101,3022,3022.0
139,12,11,8,1174,256,72,2135,2135.0
140,13,1,8,636,696,39,1157,1157.0
141,13,5,6,1882,795,115,3422,3422.0
142,13,15,2,2225,648,135,4046,4046.0
143,13,6,3,1345,732,82,2446,2446.0
144,13,12,3,660,627,40,1200,1200.0
145,13,9,4,929,543,57,1690,1690.0
146,13,2,4,1931,837,118,3511,3511.0
147,14,16,2,2322,492,141,4222,4222.0
148,14,12,6,1051,228,64,1911,1911.0
149,14,13,3,1394,223,85,2535,2535.0
150,14,1,2,1882,253,115,3422,3422.0
151,14,7,1,783,806,48,1424,1424.0
152,14,4,8,245,435,15,446,446.0
153,14,20,6,1320,802,80,2400,2400.0
154,14,6,9,294,214,18,535,535.0
155,14,17,5,636,718,39,1157,1157.0
156,14,10,3,1491,267,91,2711,2711.0
157,14,18,8,1320,617,80,2400,2400.0
158,14,15,6,1834,780,112,3335,3335.0
159,15,14,6,2249,584,137,4090,4090.0
160,15,11,3,1467,288,89,2668,2668.0
161,15,7,3,1174,321,72,2135,2135.0
162,15,9,1,1565,640,95,2846,2846.0
163,15,10,3,1491,489,91,2711,2711.0
164,15,16,9,1736,769,106,3157,3157.0
165,15,4,2,269,631,17,490,490.0
166,15,1,9,660,205,40,1200,1200.0
167,15,13,3,1662,382,101,3022,3022.0
168,15,12,4,1687,561,103,3068,3068.0
169,16,18,1,2102,570,128,3822,3822.0
170,16,19,9,514,671,32,935,935.0
171,16,13,9,2396,559,146,4357,4357.0
172,16,9,4,2127,612,129,3868,3868.0
173,16,20,3,2225,816,135,4046,4046.0
174,16,12,1,2371,484,144,4311,4311.0
175,16,10,7,538,549,33,979,979.0
176,16,11,1,1467,345,89,2668,2668.0
177,16,2,4,783,524,48,1424,1424.0
178,16,6,8,2127,225,129,3868,3868.0
179,16,7,6,245,275,15,446,446.0
180,16,17,5,416,207,26,757,757.0
181,17,10,1,734,543,45,1335,1335.0
182,17,12,5,1076,703,66,1957,1957.0
183,17,16,7,2176,298,132,3957,3957.0
184,17,11,4,1589,498,97,2890,2890.0
185,17,15,6,392,394,24,713,713.0
186,17,2,2,1345,650,82,2446,2446.0
187,17,13,9,783,745,48,1424,1424.0
188,17,7,8,905,841,55,1646,1646.0
189,17,20,2,1369,767,83,2490,2490.0
190,17,9,7,1345,704,82,2446,2446.0
191,17,8,5,1467,321,89,2668,2668.0
192,17,18,6,2371,508,144,4311,4311.0
193,17,5,4,1174,848,72,2135,2135.0
194,18,13,2,978,554,60,1779,1779.0
195,18,16,3,1394,431,85,2535,2535.0
196,18,12,2,2029,528,123,3690,3690.0
197,18,15,9,245,858,15,446,446.0
198,18,8,7,245,682,15,446,446.0
199,18,20,2,1320,508,80,2400,2400.0
200,18,17,2,856,214,52,1557,1557.0
201,18,19,3,318,605,20,579,579.0
202,18,3,2,440,836,27,800,800.0
203,19,7,2,1907,235,116,3468,3468.0
204,19,3,3,2151,323,131,3911,3911.0
205,19,12,2,1296,815,79,2357,2357.0
206,19,6,6,1027,874,63,1868,1868.0
207,19,20,4,2371,184,144,4311,4311.0
208,19,15,6,1516,204,92,2757,2757.0
209,19,5,7,1516,627,92,2757,2757.0
210,19,8,3,2200,396,134,4000,4000.0
211,19,14,6,1320,634,80,2400,2400.0
212,19,2,2,1345,361,82,2446,2446.0
213,20,16,7,440,797,27,800,800.0
214,20,19,1,1760,270,107,3200,3200.0
215,20,7,8,1076,181,66,1957,1957.0
216,20,3,5,758,359,46,1379,1379.0
217,20,4,3,1467,454,89,2668,2668.0
218,20,1,9,294,436,18,535,535.0
219,20,15,5,1687,529,103,3068,3068.0
220,20,18,4,807,825,49,1468,1468.0
221,20,17,6,2249,379,137,4090,4090.0
222,20,10,3,1907,482,116,3468,3468.0
223,20,13,9,1442,461,88,2622,2622.0
224,20,8,5,1003,550,61,1824,1824.0
225,20,11,1,1198,820,73,2179,2179.0
226,20,2,2,1003,438,61,1824,1824.0
227,20,14,2,2396,533,146,4357,4357.0
COMMODITIES,200
0,9,1,58,51,148,1502,4458.0
1,12,4,38,62,144,1851,4333.0
2,3,9,55,79,155,2348,4663.0
3,13,15,56,57,177,1696,5329.0
4,16,17,34,70,138,2089,4140.0
5,18,11,35,64,154,1905,4646.0
6,7,14,47,48,165,1422,4965.0
7,3,14,17,58,126,1725,3788.0
8,2,20,27,52,144,1533,4340.0
9,3,11,60,70,134,2082,4041.0
10,16,3,54,72,182,2134,5484.0
11,12,3,74,58,161,1738,4834.0
12,19,4,18,51,179,1513,5397.0
13,10,9,59,60,166,1797,5009.0
14,3,8,25,72,160,2148,4804.0
15,12,9,46,61,183,1809,5504.0
16,8,17,72,57,115,1706,3468.0
17,15,20,52,71,218,2126,6565.0
18,7,15,64,59,146,1751,4403.0
19,1,14,34,55,105,1636,3155.0
20,10,1,42,63,156,1882,4697.0
21,6,3,49,79,174,2354,5238.0
22,14,10,68,70,166,2091,4987.0
23,2,14,39,49,142,1452,4287.0
24,18,4,26,57,111,1704,3350.0
25,13,7,66,70,195,2094,5858.0
26,6,13,19,64,141,1907,4243.0
27,2,13,30,41,162,1228,4866.0
28,4,18,24,63,168,1884,5053.0
29,9,19,19,64,137,1916,4122.0
30,9,18,34,67,115,1997,3458.0
31,11,8,59,66,130,1978,3929.0
32,8,13,64,64,170,1895,5106.0
33,5,1,53,70,161,2091,4852.0
34,8,7,57,62,131,1837,3942.0
35,8,14,44,60,128,1780,3857.0
36,11,1,56,53,149,1574,4473.0
37,13,19,51,47,158,1389,4747.0
38,18,2,56,71,190,2102,5702.0
39,9,17,60,65,166,1940,5004.0
40,12,19,19,58,156,1739,4700.0
41,9,13,42,55,113,1638,3411.0
42,2,6,45,58,135,1738,4061.0
43,10,20,69,62,197,1831,5920.0
44,12,16,29,85,174,2537,5249.0
45,17,3,68,57,139,1699,4179.0
46,10,13,57,51,127,1503,3815.0
47,17,18,45,66,165,1958,4953.0
48,11,18,16,67,113,1991,3397.0
49,19,6,49,53,152,1581,4562.0
50,6,14,21,53,177,1575,5314.0
51,5,4,45,56,168,1678,5051.0
52,20,4,60,64,156,1915,4691.0
53,18,3,19,42,100,1258,3027.0
54,12,10,20,48,132,1430,3962.0
55,15,14,69,53,121,1561,3630.0
56,1,6,20,55,126,1645,3799.0
57,3,7,63,65,132,1947,3961.0
58,5,14,26,68,204,2031,6131.0
59,4,9,70,71,167,2112,5020.0
60,5,18,34,69,151,2049,4543.0
61,18,5,58,59,137,1767,4136.0
62,11,6,33,78,121,2322,3633.0
63,18,8,23,61,112,1801,3370.0
64,8,11,56,58,161,1730,4832.0
65,3,16,67,77,123,2295,3709.0
66,5,12,25,70,130,2072,3909.0
67,14,15,54,82,177,2434,5316.0
68,18,19,19,71,124,2114,3731.0
69,9,2,40,68,212,2015,6381.0
70,12,13,69,57,170,1691,5118.0
71,6,1,34,66,185,1963,5560.0
72,11,10,16,60,143,1772,4290.0
73,2,16,69,59,169,1743,5077.0
74,19,17,44,77,219,2301,6586.0
75,8,4,19,72,119,2148,3598.0
76,11,16,38,76,166,2266,4983.0
77,6,20,49,83,196,2477,5890.0
78,13,11,72,75,160,2250,4808.0
79,1,15,54,46,118,1351,3569.0
80,16,15,26,54,134,1605,4022.0
81,3,19,57,59,134,1755,4020.0
82,15,1,39,58,138,1731,4148.0
83,15,11,65,64,161,1913,4839.0
84,14,9,53,56,138,1656,4150.0
85,12,1,67,83,217,2474,6527.0
86,13,20,57,82,235,2451,7079.0
87,15,4,27,51,90,1508,2720.0
88,9,6,62,47,121,1391,3636.0
89,12,14,61,56,163,1657,4912.0
90,14,5,51,58,129,1714,3875.0
91,13,1,35,60,124,1794,3744.0
92,16,14,15,67,188,2000,5657.0
93,7,12,23,69,188,2067,5646.0
94,12,20,58,62,228,1843,6868.0
95,3,4,37,70,110,2088,3318.0
96,17,6,62,57,169,1707,5095.0
97,3,12,17,53,128,1589,3852.0
98,17,16,34,73,179,2183,5393.0
99,16,18,66,60,152,1793,4567.0
100,3,17,63,53,126,1566,3788.0
101,19,12,16,62,183,1847,5499.0
102,18,6,32,65,148,1948,4464.0
103,10,5,52,58,164,1737,4929.0
104,8,10,66,57,149,1684,4490.0
105,2,15,31,71,207,2105,6236.0
106,11,19,20,91,148,2715,4441.0
107,11,15,15,57,123,1698,3716.0
108,6,17,27,69,140,2047,4208.0
109,3,20,23,61,188,1821,5648.0
110,9,4,59,70,156,2073,4692.0
111,16,6,61,76,182,2266,5485.0
112,1,10,52,70,181,2084,5448.0
113,15,8,39,59,152,1742,4575.0
114,13,2,34,37,169,1092,5082.0
115,8,19,30,70,156,2094,4684.0
116,20,17,44,78,162,2314,4872.0
117,12,7,59,83,185,2485,5550.0
118,11,5,15,64,157,1911,4718.0
119,3,18,21,60,133,1775,4005.0
120,18,12,40,76,180,2271,5413.0
121,20,19,25,75,171,2234,5131.0
122,6,7,62,65,111,1926,3353.0
123,7,20,28,62,158,1846,4758.0
124,15,3,33,57,129,1682,3893.0
125,11,14,53,73,175,2175,5255.0
126,1,12,61,50,140,1490,4206.0
127,7,8,35,68,165,2030,4964.0
128,3,5,55,65,130,1944,3917.0
129,2,12,38,57,137,1683,4112.0
130,18,13,21,69,158,2053,4743.0
131,2,11,19,56,167,1674,5014.0
132,15,19,40,73,181,2177,5442.0
133,20,1,25,71,113,2103,3406.0
134,7,5,70,74,189,2212,5690.0
135,16,4,71,79,174,2347,5241.0
136,13,12,27,58,133,1716,4010.0
137,9,12,53,58,158,1726,4746.0
138,15,12,20,64,159,1896,4783.0
139,13,18,35,68,168,2012,5045.0
140,6,18,18,54,123,1597,3699.0
141,4,3,22,62,113,1852,3412.0
142,11,3,59,61,135,1830,4050.0
143,4,2,53,70,187,2100,5610.0
144,6,9,67,49,107,1451,3230.0
145,18,9,69,60,165,1795,4951.0
146,8,15,55,65,152,1926,4575.0
147,19,8,54,62,208,1859,6245.0
148,1,20,63,56,187,1673,5629.0
149,4,7,32,61,146,1829,4381.0
150,1,17,26,49,134,1446,4024.0
151,19,5,18,78,192,2323,5777.0
152,18,14,22,61,140,1811,4204.0
153,10,15,38,78,157,2334,4712.0
154,5,15,57,60,166,1800,5004.0
155,10,3,21,71,166,2114,5008.0
156,1,2,37,62,197,1839,5933.0
157,17,1,41,58,148,1736,4451.0
158,1,5,29,60,140,1776,4215.0
159,20,18,46,44,115,1308,3474.0
160,2,1,33,53,171,1588,5146.0
161,9,11,26,74,171,2200,5137.0
162,10,4,49,43,129,1265,3874.0
163,19,1,49,61,214,1821,6422.0
164,3,10,20,53,139,1564,4193.0
165,7,9,33,50,169,1476,5077.0
166,4,1,68,63,182,1882,5476.0
167,10,7,32,80,183,2395,5501.0
168,7,10,54,63,116,1889,3492.0
169,19,20,61,58,227,1739,6810.0
170,19,14,60,63,174,1874,5240.0
171,19,13,36,77,218,2287,6554.0
172,6,11,22,55,115,1650,3462.0
173,6,19,40,51,121,1518,3637.0
174,1,4,32,58,129,1740,3871.0
175,11,7,36,65,131,1924,3938.0
176,20,14,31,61,119,1812,3591.0
177,9,7,36,52,143,1547,4307.0
178,9,15,74,83,158,2476,4767.0
179,1,13,27,69,159,2045,4780.0
180,2,9,31,58,176,1722,5305.0
181,10,18,58,63,120,1863,3604.0
182,4,20,21,50,185,1496,5568.0
183,18,20,15,59,170,1755,5125.0
184,14,12,74,59,127,1765,3824.0
185,15,6,15,65,156,1935,4707.0
186,2,18,36,47,170,1403,5127.0
187,17,9,31,56,172,1665,5173.0
188,4,15,48,68,192,2024,5783.0
189,17,7,22,50,129,1495,3871.0
190,12,8,41,55,163,1625,4899.0
191,11,13,15,71,140,2103,4210.0
192,10,14,67,65,172,1937,5161.0
193,20,3,72,72,148,2143,4453.0
194,5,19,63,80,178,2384,5368.0
195,7,17,35,80,129,2390,3885.0
196,12,17,30,60,162,1786,4860.0
197,15,9,42,78,177,2331,5317.0
198,15,17,48,52,162,1546,4863.0
199,13,10,48,65,187,1940,5613.0
horizon=235
