NODES,20
1,1,-,-
2,2,-,-
3,3,-,-
4,4,-,-
5,5,-,-
6,6,-,-
7,7,-,-
8,8,-,-
9,9,-,-
10,10,-,-
11,11,-,-
12,12,-,-
13,13,-,-
14,14,-,-
15,15,-,-
16,16,-,-
17,17,-,-
18,18,-,-
19,19,-,-
20,20,-,-
ARCS,228
0,1,5,6,905,638,55,1646,1646.0
1,1,16,6,856,501,52,1557,1557.0
2,1,14,1,367,855,23,668,668.0
3,1,15,6,2420,244,147,4400,4400.0
4,1,4,5,1174,249,72,2135,2135.0
5,1,19,2,2029,867,123,3690,3690.0
6,1,3,2,1149,722,70,2090,2090.0
7,1,12,1,1296,218,79,2357,2357.0
8,1,11,2,318,638,20,579,579.0
9,1,9,5,1907,767,116,3468,3468.0
10,1,13,1,1907,552,116,3468,3468.0
11,2,6,8,880,533,54,1600,1600.0
12,2,5,2,1345,177,82,2446,2446.0
13,2,8,1,1491,445,91,2711,2711.0
14,2,3,9,2151,552,131,3911,3911.0
15,2,4,6,709,557,43,1290,1290.0
16,2,19,8,440,808,27,800,800.0
17,2,12,5,807,787,49,1468,1468.0
18,2,15,9,1785,363,109,3246,3246.0
19,2,20,4,1100,725,67,2000,2000.0
20,2,16,9,1198,613,73,2179,2179.0
21,2,13,9,1467,401,89,2668,2668.0
22,3,18,5,831,471,51,1511,1511.0
23,3,11,9,538,309,33,979,979.0
24,3,10,4,1834,408,112,3335,3335.0
25,3,6,9,392,424,24,713,713.0
26,3,7,5,1320,414,80,2400,2400.0
27,3,1,4,1369,617,83,2490,2490.0
28,3,16,2,343,356,21,624,624.0
29,3,4,6,245,729,15,446,446.0
30,3,5,3,538,500,33,979,979.0
31,4,3,8,343,792,21,624,624.0
32,4,9,2,1907,559,116,3468,3468.0
33,4,11,2,1491,780,91,2711,2711.0
34,4,5,6,294,580,18,535,535.0
35,4,12,4,1247,508,76,2268,2268.0
36,4,17,9,1369,340,83,2490,2490.0
37,4,8,7,734,400,45,1335,1335.0
38,4,18,3,1491,636,91,2711,2711.0
39,4,2,2,2176,760,132,3957,3957.0
40,4,14,2,367,671,23,668,668.0
41,4,6,8,1027,855,63,1868,1868.0
42,4,19,4,2298,690,140,4179,4179.0
43,5,1,7,1198,419,73,2179,2179.0
44,5,20,3,1760,816,107,3200,3200.0
45,5,11,7,2200,587,134,4000,4000.0
46,5,18,4,880,265,54,1600,1600.0
47,5,10,4,1638,599,100,2979,2979.0
48,5,4,4,1418,260,86,2579,2579.0
49,5,6,9,1956,179,119,3557,3557.0
50,5,16,4,929,528,57,1690,1690.0
51,5,12,6,563,626,35,1024,1024.0
52,5,2,6,2200,596,134,4000,4000.0
53,6,8,8,2322,457,141,4222,4222.0
54,6,17,1,1931,477,118,3511,3511.0
55,6,20,5,2396,757,146,4357,4357.0
56,6,9,4,440,209,27,800,800.0
57,6,12,3,367,235,23,668,668.0
58,6,13,1,1638,836,100,2979,2979.0
59,6,7,6,318,855,20,579,579.0
60,6,11,4,416,741,26,757,757.0
61,7,2,4,2273,694,138,4133,4133.0
62,7,13,3,1100,424,67,2000,2000.0
63,7,3,9,1589,850,97,2890,2890.0
64,7,1,2,1760,871,107,3200,3200.0
65,7,20,5,1100,708,67,2000,2000.0
66,7,9,3,1882,428,115,3422,3422.0
67,7,17,8,343,720,21,624,624.0
68,7,11,7,1760,802,107,3200,3200.0
69,7,10,4,440,382,27,800,800.0
70,8,3,7,1100,471,67,2000,2000.0
71,8,18,9,685,400,42,1246,1246.0
72,8,1,9,2054,631,125,3735,3735.0
73,8,6,4,1980,612,120,3600,3600.0
74,8,12,6,1760,694,107,3200,3200.0
75,8,4,8,294,291,18,535,535.0
76,8,16,3,440,226,27,800,800.0
77,8,19,9,1076,478,66,1957,1957.0
78,8,17,5,489,298,30,890,890.0
79,9,4,5,1980,676,120,3600,3600.0
80,9,10,6,1711,356,104,3111,3111.0
81,9,19,6,954,713,58,1735,1735.0
82,9,8,3,1638,764,100,2979,2979.0
83,9,16,6,1760,813,107,3200,3200.0
84,9,18,6,392,857,24,713,713.0
85,9,7,7,954,622,58,1735,1735.0
86,9,11,1,2347,372,143,4268,4268.0
87,9,2,3,2249,468,137,4090,4090.0
88,9,15,3,612,384,38,1113,1113.0
89,9,13,7,367,731,23,668,668.0
90,9,6,1,660,718,40,1200,1200.0
91,9,3,3,2200,515,134,4000,4000.0
92,9,5,2,1589,372,97,2890,2890.0
93,9,20,2,1100,857,67,2000,2000.0
94,10,14,3,1223,685,75,2224,2224.0
95,10,6,1,783,370,48,1424,1424.0
96,10,5,7,1711,827,104,3111,3111.0
97,10,13,1,563,428,35,1024,1024.0
98,10,12,8,1956,517,119,3557,3557.0
99,10,2,8,734,207,45,1335,1335.0
100,10,8,3,2005,326,122,3646,3646.0
101,10,11,2,880,449,54,1600,1600.0
102,10,19,8,294,494,18,535,535.0
103,10,17,6,1027,687,63,1868,1868.0
104,10,18,7,489,517,30,890,890.0
105,10,15,3,1076,596,66,1957,1957.0
106,10,3,4,1369,734,83,2490,2490.0
107,10,4,4,1834,773,112,3335,3335.0
108,11,5,5,1589,274,97,2890,2890.0
109,11,14,2,1956,333,119,3557,3557.0
110,11,6,1,294,529,18,535,535.0
111,11,15,4,2225,433,135,4046,4046.0
112,11,20,9,1491,258,91,2711,2711.0
113,11,19,3,392,710,24,713,713.0
114,11,12,7,709,414,43,1290,1290.0
115,11,1,4,1931,307,118,3511,3511.0
116,11,4,3,1785,748,109,3246,3246.0
117,11,8,5,1051,503,64,1911,1911.0
118,11,10,7,1736,794,106,3157,3157.0
119,11,7,3,2322,176,141,4222,4222.0
120,11,18,8,294,305,18,535,535.0
121,11,9,2,245,333,15,446,446.0
122,12,5,4,954,403,58,1735,1735.0
123,12,16,4,929,762,57,1690,1690.0
124,12,1,4,1638,431,100,2979,2979.0
125,12,8,4,1320,410,80,2400,2400.0
126,12,6,7,1980,429,120,3600,3600.0
127,12,10,2,856,422,52,1557,1557.0
128,12,18,1,978,207,60,1779,1779.0
129,12,15,6,1516,386,92,2757,2757.0
130,12,9,7,1662,767,101,3022,3022.0
131,12,20,6,2078,470,126,3779,3779.0
132,12,4,3,831,221,51,1511,1511.0
133,12,17,6,1638,459,100,2979,2979.0
134,12,13,9,1662,715,101,3022,3022.0
135,12,7,9,1980,613,120,3600,3600.0
136,12,14,9,2249,522,137,4090,4090.0
137,12,2,7,1223,193,75,2224,2224.0
138,12,19,1,1662,655,101,3022,3022.0
139,12,11,8,1174,256,72,2135,2135.0
140,13,1,8,636,696,39,1157,1157.0
141,13,5,6,1882,795,115,3422,3422.0
142,13,15,2,2225,648,135,4046,4046.0
143,13,6,3,1345,732,82,2446,2446.0
144,13,12,3,660,627,40,1200,1200.0
145,13,9,4,929,543,57,1690,1690.0
146,13,2,4,1931,837,118,3511,3511.0
147,14,16,2,2322,492,141,4222,4222.0
148,14,12,6,1051,228,64,1911,1911.0
149,14,13,3,1394,223,85,2535,2535.0
150,14,1,2,1882,253,115,3422,3422.0
151,14,7,1,783,806,48,1424,1424.0
152,14,4,8,245,435,15,446,446.0
153,14,20,6,1320,802,80,2400,2400.0
154,14,6,9,294,214,18,535,535.0
155,14,17,5,636,718,39,1157,1157.0
156,14,10,3,1491,267,91,2711,2711.0
157,14,18,8,1320,617,80,2400,2400.0
158,14,15,6,1834,780,112,3335,3335.0
159,15,14,6,2249,584,137,4090,4090.0
160,15,11,3,1467,288,89,2668,2668.0
161,15,7,3,1174,321,72,2135,2135.0
162,15,9,1,1565,640,95,2846,2846.0
163,15,10,3,1491,489,91,2711,2711.0
164,15,16,9,1736,769,106,3157,3157.0
165,15,4,2,269,631,17,490,490.0
166,15,1,9,660,205,40,1200,1200.0
167,15,13,3,1662,382,101,3022,3022.0
168,15,12,4,1687,561,103,3068,3068.0
169,16,18,1,2102,570,128,3822,3822.0
170,16,19,9,514,671,32,935,935.0
171,16,13,9,2396,559,146,4357,4357.0
172,16,9,4,2127,612,129,3868,3868.0
173,16,20,3,2225,816,135,4046,4046.0
174,16,12,1,2371,484,144,4311,4311.0
175,16,10,7,538,549,33,979,979.0
176,16,11,1,1467,345,89,2668,2668.0
177,16,2,4,783,524,48,1424,1424.0
178,16,6,8,2127,225,129,3868,3868.0
179,16,7,6,245,275,15,446,446.0
180,16,17,5,416,207,26,757,757.0
181,17,10,1,734,543,45,1335,1335.0
182,17,12,5,1076,703,66,1957,1957.0
183,17,16,7,2176,298,132,3957,3957.0
184,17,11,4,1589,498,97,2890,2890.0
185,17,15,6,392,394,24,713,713.0
186,17,2,2,1345,650,82,2446,2446.0
187,17,13,9,783,745,48,1424,1424.0
188,17,7,8,905,841,55,1646,1646.0
189,17,20,2,1369,767,83,2490,2490.0
190,17,9,7,1345,704,82,2446,2446.0
191,17,8,5,1467,321,89,2668,2668.0
192,17,18,6,2371,508,144,4311,4311.0
193,17,5,4,1174,848,72,2135,2135.0
194,18,13,2,978,554,60,1779,1779.0
195,18,16,3,1394,431,85,2535,2535.0
196,18,12,2,2029,528,123,3690,3690.0
197,18,15,9,245,858,15,446,446.0
198,18,8,7,245,682,15,446,446.0
199,18,20,2,1320,508,80,2400,2400.0
200,18,17,2,856,214,52,1557,1557.0
201,18,19,3,318,605,20,579,579.0
202,18,3,2,440,836,27,800,800.0
203,19,7,2,1907,235,116,3468,3468.0
204,19,3,3,2151,323,131,3911,3911.0
205,19,12,2,1296,815,79,2357,2357.0
206,19,6,6,1027,874,63,1868,1868.0
207,19,20,4,2371,184,144,4311,4311.0
208,19,15,6,1516,204,92,2757,2757.0
209,19,5,7,1516,627,92,2757,2757.0
210,19,8,3,2200,396,134,4000,4000.0
211,19,14,6,1320,634,80,2400,2400.0
212,19,2,2,1345,361,82,2446,2446.0
213,20,16,7,440,797,27,800,800.0
214,20,19,1,1760,270,107,3200,3200.0
215,20,7,8,1076,181,66,1957,1957.0
216,20,3,5,758,359,46,1379,1379.0
217,20,4,3,1467,454,89,2668,2668.0
218,20,1,9,294,436,18,535,535.0
219,20,15,5,1687,529,103,3068,3068.0
220,20,18,4,807,825,49,1468,1468.0
221,20,17,6,2249,379,137,4090,4090.0
222,20,10,3,1907,482,116,3468,3468.0
223,20,13,9,1442,461,88,2622,2622.0
224,20,8,5,1003,550,61,1824,1824.0
225,20,11,1,1198,820,73,2179,2179.0
226,20,2,2,1003,438,61,1824,1824.0
227,20,14,2,2396,533,146,4357,4357.0
COMMODITIES,200
0,9,1,58,51,124,1512,3736.0
1,12,4,38,68,131,2026,3940.0
2,3,9,55,79,139,2354,4176.0
3,13,15,56,48,154,1411,4623.0
4,16,17,34,71,110,2120,3309.0
5,18,11,35,50,120,1479,3614.0
6,7,14,47,73,170,2180,5110.0
7,3,14,17,53,107,1585,3214.0
8,2,20,27,72,150,2136,4529.0
9,3,11,60,64,116,1909,3482.0
10,16,3,54,62,160,1839,4813.0
11,12,3,74,58,147,1738,4429.0
12,19,4,18,62,170,1854,5101.0
13,10,9,59,56,139,1651,4196.0
14,3,8,25,64,143,1920,4302.0
15,12,9,46,73,173,2181,5216.0
16,8,17,72,52,101,1544,3051.0
17,15,20,52,62,192,1852,5777.0
18,7,15,64,53,112,1582,3367.0
19,1,14,34,54,83,1597,2499.0
20,10,1,42,76,163,2256,4891.0
21,6,3,49,71,155,2114,4676.0
22,14,10,68,50,130,1485,3920.0
23,2,14,39,64,145,1893,4355.0
24,18,4,26,77,124,2293,3735.0
25,13,7,66,74,182,2212,5484.0
26,6,13,19,81,144,2427,4335.0
27,2,13,30,76,182,2277,5465.0
28,4,18,24,65,150,1923,4500.0
29,9,19,19,68,125,2030,3777.0
30,9,18,34,52,94,1545,2824.0
31,11,8,59,72,120,2145,3614.0
32,8,13,64,87,181,2604,5453.0
33,5,1,53,60,142,1800,4280.0
34,8,7,57,81,137,2409,4113.0
35,8,14,44,54,108,1614,3245.0
36,11,1,56,47,134,1382,4021.0
37,13,19,51,58,155,1715,4663.0
38,18,2,56,54,159,1597,4781.0
39,9,17,60,61,145,1825,4376.0
40,12,19,19,48,133,1437,3992.0
41,9,13,42,55,96,1629,2895.0
42,2,6,45,62,130,1842,3919.0
43,10,20,69,74,199,2203,5974.0
44,12,16,29,56,125,1669,3772.0
45,17,3,68,61,136,1803,4109.0
46,10,13,57,76,127,2257,3814.0
47,17,18,45,81,171,2415,5137.0
48,11,18,16,71,102,2108,3083.0
49,19,6,49,59,138,1762,4149.0
50,6,14,21,61,168,1826,5042.0
51,5,4,45,75,174,2222,5225.0
52,20,4,60,77,152,2301,4565.0
53,18,3,19,61,106,1822,3198.0
54,12,10,20,61,128,1813,3868.0
55,15,14,69,57,107,1688,3233.0
56,1,6,20,70,126,2098,3802.0
57,3,7,63,62,115,1851,3477.0
58,5,14,26,65,173,1937,5196.0
59,4,9,70,48,129,1417,3870.0
60,5,18,34,47,112,1404,3367.0
61,18,5,58,59,120,1744,3623.0
62,11,6,33,59,91,1761,2758.0
63,18,8,23,61,90,1828,2729.0
64,8,11,56,62,149,1840,4473.0
65,3,16,67,69,108,2047,3250.0
66,5,12,25,64,105,1907,3167.0
67,14,15,54,69,147,2065,4435.0
68,18,19,19,74,105,2211,3166.0
69,9,2,40,58,187,1717,5611.0
70,12,13,69,66,166,1972,4995.0
71,6,1,34,57,158,1700,4749.0
72,11,10,16,61,138,1828,4164.0
73,2,16,69,71,158,2117,4768.0
74,19,17,44,75,195,2250,5854.0
75,8,4,19,60,92,1793,2778.0
76,11,16,38,67,139,2009,4173.0
77,6,20,49,60,159,1797,4782.0
78,13,11,72,69,145,2055,4356.0
79,1,15,54,67,134,1998,4024.0
80,16,15,26,79,143,2364,4297.0
81,3,19,57,73,142,2162,4281.0
82,15,1,39,66,124,1971,3729.0
83,15,11,65,68,141,2020,4259.0
84,14,9,53,62,123,1852,3697.0
85,12,1,67,75,187,2249,5620.0
86,13,20,57,76,216,2257,6494.0
87,15,4,27,69,100,2042,3015.0
88,9,6,62,92,147,2735,4414.0
89,12,14,61,75,167,2242,5035.0
90,14,5,51,58,107,1732,3215.0
91,13,1,35,73,122,2171,3689.0
92,16,14,15,66,167,1951,5038.0
93,7,12,23,48,149,1435,4484.0
94,12,20,58,73,210,2176,6309.0
95,3,4,37,65,93,1923,2811.0
96,17,6,62,64,159,1916,4771.0
97,3,12,17,75,135,2234,4067.0
98,17,16,34,76,171,2279,5154.0
99,16,18,66,78,159,2319,4793.0
100,3,17,63,63,128,1889,3844.0
101,19,12,16,53,149,1580,4473.0
102,18,6,32,59,126,1760,3782.0
103,10,5,52,51,144,1503,4329.0
104,8,10,66,55,127,1632,3834.0
105,2,15,31,68,189,2012,5675.0
106,11,19,20,63,101,1863,3059.0
107,11,15,15,52,102,1546,3061.0
108,6,17,27,65,118,1932,3563.0
109,3,20,23,75,187,2239,5636.0
110,9,4,59,54,122,1604,3680.0
111,16,6,61,61,154,1804,4637.0
112,1,10,52,72,168,2138,5052.0
113,15,8,39,68,143,2029,4317.0
114,13,2,34,41,175,1206,5276.0
115,8,19,30,61,134,1801,4046.0
116,20,17,44,64,128,1915,3865.0
117,12,7,59,76,161,2273,4853.0
118,11,5,15,60,142,1786,4263.0
119,3,18,21,62,129,1856,3873.0
120,18,12,40,78,171,2330,5141.0
121,20,19,25,94,168,2805,5069.0
122,6,7,62,51,87,1512,2614.0
123,7,20,28,62,142,1855,4268.0
124,15,3,33,35,87,1037,2621.0
125,11,14,53,52,134,1536,4030.0
126,1,12,61,43,116,1261,3509.0
127,7,8,35,45,131,1339,3938.0
128,3,5,55,56,107,1670,3214.0
129,2,12,38,67,127,1993,3834.0
130,18,13,21,63,131,1864,3931.0
131,2,11,19,71,165,2112,4965.0
132,15,19,40,52,148,1548,4458.0
133,20,1,25,49,79,1462,2372.0
134,7,5,70,71,163,2107,4891.0
135,16,4,71,48,131,1421,3940.0
136,13,12,27,91,147,2718,4421.0
137,9,12,53,62,135,1832,4051.0
138,15,12,20,56,140,1669,4216.0
139,13,18,35,55,141,1622,4231.0
140,6,18,18,64,125,1900,3764.0
141,4,3,22,58,90,1727,2723.0
142,11,3,59,71,131,2109,3935.0
143,4,2,53,57,162,1698,4861.0
144,6,9,67,50,90,1473,2718.0
145,18,9,69,70,160,2096,4804.0
146,8,15,55,59,126,1744,3790.0
147,19,8,54,57,188,1695,5658.0
148,1,20,63,64,180,1895,5423.0
149,4,7,32,70,141,2074,4254.0
150,1,17,26,68,146,2036,4397.0
151,19,5,18,66,171,1964,5143.0
152,18,14,22,45,112,1327,3360.0
153,10,15,38,64,122,1920,3669.0
154,5,15,57,57,145,1691,4361.0
155,10,3,21,47,121,1405,3653.0
156,1,2,37,82,199,2435,5977.0
157,17,1,41,67,147,1992,4417.0
158,1,5,29,56,127,1669,3834.0
159,20,18,46,61,129,1828,3889.0
160,2,1,33,80,182,2378,5488.0
161,9,11,26,69,150,2069,4513.0
162,10,4,49,54,129,1606,3875.0
163,19,1,49,68,212,2040,6373.0
164,3,10,20,76,146,2274,4407.0
165,7,9,33,79,189,2351,5699.0
166,4,1,68,59,164,1758,4947.0
167,10,7,32,56,139,1660,4196.0
168,7,10,54,64,111,1894,3347.0
169,19,20,61,80,238,2372,7141.0
170,19,14,60,60,157,1783,4720.0
171,19,13,36,43,169,1279,5082.0
172,6,11,22,42,83,1244,2499.0
173,6,19,40,69,134,2052,4047.0
174,1,4,32,62,118,1851,3542.0
175,11,7,36,59,111,1746,3332.0
176,20,14,31,52,107,1546,3226.0
177,9,7,36,63,137,1868,4138.0
178,9,15,74,67,120,2008,3603.0
179,1,13,27,50,122,1489,3681.0
180,2,9,31,38,132,1136,3984.0
181,10,18,58,50,98,1494,2941.0
182,4,20,21,60,175,1774,5271.0
183,18,20,15,75,175,2247,5259.0
184,14,12,74,49,105,1450,3172.0
185,15,6,15,88,162,2616,4871.0
186,2,18,36,52,163,1551,4918.0
187,17,9,31,58,153,1728,4612.0
188,4,15,48,82,179,2443,5395.0
189,17,7,22,69,138,2062,4157.0
190,12,8,41,73,167,2163,5013.0
191,11,13,15,77,132,2283,3988.0
192,10,14,67,58,143,1712,4309.0
193,20,3,72,93,159,2784,4774.0
194,5,19,63,56,143,1663,4310.0
195,7,17,35,57,93,1706,2819.0
196,12,17,30,55,149,1636,4487.0
197,15,9,42,77,168,2307,5066.0
198,15,17,48,57,151,1692,4552.0
199,13,10,48,75,185,2228,5571.0
horizon=238
