NODES,20
1,1,-,-
2,2,-,-
3,3,-,-
4,4,-,-
5,5,-,-
6,6,-,-
7,7,-,-
8,8,-,-
9,9,-,-
10,10,-,-
11,11,-,-
12,12,-,-
13,13,-,-
14,14,-,-
15,15,-,-
16,16,-,-
17,17,-,-
18,18,-,-
19,19,-,-
20,20,-,-
ARCS,230
0,1,10,9,1546,825,94,2811,2811.0
1,1,20,4,2842,218,173,5168,5168.0
2,1,7,8,4936,874,300,8975,8975.0
3,1,19,5,4438,254,269,8070,8070.0
4,1,5,8,3141,203,191,5711,5711.0
5,1,11,1,599,749,37,1090,1090.0
6,1,16,3,2443,319,149,4442,4442.0
7,1,17,3,4139,512,251,7526,7526.0
8,1,8,6,649,449,40,1180,1180.0
9,1,9,2,4338,786,263,7888,7888.0
10,1,4,9,2992,721,182,5440,5440.0
11,1,13,8,1297,699,79,2359,2359.0
12,1,15,7,3092,885,188,5622,5622.0
13,2,17,7,1895,269,115,3446,3446.0
14,2,18,3,1546,790,94,2811,2811.0
15,2,16,8,599,749,37,1090,1090.0
16,2,15,2,848,209,52,1542,1542.0
17,2,8,7,2194,885,133,3990,3990.0
18,2,7,6,4188,282,254,7615,7615.0
19,2,5,9,2394,308,146,4353,4353.0
20,2,1,9,1047,885,64,1904,1904.0
21,2,13,3,499,283,31,908,908.0
22,2,9,3,2543,228,155,4624,4624.0
23,2,10,7,1297,226,79,2359,2359.0
24,2,6,6,1097,868,67,1995,1995.0
25,2,3,1,948,928,58,1724,1724.0
26,2,19,7,549,743,34,999,999.0
27,2,20,1,1995,758,121,3628,3628.0
28,2,12,3,4886,203,297,8884,8884.0
29,3,11,9,2244,431,136,4080,4080.0
30,3,16,3,2144,693,130,3899,3899.0
31,3,17,2,3839,287,233,6980,6980.0
32,3,18,8,4886,687,297,8884,8884.0
33,3,14,1,3391,691,206,6166,6166.0
34,3,4,6,1546,484,94,2811,2811.0
35,3,1,9,3191,458,194,5802,5802.0
36,3,13,6,2194,546,133,3990,3990.0
37,3,10,7,1745,669,106,3173,3173.0
38,4,18,9,1745,630,106,3173,3173.0
39,4,7,7,3740,256,227,6800,6800.0
40,4,14,9,2743,885,167,4988,4988.0
41,4,19,6,3441,916,209,6257,6257.0
42,4,10,6,2294,820,140,4171,4171.0
43,4,8,5,1396,626,85,2539,2539.0
44,5,3,1,4188,228,254,7615,7615.0
45,5,14,6,1845,496,112,3355,3355.0
46,5,8,4,4587,758,278,8340,8340.0
47,5,6,6,2842,887,173,5168,5168.0
48,5,18,2,2244,535,136,4080,4080.0
49,5,10,2,3141,285,191,5711,5711.0
50,5,15,3,2144,403,130,3899,3899.0
51,5,16,9,4737,229,288,8613,8613.0
52,5,11,2,2992,505,182,5440,5440.0
53,5,7,3,4438,909,269,8070,8070.0
54,5,20,1,1795,646,109,3264,3264.0
55,6,11,7,2743,661,167,4988,4988.0
56,6,20,9,1297,295,79,2359,2359.0
57,6,12,1,2842,581,173,5168,5168.0
58,6,13,6,549,524,34,999,999.0
59,6,10,2,3141,581,191,5711,5711.0
60,6,8,1,2693,793,164,4897,4897.0
61,6,2,3,4388,406,266,7979,7979.0
62,6,16,1,3790,259,230,6891,6891.0
63,6,19,9,3989,607,242,7253,7253.0
64,6,18,7,2144,518,130,3899,3899.0
65,6,15,2,4537,516,275,8250,8250.0
66,6,14,6,2045,302,124,3719,3719.0
67,7,20,3,4139,635,251,7526,7526.0
68,7,5,1,2493,909,152,4533,4533.0
69,7,2,8,4637,792,282,8431,8431.0
70,7,1,6,3889,702,236,7071,7071.0
71,7,3,9,599,581,37,1090,1090.0
72,7,11,7,1945,916,118,3537,3537.0
73,7,6,8,2543,864,155,4624,4624.0
74,7,4,8,3141,488,191,5711,5711.0
75,7,9,1,1646,256,100,2993,2993.0
76,7,13,6,4886,302,297,8884,8884.0
77,8,1,6,1596,408,97,2902,2902.0
78,8,17,5,4587,725,278,8340,8340.0
79,8,4,6,1895,609,115,3446,3446.0
80,8,10,6,1496,561,91,2720,2720.0
81,8,2,5,1795,336,109,3264,3264.0
82,8,7,6,1197,229,73,2177,2177.0
83,8,15,1,3590,810,218,6528,6528.0
84,8,6,3,3839,568,233,6980,6980.0
85,8,12,7,4637,632,282,8431,8431.0
86,9,14,6,2992,246,182,5440,5440.0
87,9,20,7,2144,300,130,3899,3899.0
88,9,10,7,948,769,58,1724,1724.0
89,9,17,8,3291,596,200,5984,5984.0
90,9,5,6,2593,373,158,4715,4715.0
91,9,15,1,2094,909,127,3808,3808.0
92,9,11,6,1995,196,121,3628,3628.0
93,9,1,1,3640,555,221,6619,6619.0
94,9,8,2,1396,786,85,2539,2539.0
95,9,7,4,3939,868,239,7162,7162.0
96,9,19,3,3790,654,230,6891,6891.0
97,9,6,5,1147,203,70,2086,2086.0
98,10,3,5,1147,516,70,2086,2086.0
99,10,5,4,1895,434,115,3446,3446.0
100,10,13,5,3790,900,230,6891,6891.0
101,10,20,8,998,782,61,1815,1815.0
102,10,9,7,549,494,34,999,999.0
103,10,12,9,4637,207,282,8431,8431.0
104,10,14,1,2593,665,158,4715,4715.0
105,10,4,4,1396,706,85,2539,2539.0
106,10,6,6,1745,360,106,3173,3173.0
107,11,8,1,898,868,55,1633,1633.0
108,11,4,5,3092,879,188,5622,5622.0
109,11,7,7,2942,758,179,5350,5350.0
110,11,13,3,3790,401,230,6891,6891.0
111,11,20,6,898,922,55,1633,1633.0
112,11,19,6,4587,544,278,8340,8340.0
113,11,3,9,3490,821,212,6346,6346.0
114,11,16,2,4886,812,297,8884,8884.0
115,11,12,4,2443,896,149,4442,4442.0
116,11,9,9,1596,827,97,2902,2902.0
117,11,2,3,649,507,40,1180,1180.0
118,12,9,5,4338,196,263,7888,7888.0
119,12,20,2,3441,447,209,6257,6257.0
120,12,6,6,1546,881,94,2811,2811.0
121,12,13,6,1197,404,73,2177,2177.0
122,12,17,3,2094,758,127,3808,3808.0
123,12,10,9,4687,326,285,8522,8522.0
124,12,11,7,4338,440,263,7888,7888.0
125,12,18,7,3191,324,194,5802,5802.0
126,12,2,5,2892,821,176,5259,5259.0
127,12,15,3,3490,555,212,6346,6346.0
128,12,8,7,798,431,49,1451,1451.0
129,12,7,2,748,431,46,1360,1360.0
130,12,4,3,3989,218,242,7253,7253.0
131,13,5,7,1396,425,85,2539,2539.0
132,13,8,9,2543,224,155,4624,4624.0
133,13,9,2,4188,393,254,7615,7615.0
134,13,6,4,2144,877,130,3899,3899.0
135,13,11,9,3291,483,200,5984,5984.0
136,13,3,8,3241,306,197,5893,5893.0
137,13,1,9,3391,842,206,6166,6166.0
138,13,17,4,1696,568,103,3084,3084.0
139,13,16,1,2194,449,133,3990,3990.0
140,13,12,6,1995,460,121,3628,3628.0
141,14,6,1,1347,708,82,2450,2450.0
142,14,9,3,3341,617,203,6075,6075.0
143,14,10,6,3690,295,224,6710,6710.0
144,14,4,9,1496,563,91,2720,2720.0
145,14,5,8,3341,486,203,6075,6075.0
146,14,20,7,3989,352,242,7253,7253.0
147,14,15,4,1496,228,91,2720,2720.0
148,14,8,9,1696,820,103,3084,3084.0
149,14,3,3,1845,712,112,3355,3355.0
150,14,2,2,3740,715,227,6800,6800.0
151,14,19,2,4089,550,248,7435,7435.0
152,14,17,4,3740,272,227,6800,6800.0
153,14,16,3,3690,885,224,6710,6710.0
154,14,7,6,4089,520,248,7435,7435.0
155,15,7,3,848,486,52,1542,1542.0
156,15,20,8,4488,414,272,8160,8160.0
157,15,5,3,4089,838,248,7435,7435.0
158,15,2,4,1496,669,91,2720,2720.0
159,15,3,7,1696,583,103,3084,3084.0
160,15,12,7,1496,244,91,2720,2720.0
161,15,8,1,2543,272,155,4624,4624.0
162,15,6,3,2144,498,130,3899,3899.0
163,15,13,4,4587,885,278,8340,8340.0
164,15,10,7,2443,371,149,4442,4442.0
165,15,9,5,4039,501,245,7344,7344.0
166,16,2,8,2194,228,133,3990,3990.0
167,16,9,3,1945,857,118,3537,3537.0
168,16,10,1,1646,336,100,2993,2993.0
169,16,7,9,3391,345,206,6166,6166.0
170,16,3,6,3989,377,242,7253,7253.0
171,16,19,6,1646,529,100,2993,2993.0
172,16,12,8,4837,535,294,8795,8795.0
173,16,6,6,649,369,40,1180,1180.0
174,16,13,7,898,605,55,1633,1633.0
175,16,8,7,2842,779,173,5168,5168.0
176,17,2,4,2443,654,149,4442,4442.0
177,17,8,1,2394,740,146,4353,4353.0
178,17,7,7,2992,881,182,5440,5440.0
179,17,15,7,499,367,31,908,908.0
180,17,11,1,2294,540,140,4171,4171.0
181,17,10,6,1546,740,94,2811,2811.0
182,17,6,3,798,814,49,1451,1451.0
183,17,12,8,2743,228,167,4988,4988.0
184,17,3,5,798,820,49,1451,1451.0
185,17,19,1,3889,758,236,7071,7071.0
186,17,1,7,998,218,61,1815,1815.0
187,17,16,3,1047,911,64,1904,1904.0
188,17,4,6,1396,516,85,2539,2539.0
189,17,18,9,4886,438,297,8884,8884.0
190,18,2,3,948,323,58,1724,1724.0
191,18,6,8,3092,187,188,5622,5622.0
192,18,1,2,4188,209,254,7615,7615.0
193,18,5,1,1845,810,112,3355,3355.0
194,18,17,3,3042,671,185,5531,5531.0
195,18,4,3,4039,488,245,7344,7344.0
196,18,8,7,3989,799,242,7253,7253.0
197,18,16,7,1297,473,79,2359,2359.0
198,18,14,6,4438,615,269,8070,8070.0
199,19,4,5,4637,888,282,8431,8431.0
200,19,8,6,3989,354,242,7253,7253.0
201,19,5,3,4039,319,245,7344,7344.0
202,19,3,2,1247,756,76,2268,2268.0
203,19,17,1,4886,911,297,8884,8884.0
204,19,14,3,3640,397,221,6619,6619.0
205,19,6,3,3191,330,194,5802,5802.0
206,19,11,3,499,879,31,908,908.0
207,19,18,3,3989,492,242,7253,7253.0
208,19,2,5,4936,341,300,8975,8975.0
209,19,20,9,898,391,55,1633,1633.0
210,19,13,3,3740,202,227,6800,6800.0
211,19,10,8,1297,445,79,2359,2359.0
212,19,7,6,1297,479,79,2359,2359.0
213,19,12,8,948,317,58,1724,1724.0
214,19,9,1,2344,315,143,4262,4262.0
215,20,15,7,1945,382,118,3537,3537.0
216,20,18,9,2144,561,130,3899,3899.0
217,20,9,6,4188,369,254,7615,7615.0
218,20,17,5,3441,192,209,6257,6257.0
219,20,2,7,2144,215,130,3899,3899.0
220,20,13,5,2792,237,170,5077,5077.0
221,20,16,2,3092,583,188,5622,5622.0
222,20,19,4,3241,877,197,5893,5893.0
223,20,5,8,1197,738,73,2177,2177.0
224,20,3,2,1845,619,112,3355,3355.0
225,20,6,5,4139,308,251,7526,7526.0
226,20,12,5,3790,334,230,6891,6891.0
227,20,8,9,4886,285,297,8884,8884.0
228,20,11,5,2593,604,158,4715,4715.0
229,20,7,4,599,862,37,1090,1090.0
COMMODITIES,200
0,12,2,33,141,344,4227,10342.0
1,1,15,29,145,309,4350,9291.0
2,9,8,71,143,271,4285,8151.0
3,20,5,24,133,242,3966,7274.0
4,5,4,55,138,383,4131,11490.0
5,20,14,18,141,365,4212,10965.0
6,15,20,52,157,373,4705,11213.0
7,19,5,37,175,328,5232,9861.0
8,8,1,26,147,283,4394,8512.0
9,6,1,24,116,352,3476,10581.0
10,1,2,35,136,244,4078,7323.0
11,17,10,56,143,275,4284,8266.0
12,2,4,32,151,333,4509,10007.0
13,2,19,18,147,210,4387,6328.0
14,17,15,64,153,221,4585,6640.0
15,1,9,29,149,315,4443,9455.0
16,14,9,68,113,358,3370,10755.0
17,12,10,56,131,304,3905,9126.0
18,2,18,55,136,268,4069,8041.0
19,6,13,19,152,225,4535,6752.0
20,11,18,69,124,286,3697,8596.0
21,8,9,17,152,312,4553,9388.0
22,11,20,28,163,247,4887,7411.0
23,15,18,58,155,382,4634,11478.0
24,7,8,51,137,348,4088,10453.0
25,19,15,30,139,290,4157,8702.0
26,13,19,67,134,403,4018,12104.0
27,12,17,42,147,315,4388,9465.0
28,15,5,72,139,381,4164,11431.0
29,20,19,67,144,350,4303,10517.0
30,3,6,46,148,342,4437,10285.0
31,13,9,34,182,442,5444,13265.0
32,18,5,19,136,286,4057,8600.0
33,12,1,25,143,325,4289,9760.0
34,11,3,34,128,260,3811,7811.0
35,10,20,41,102,185,3046,5569.0
36,9,17,63,137,375,4102,11270.0
37,1,6,29,129,305,3844,9154.0
38,4,5,43,138,391,4133,11730.0
39,9,19,19,150,381,4500,11442.0
40,7,15,43,146,390,4364,11724.0
41,9,14,68,135,357,4046,10719.0
42,8,4,49,148,301,4429,9053.0
43,4,12,26,152,439,4534,13195.0
44,19,6,24,139,312,4141,9368.0
45,11,17,45,145,330,4337,9921.0
46,10,6,46,127,258,3801,7758.0
47,4,1,41,129,339,3849,10179.0
48,20,6,18,134,366,4019,11004.0
49,3,4,15,158,291,4739,8745.0
50,2,14,15,137,359,4107,10796.0
51,14,19,53,154,411,4614,12358.0
52,3,9,51,160,336,4786,10101.0
53,12,15,69,147,333,4398,10005.0
54,1,20,28,146,276,4372,8297.0
55,9,4,66,150,327,4479,9838.0
56,12,20,67,140,337,4190,10134.0
57,7,11,60,149,306,4444,9180.0
58,11,5,20,133,295,3968,8851.0
59,10,7,30,143,275,4287,8272.0
60,11,10,65,138,297,4120,8927.0
61,12,9,26,128,320,3831,9616.0
62,3,18,27,144,382,4296,11488.0
63,5,13,22,129,371,3864,11141.0
64,1,19,59,145,287,4322,8620.0
65,17,18,44,135,343,4028,10299.0
66,17,19,39,159,350,4745,10511.0
67,4,16,74,150,368,4494,11061.0
68,3,10,31,151,290,4505,8722.0
69,19,10,28,165,283,4932,8494.0
70,16,11,33,139,313,4145,9403.0
71,12,8,26,143,235,4281,7052.0
72,16,3,41,145,348,4344,10441.0
73,1,8,68,144,223,4305,6690.0
74,10,19,71,127,382,3802,11462.0
75,14,13,37,130,283,3878,8499.0
76,13,6,57,144,312,4310,9372.0
77,17,9,33,142,303,4258,9095.0
78,7,16,45,190,392,5690,11777.0
79,12,16,20,140,367,4183,11035.0
80,3,11,46,129,291,3870,8754.0
81,17,20,29,141,290,4201,8725.0
82,13,2,51,157,416,4691,12486.0
83,3,19,27,128,357,3838,10731.0
84,13,8,18,147,340,4409,10220.0
85,13,17,65,152,296,4553,8907.0
86,4,6,32,152,414,4536,12424.0
87,15,19,33,100,259,2973,7792.0
88,6,9,63,153,412,4587,12388.0
89,19,12,52,148,245,4422,7351.0
90,16,15,32,159,376,4754,11286.0
91,5,15,43,146,306,4376,9208.0
92,8,20,18,145,338,4332,10158.0
93,10,1,62,147,398,4386,11962.0
94,4,7,64,166,364,4978,10928.0
95,9,20,66,137,297,4088,8934.0
96,17,12,18,151,300,4528,9008.0
97,18,9,43,128,334,3820,10027.0
98,16,4,46,146,368,4361,11067.0
99,11,16,53,151,254,4508,7626.0
100,6,16,33,169,370,5053,11112.0
101,19,2,39,120,228,3583,6858.0
102,17,13,30,144,254,4301,7626.0
103,8,15,64,162,355,4853,10673.0
104,14,6,68,138,247,4118,7427.0
105,16,1,59,174,412,5213,12374.0
106,9,13,43,160,309,4775,9282.0
107,10,16,37,147,376,4404,11309.0
108,5,16,23,145,401,4325,12052.0
109,1,11,71,155,226,4648,6794.0
110,18,20,63,177,368,5310,11056.0
111,9,11,40,152,316,4554,9501.0
112,17,1,57,153,248,4564,7461.0
113,16,18,73,114,314,3411,9427.0
114,10,12,69,151,442,4523,13271.0
115,11,13,31,144,251,4305,7530.0
116,16,2,36,135,304,4041,9131.0
117,20,13,26,173,374,5181,11233.0
118,2,15,58,145,228,4335,6847.0
119,3,20,71,177,388,5290,11663.0
120,16,8,35,131,335,3903,10070.0
121,5,19,29,156,425,4670,12772.0
122,2,12,74,126,245,3755,7358.0
123,17,3,41,140,222,4179,6688.0
124,6,12,73,175,359,5222,10798.0
125,14,1,64,151,376,4512,11300.0
126,13,14,27,161,389,4830,11671.0
127,8,18,52,179,419,5363,12581.0
128,13,3,39,140,327,4175,9822.0
129,14,12,20,135,354,4050,10629.0
130,17,4,16,161,274,4822,8228.0
131,20,15,52,133,297,3968,8933.0
132,16,9,64,143,309,4287,9282.0
133,13,20,46,177,407,5295,12235.0
134,1,18,47,168,374,5040,11236.0
135,18,14,54,127,382,3809,11461.0
136,9,15,57,140,304,4179,9137.0
137,14,11,38,126,395,3771,11864.0
138,9,16,25,145,373,4332,11208.0
139,8,14,62,150,426,4486,12795.0
140,1,4,69,130,327,3890,9818.0
141,17,16,19,139,240,4161,7217.0
142,14,17,39,122,374,3648,11240.0
143,18,19,71,146,276,4380,8299.0
144,11,14,36,148,414,4434,12422.0
145,7,19,57,166,405,4961,12155.0
146,6,15,15,127,328,3807,9852.0
147,4,11,47,151,392,4501,11767.0
148,1,13,22,146,259,4354,7783.0
149,10,3,34,141,245,4209,7371.0
150,3,2,71,133,355,3972,10676.0
151,4,9,72,134,354,4008,10629.0
152,3,16,40,151,317,4513,9534.0
153,16,20,69,160,325,4778,9754.0
154,10,8,61,172,336,5150,10089.0
155,14,8,41,147,290,4393,8715.0
156,12,6,20,147,276,4401,8294.0
157,5,1,53,160,439,4779,13178.0
158,9,2,15,132,328,3939,9867.0
159,3,8,53,146,350,4360,10515.0
160,11,15,28,137,262,4081,7862.0
161,18,4,69,134,375,4018,11258.0
162,12,19,50,138,363,4130,10914.0
163,1,17,53,150,367,4493,11018.0
164,9,18,60,139,384,4163,11547.0
165,11,1,28,130,267,3894,8016.0
166,9,3,60,176,332,5274,9988.0
167,10,2,18,131,365,3928,10968.0
168,20,3,64,147,248,4384,7454.0
169,18,8,33,109,302,3250,9063.0
170,9,7,63,125,310,3731,9326.0
171,6,5,64,163,319,4880,9583.0
172,6,2,74,162,381,4836,11432.0
173,9,6,40,137,237,4104,7124.0
174,1,10,65,150,276,4481,8285.0
175,3,7,19,134,376,4000,11285.0
176,20,1,73,145,373,4326,11217.0
177,13,7,63,159,365,4741,10969.0
178,13,11,29,173,413,5170,12411.0
179,16,12,53,128,320,3839,9603.0
180,14,20,67,171,367,5128,11019.0
181,17,14,40,104,319,3102,9573.0
182,13,16,17,158,329,4733,9879.0
183,9,5,35,138,330,4118,9922.0
184,18,1,28,137,291,4105,8747.0
185,3,13,44,159,329,4758,9874.0
186,19,11,30,155,230,4646,6911.0
187,14,16,24,162,416,4857,12502.0
188,15,16,37,153,304,4583,9124.0
189,11,19,48,160,267,4777,8021.0
190,15,7,35,150,238,4479,7145.0
191,1,12,15,180,384,5378,11549.0
192,9,1,19,158,379,4716,11383.0
193,12,3,39,150,264,4490,7933.0
194,10,18,35,170,385,5081,11550.0
195,4,13,60,156,394,4663,11847.0
196,5,6,53,158,363,4731,10906.0
197,1,16,36,132,277,3956,8336.0
198,7,2,73,123,316,3676,9499.0
199,2,8,15,155,289,4630,8677.0
horizon=442
