NODES,20
1,1,-,-
2,2,-,-
3,3,-,-
4,4,-,-
5,5,-,-
6,6,-,-
7,7,-,-
8,8,-,-
9,9,-,-
10,10,-,-
11,11,-,-
12,12,-,-
13,13,-,-
14,14,-,-
15,15,-,-
16,16,-,-
17,17,-,-
18,18,-,-
19,19,-,-
20,20,-,-
ARCS,294
0,1,12,46,3158,530,192,5742,5742.0
1,1,9,43,3058,1580,186,5560,5560.0
2,1,4,34,2306,1604,140,4193,4193.0
3,1,16,38,652,904,40,1186,1186.0
4,1,2,31,4562,896,277,8295,8295.0
5,1,14,45,3810,1158,231,6928,6928.0
6,1,13,36,702,1373,43,1277,1277.0
7,1,10,46,2607,959,158,4740,4740.0
8,1,17,28,1855,1134,113,3373,3373.0
9,1,18,13,552,1469,34,1004,1004.0
10,2,16,6,702,745,43,1277,1277.0
11,2,3,29,2657,852,162,4831,4831.0
12,2,17,11,2156,1879,131,3920,3920.0
13,2,5,23,3409,900,207,6199,6199.0
14,2,15,34,4161,1632,253,7566,7566.0
15,2,10,48,3008,709,183,5470,5470.0
16,2,4,44,4662,1572,283,8477,8477.0
17,2,8,40,2106,1222,128,3830,3830.0
18,2,6,25,2908,852,177,5288,5288.0
19,2,14,41,702,1787,43,1277,1277.0
20,2,12,18,4662,725,283,8477,8477.0
21,2,7,43,3609,1314,219,6562,6562.0
22,2,13,44,4511,1501,274,8202,8202.0
23,3,4,33,3810,840,231,6928,6928.0
24,3,18,34,1304,836,80,2371,2371.0
25,3,10,20,4963,442,301,9024,9024.0
26,3,11,42,953,1373,58,1733,1733.0
27,3,1,34,3860,1262,234,7019,7019.0
28,3,15,26,3108,1325,189,5651,5651.0
29,3,8,30,2156,466,131,3920,3920.0
30,3,5,31,4010,1600,244,7291,7291.0
31,3,9,28,1454,1898,89,2644,2644.0
32,3,14,44,3359,1676,204,6108,6108.0
33,3,2,14,2807,466,171,5104,5104.0
34,3,7,33,3960,1982,240,7200,7200.0
35,3,16,44,1304,991,80,2371,2371.0
36,3,6,16,1805,1210,110,3282,3282.0
37,3,19,15,953,1341,58,1733,1733.0
38,3,13,9,3860,1345,234,7019,7019.0
39,3,12,28,4511,1162,274,8202,8202.0
40,3,17,38,4111,963,250,7475,7475.0
41,3,20,28,1955,1763,119,3555,3555.0
42,4,11,43,4060,1425,247,7382,7382.0
43,4,10,30,4261,705,259,7748,7748.0
44,4,17,39,3760,1548,228,6837,6837.0
45,4,7,24,953,1485,58,1733,1733.0
46,4,16,43,1655,1560,101,3010,3010.0
47,4,15,29,1203,1469,73,2188,2188.0
48,4,18,30,1554,673,95,2826,2826.0
49,4,20,40,2005,721,122,3646,3646.0
50,4,2,29,4662,1485,283,8477,8477.0
51,4,6,32,802,868,49,1459,1459.0
52,4,12,5,4211,1668,256,7657,7657.0
53,4,8,43,2507,1656,152,4559,4559.0
54,4,5,22,3158,1377,192,5742,5742.0
55,4,14,12,1855,1162,113,3373,3373.0
56,4,19,24,1905,1099,116,3464,3464.0
57,4,1,42,4461,1298,271,8111,8111.0
58,4,9,10,1955,1974,119,3555,3555.0
59,4,3,33,2857,1914,174,5195,5195.0
60,4,13,37,802,1485,49,1459,1459.0
61,5,13,13,853,1075,52,1551,1551.0
62,5,3,39,903,1457,55,1642,1642.0
63,5,18,32,3108,951,189,5651,5651.0
64,5,20,34,2056,864,125,3739,3739.0
65,5,1,35,1604,478,98,2917,2917.0
66,5,16,12,1003,1477,61,1824,1824.0
67,5,10,7,1604,569,98,2917,2917.0
68,5,4,13,2005,1775,122,3646,3646.0
69,5,12,22,4963,1497,301,9024,9024.0
70,5,6,11,2306,1604,140,4193,4193.0
71,5,15,25,3860,1620,234,7019,7019.0
72,5,8,8,3359,1481,204,6108,6108.0
73,5,7,25,1805,1210,110,3282,3282.0
74,5,14,29,3058,1508,186,5560,5560.0
75,5,9,13,1153,848,70,2097,2097.0
76,5,11,21,2256,1413,137,4102,4102.0
77,5,17,42,1655,749,101,3010,3010.0
78,6,4,31,4662,991,283,8477,8477.0
79,6,17,12,2857,577,174,5195,5195.0
80,6,9,23,1755,685,107,3191,3191.0
81,6,11,32,1203,1672,73,2188,2188.0
82,6,15,38,4060,1437,247,7382,7382.0
83,6,2,12,1655,784,101,3010,3010.0
84,6,7,22,2406,1329,146,4375,4375.0
85,6,19,21,2707,410,165,4922,4922.0
86,6,13,30,3860,1445,234,7019,7019.0
87,6,3,16,953,1421,58,1733,1733.0
88,6,16,17,4461,1640,271,8111,8111.0
89,6,1,45,1103,900,67,2006,2006.0
90,6,5,6,2857,1059,174,5195,5195.0
91,6,8,7,853,1827,52,1551,1551.0
92,6,20,28,2908,1540,177,5288,5288.0
93,6,18,25,4010,1043,244,7291,7291.0
94,6,12,37,4612,856,280,8386,8386.0
95,7,12,14,3058,1119,186,5560,5560.0
96,7,9,21,1755,1600,107,3191,3191.0
97,7,1,41,702,1692,43,1277,1277.0
98,7,13,31,4762,1755,289,8659,8659.0
99,7,16,27,752,506,46,1368,1368.0
100,7,2,46,1203,470,73,2188,2188.0
101,7,8,25,4211,1902,256,7657,7657.0
102,7,15,24,2908,1855,177,5288,5288.0
103,7,5,16,3960,1882,240,7200,7200.0
104,7,6,39,3559,1652,216,6471,6471.0
105,8,12,33,1955,1867,119,3555,3555.0
106,8,6,44,4612,573,280,8386,8386.0
107,8,3,6,853,1572,52,1551,1551.0
108,8,1,42,1103,1393,67,2006,2006.0
109,8,10,47,3409,1572,207,6199,6199.0
110,8,14,10,4361,1875,265,7930,7930.0
111,8,20,41,752,1501,46,1368,1368.0
112,8,4,11,552,1115,34,1004,1004.0
113,8,9,11,3910,916,237,7110,7110.0
114,8,16,23,1755,800,107,3191,3191.0
115,8,2,17,1354,1130,83,2462,2462.0
116,8,19,6,2557,1481,155,4650,4650.0
117,8,5,18,4712,1938,286,8568,8568.0
118,8,17,19,1404,983,86,2553,2553.0
119,8,13,23,4411,1863,268,8020,8020.0
120,8,11,24,903,760,55,1642,1642.0
121,8,15,35,853,1596,52,1551,1551.0
122,8,18,26,2256,709,137,4102,4102.0
123,9,12,22,4912,1978,298,8931,8931.0
124,9,19,5,3108,1751,189,5651,5651.0
125,9,18,13,3760,1290,228,6837,6837.0
126,9,1,25,4762,677,289,8659,8659.0
127,9,4,6,4211,1938,256,7657,7657.0
128,9,10,14,4912,414,298,8931,8931.0
129,9,13,14,4361,1703,265,7930,7930.0
130,9,15,31,1905,1982,116,3464,3464.0
131,9,3,32,1354,1871,83,2462,2462.0
132,9,20,13,1153,788,70,2097,2097.0
133,9,8,31,552,1254,34,1004,1004.0
134,10,15,40,702,1775,43,1277,1277.0
135,10,19,31,602,725,37,1095,1095.0
136,10,6,46,1955,1548,119,3555,3555.0
137,10,8,17,853,717,52,1551,1551.0
138,10,4,42,602,1154,37,1095,1095.0
139,10,14,41,903,446,55,1642,1642.0
140,10,11,37,3960,701,240,7200,7200.0
141,10,20,46,2005,1783,122,3646,3646.0
142,10,7,8,2757,1337,168,5013,5013.0
143,11,12,47,702,1349,43,1277,1277.0
144,11,19,44,3309,753,201,6017,6017.0
145,11,7,38,4211,434,256,7657,7657.0
146,11,16,24,2406,1162,146,4375,4375.0
147,11,8,5,3008,1027,183,5470,5470.0
148,11,4,29,3810,577,231,6928,6928.0
149,11,6,49,853,1564,52,1551,1551.0
150,11,15,46,4712,402,286,8568,8568.0
151,11,20,23,1103,534,67,2006,2006.0
152,11,1,18,4411,1449,268,8020,8020.0
153,11,10,46,3008,1274,183,5470,5470.0
154,11,9,20,4562,1536,277,8295,8295.0
155,11,3,27,1153,940,70,2097,2097.0
156,11,13,46,4963,1855,301,9024,9024.0
157,11,5,34,2958,999,180,5379,5379.0
158,11,2,30,1454,1226,89,2644,2644.0
159,11,18,49,2607,1612,158,4740,4740.0
160,11,14,37,1955,1660,119,3555,3555.0
161,11,17,24,4461,1759,271,8111,8111.0
162,12,14,15,3108,1524,189,5651,5651.0
163,12,4,8,853,1894,52,1551,1551.0
164,12,19,24,4161,617,253,7566,7566.0
165,12,9,21,853,1433,52,1551,1551.0
166,12,7,33,3559,402,216,6471,6471.0
167,12,2,44,1404,1847,86,2553,2553.0
168,12,1,43,903,609,55,1642,1642.0
169,12,8,13,2156,637,131,3920,3920.0
170,12,6,12,2456,514,149,4466,4466.0
171,12,16,17,2857,1922,174,5195,5195.0
172,12,20,33,802,1306,49,1459,1459.0
173,12,5,43,2557,1711,155,4650,4650.0
174,12,11,32,1554,518,95,2826,2826.0
175,12,13,7,502,522,31,913,913.0
176,12,15,44,2206,1039,134,4011,4011.0
177,12,10,38,3509,1166,213,6380,6380.0
178,12,17,23,4161,1560,253,7566,7566.0
179,13,15,8,4762,554,289,8659,8659.0
180,13,9,41,1254,1779,76,2280,2280.0
181,13,19,28,3459,1481,210,6290,6290.0
182,13,3,5,4111,1930,250,7475,7475.0
183,13,16,20,4562,1035,277,8295,8295.0
184,13,1,22,4612,1807,280,8386,8386.0
185,13,5,31,4010,1505,244,7291,7291.0
186,13,10,26,3108,1099,189,5651,5651.0
187,13,20,18,652,490,40,1186,1186.0
188,14,19,41,1855,1572,113,3373,3373.0
189,14,20,27,4060,1170,247,7382,7382.0
190,14,2,41,502,1397,31,913,913.0
191,14,3,37,4311,872,262,7839,7839.0
192,14,11,25,3609,1389,219,6562,6562.0
193,14,9,13,4812,1254,292,8750,8750.0
194,14,18,41,1554,474,95,2826,2826.0
195,14,12,43,853,430,52,1551,1551.0
196,14,10,29,1905,1134,116,3464,3464.0
197,14,13,29,953,1580,58,1733,1733.0
198,14,4,8,2908,760,177,5288,5288.0
199,14,16,30,1655,657,101,3010,3010.0
200,14,5,45,3559,1501,216,6471,6471.0
201,15,20,28,3409,820,207,6199,6199.0
202,15,9,25,2857,1178,174,5195,5195.0
203,15,11,46,1404,1314,86,2553,2553.0
204,15,12,49,903,1902,55,1642,1642.0
205,15,14,44,903,1349,55,1642,1642.0
206,15,4,31,953,1906,58,1733,1733.0
207,15,5,46,3208,1604,195,5833,5833.0
208,15,6,36,1855,1298,113,3373,3373.0
209,15,10,11,1955,725,119,3555,3555.0
210,15,1,6,3258,406,198,5924,5924.0
211,15,16,35,4812,1194,292,8750,8750.0
212,15,17,7,602,1680,37,1095,1095.0
213,15,18,45,1905,1286,116,3464,3464.0
214,15,13,32,2807,741,171,5104,5104.0
215,15,7,36,2156,1111,131,3920,3920.0
216,15,2,11,4361,1668,265,7930,7930.0
217,15,3,21,1053,1516,64,1915,1915.0
218,15,8,5,3008,1071,183,5470,5470.0
219,16,12,45,2507,1469,152,4559,4559.0
220,16,15,23,4912,1015,298,8931,8931.0
221,16,13,34,3008,987,183,5470,5470.0
222,16,5,43,1354,892,83,2462,2462.0
223,16,3,19,1955,438,119,3555,3555.0
224,16,10,5,4812,498,292,8750,8750.0
225,16,19,46,4261,1986,259,7748,7748.0
226,16,17,34,1655,597,101,3010,3010.0
227,16,20,43,2958,936,180,5379,5379.0
228,17,9,14,2657,816,162,4831,4831.0
229,17,1,33,2607,1695,158,4740,4740.0
230,17,15,41,4662,1258,283,8477,8477.0
231,17,16,46,3459,1214,210,6290,6290.0
232,17,13,46,3910,1664,237,7110,7110.0
233,17,10,35,3710,1588,225,6746,6746.0
234,17,11,35,4111,1501,250,7475,7475.0
235,17,18,24,502,398,31,913,913.0
236,17,7,48,3158,1190,192,5742,5742.0
237,17,5,22,2958,689,180,5379,5379.0
238,17,20,15,3359,1210,204,6108,6108.0
239,17,2,7,2256,1298,137,4102,4102.0
240,17,3,38,1103,1512,67,2006,2006.0
241,17,8,13,2707,585,165,4922,4922.0
242,17,12,13,3008,888,183,5470,5470.0
243,17,6,27,2908,673,177,5288,5288.0
244,18,12,31,1805,494,110,3282,3282.0
245,18,7,40,1755,1695,107,3191,3191.0
246,18,20,9,3208,1815,195,5833,5833.0
247,18,6,43,903,1875,55,1642,1642.0
248,18,5,11,1053,896,64,1915,1915.0
249,18,2,42,2005,1003,122,3646,3646.0
250,18,9,48,2807,1926,171,5104,5104.0
251,18,15,24,2206,808,134,4011,4011.0
252,18,11,6,3158,1115,192,5742,5742.0
253,18,8,41,4662,1918,283,8477,8477.0
254,18,10,6,2306,1779,140,4193,4193.0
255,18,19,33,1203,1859,73,2188,2188.0
256,18,4,30,2908,1445,177,5288,5288.0
257,18,14,35,4662,772,283,8477,8477.0
258,18,3,14,4662,1552,283,8477,8477.0
259,18,17,9,2807,1910,171,5104,5104.0
260,18,13,6,3659,653,222,6653,6653.0
261,18,1,16,2306,1003,140,4193,4193.0
262,18,16,29,3860,900,234,7019,7019.0
263,19,13,15,3258,1345,198,5924,5924.0
264,19,12,11,2356,1584,143,4284,4284.0
265,19,14,10,4511,1027,274,8202,8202.0
266,19,2,45,1955,1111,119,3555,3555.0
267,19,18,44,1755,1206,107,3191,3191.0
268,19,1,30,4511,621,274,8202,8202.0
269,19,5,37,4010,1385,244,7291,7291.0
270,19,8,5,4411,1413,268,8020,8020.0
271,19,10,8,1003,1059,61,1824,1824.0
272,19,20,13,702,1516,43,1277,1277.0
273,19,6,21,3509,697,213,6380,6380.0
274,19,7,7,3058,1727,186,5560,5560.0
275,19,17,12,2005,1759,122,3646,3646.0
276,19,4,49,3158,776,192,5742,5742.0
277,19,11,15,4963,1632,301,9024,9024.0
278,19,9,40,1354,1839,83,2462,2462.0
279,19,15,40,3208,1628,195,5833,5833.0
280,20,10,41,802,1481,49,1459,1459.0
281,20,18,29,3208,1950,195,5833,5833.0
282,20,2,20,1655,936,101,3010,3010.0
283,20,9,36,1404,1568,86,2553,2553.0
284,20,7,45,4010,1966,244,7291,7291.0
285,20,5,17,4912,1481,298,8931,8931.0
286,20,17,39,4361,1453,265,7930,7930.0
287,20,13,30,4762,800,289,8659,8659.0
288,20,11,47,4261,1922,259,7748,7748.0
289,20,16,7,3108,1314,189,5651,5651.0
290,20,12,28,2607,1055,158,4740,4740.0
291,20,6,34,1304,1282,80,2371,2371.0
292,20,8,15,4311,1134,262,7839,7839.0
293,20,15,39,4612,478,280,8386,8386.0
COMMODITIES,40
0,17,13,734,93,290,2781,8721.0
1,7,17,476,165,366,4929,10987.0
2,20,2,497,86,241,2575,7250.0
3,8,11,222,70,186,2100,5605.0
4,2,14,297,144,254,4296,7630.0
5,16,17,442,109,266,3252,7989.0
6,7,12,259,161,391,4830,11748.0
7,15,6,577,183,336,5463,10103.0
8,3,6,408,119,271,3562,8150.0
9,7,14,424,67,253,1998,7598.0
10,8,16,338,126,302,3772,9069.0
11,3,15,607,152,373,4555,11204.0
12,18,19,457,67,201,1995,6043.0
13,2,7,678,111,369,3325,11076.0
14,9,8,673,183,292,5473,8786.0
15,19,1,674,128,376,3813,11309.0
16,3,18,550,159,282,4761,8469.0
17,13,9,681,112,230,3345,6914.0
18,11,14,548,108,285,3238,8576.0
19,6,2,681,130,287,3892,8611.0
20,19,7,361,126,336,3752,10083.0
21,13,19,238,109,287,3269,8618.0
22,20,1,308,80,302,2392,9068.0
23,7,3,570,86,320,2580,9623.0
24,14,13,713,128,246,3837,7397.0
25,17,11,426,112,286,3341,8606.0
26,10,15,681,115,222,3447,6660.0
27,19,12,326,66,262,1955,7870.0
28,11,5,658,117,350,3486,10520.0
29,13,16,447,71,296,2122,8897.0
30,14,6,530,148,363,4428,10898.0
31,11,20,272,131,275,3921,8255.0
32,7,20,179,85,264,2545,7922.0
33,17,9,400,146,364,4374,10936.0
34,18,2,749,141,323,4219,9703.0
35,2,20,373,133,329,3963,9877.0
36,4,6,634,39,160,1146,4815.0
37,4,5,398,74,277,2195,8329.0
38,12,4,650,168,259,5015,7787.0
39,14,8,635,183,378,5470,11351.0
horizon=391
