NODES,20
1,1,-,-
2,2,-,-
3,3,-,-
4,4,-,-
5,5,-,-
6,6,-,-
7,7,-,-
8,8,-,-
9,9,-,-
10,10,-,-
11,11,-,-
12,12,-,-
13,13,-,-
14,14,-,-
15,15,-,-
16,16,-,-
17,17,-,-
18,18,-,-
19,19,-,-
20,20,-,-
ARCS,291
0,1,8,1,1310,234,80,2382,2382.0
1,1,6,7,2428,370,148,4415,4415.0
2,1,4,8,2428,294,148,4415,4415.0
3,1,9,1,1746,245,106,3175,3175.0
4,1,17,1,464,440,29,844,844.0
5,1,15,7,355,121,22,646,646.0
6,1,20,5,955,224,58,1737,1737.0
7,1,13,7,601,133,37,1093,1093.0
8,1,2,7,1364,293,83,2480,2480.0
9,1,16,9,1064,164,65,1935,1935.0
10,1,19,7,1501,490,91,2730,2730.0
11,2,12,2,382,453,24,695,695.0
12,2,8,1,1392,260,85,2531,2531.0
13,2,7,2,1582,159,96,2877,2877.0
14,2,5,9,601,515,37,1093,1093.0
15,2,11,3,519,465,32,944,944.0
16,2,20,9,437,310,27,795,795.0
17,2,4,6,1801,254,110,3275,3275.0
18,2,17,9,573,495,35,1042,1042.0
19,2,1,5,737,329,45,1340,1340.0
20,2,3,9,1364,128,83,2480,2480.0
21,2,14,6,382,118,24,695,695.0
22,2,19,7,1228,235,75,2233,2233.0
23,2,15,3,655,345,40,1191,1191.0
24,2,16,5,2319,457,141,4217,4217.0
25,2,9,7,1446,348,88,2630,2630.0
26,2,6,2,1992,253,121,3622,3622.0
27,2,13,1,546,168,34,993,993.0
28,2,18,2,491,443,30,893,893.0
29,2,10,9,1037,250,63,1886,1886.0
30,3,10,8,2701,407,164,4911,4911.0
31,3,6,4,2264,396,138,4117,4117.0
32,3,17,1,2128,132,129,3870,3870.0
33,3,4,6,1719,509,105,3126,3126.0
34,3,8,6,2373,149,144,4315,4315.0
35,3,7,2,273,409,17,497,497.0
36,3,15,4,846,346,52,1539,1539.0
37,3,2,1,2155,123,131,3919,3919.0
38,3,20,3,955,527,58,1737,1737.0
39,3,18,3,2537,342,154,4613,4613.0
40,3,5,8,2483,224,151,4515,4515.0
41,3,9,7,1910,367,116,3473,3473.0
42,3,12,2,1773,411,108,3224,3224.0
43,3,14,7,764,187,47,1390,1390.0
44,4,14,3,1773,517,108,3224,3224.0
45,4,19,1,437,155,27,795,795.0
46,4,10,3,1064,447,65,1935,1935.0
47,4,3,1,1910,163,116,3473,3473.0
48,4,9,2,519,207,32,944,944.0
49,4,2,2,1773,388,108,3224,3224.0
50,4,11,9,1255,326,77,2282,2282.0
51,4,20,3,1828,411,111,3324,3324.0
52,4,6,9,1364,128,83,2480,2480.0
53,4,5,5,573,361,35,1042,1042.0
54,4,1,8,2346,259,143,4266,4266.0
55,4,13,7,2401,255,146,4366,4366.0
56,4,12,8,1337,493,82,2431,2431.0
57,4,17,8,1201,216,73,2184,2184.0
58,4,16,9,2592,509,158,4713,4713.0
59,4,8,2,1419,199,86,2580,2580.0
60,4,7,1,1092,438,67,1986,1986.0
61,4,15,6,328,508,20,597,597.0
62,4,18,8,846,331,52,1539,1539.0
63,5,19,1,2155,222,131,3919,3919.0
64,5,1,1,655,185,40,1191,1191.0
65,5,11,9,2592,155,158,4713,4713.0
66,5,15,6,273,172,17,497,497.0
67,5,20,2,846,531,52,1539,1539.0
68,5,2,9,2401,190,146,4366,4366.0
69,5,14,4,410,418,25,746,746.0
70,5,6,7,2592,310,158,4713,4713.0
71,5,16,6,1201,330,73,2184,2184.0
72,5,17,6,2292,120,139,4168,4168.0
73,5,12,8,1446,451,88,2630,2630.0
74,5,8,3,655,294,40,1191,1191.0
75,6,4,3,1937,190,118,3522,3522.0
76,6,15,1,1883,416,115,3424,3424.0
77,6,17,7,2401,349,146,4366,4366.0
78,6,11,9,1201,225,73,2184,2184.0
79,6,13,5,2346,393,143,4266,4266.0
80,6,20,1,1828,196,111,3324,3324.0
81,6,1,7,1582,193,96,2877,2877.0
82,6,7,7,2073,476,126,3770,3770.0
83,6,5,8,1801,317,110,3275,3275.0
84,6,12,9,1419,182,86,2580,2580.0
85,6,9,4,2537,493,154,4613,4613.0
86,6,18,2,1092,359,67,1986,1986.0
87,6,14,9,2210,406,134,4019,4019.0
88,6,10,7,2510,334,153,4564,4564.0
89,7,1,8,791,190,48,1439,1439.0
90,7,20,8,682,416,42,1240,1240.0
91,7,12,1,737,466,45,1340,1340.0
92,7,14,9,1310,225,80,2382,2382.0
93,7,15,2,1282,342,78,2331,2331.0
94,7,6,6,1692,358,103,3077,3077.0
95,7,18,7,1037,194,63,1886,1886.0
96,7,2,9,2592,312,158,4713,4713.0
97,7,17,3,328,273,20,597,597.0
98,7,5,9,2237,212,136,4068,4068.0
99,8,9,1,2292,279,139,4168,4168.0
100,8,20,1,573,461,35,1042,1042.0
101,8,1,6,1910,436,116,3473,3473.0
102,8,10,6,1637,350,100,2977,2977.0
103,8,16,2,1064,427,65,1935,1935.0
104,8,11,3,2319,305,141,4217,4217.0
105,8,18,4,273,537,17,497,497.0
106,8,15,6,491,388,30,893,893.0
107,8,6,9,710,257,44,1291,1291.0
108,8,5,1,2428,530,148,4415,4415.0
109,8,13,7,2592,358,158,4713,4713.0
110,8,19,1,1501,287,91,2730,2730.0
111,8,4,9,1555,429,95,2828,2828.0
112,8,7,5,2019,474,123,3671,3671.0
113,8,14,9,1337,336,82,2431,2431.0
114,8,2,2,464,489,29,844,844.0
115,9,8,5,791,385,48,1439,1439.0
116,9,16,8,1992,342,121,3622,3622.0
117,9,19,1,2264,358,138,4117,4117.0
118,9,17,4,1255,293,77,2282,2282.0
119,9,18,5,2564,493,156,4662,4662.0
120,9,4,8,1555,312,95,2828,2828.0
121,9,2,7,1037,115,63,1886,1886.0
122,9,6,7,2619,418,159,4762,4762.0
123,9,13,4,2101,255,128,3820,3820.0
124,10,18,3,2564,476,156,4662,4662.0
125,10,5,5,1855,356,113,3373,3373.0
126,10,12,5,2292,399,139,4168,4168.0
127,10,4,3,2701,369,164,4911,4911.0
128,10,17,7,355,404,22,646,646.0
129,10,7,7,1146,320,70,2084,2084.0
130,10,1,9,764,371,47,1390,1390.0
131,10,9,3,2019,121,123,3671,3671.0
132,10,16,1,1419,431,86,2580,2580.0
133,10,3,9,573,491,35,1042,1042.0
134,10,20,4,1119,227,68,2035,2035.0
135,10,2,4,1310,140,80,2382,2382.0
136,10,13,2,955,288,58,1737,1737.0
137,10,11,8,655,224,40,1191,1191.0
138,11,6,1,1419,302,86,2580,2580.0
139,11,16,8,273,179,17,497,497.0
140,11,13,9,2537,489,154,4613,4613.0
141,11,7,2,273,190,17,497,497.0
142,11,15,8,2237,526,136,4068,4068.0
143,11,4,4,1228,237,75,2233,2233.0
144,11,14,4,328,489,20,597,597.0
145,11,20,1,1582,233,96,2877,2877.0
146,11,8,7,2373,152,144,4315,4315.0
147,11,12,1,1228,440,75,2233,2233.0
148,11,19,5,519,138,32,944,944.0
149,11,2,1,1692,327,103,3077,3077.0
150,11,10,4,1010,532,62,1837,1837.0
151,11,1,4,901,426,55,1639,1639.0
152,11,17,8,1992,469,121,3622,3622.0
153,12,7,2,2019,485,123,3671,3671.0
154,12,20,6,355,523,22,646,646.0
155,12,13,8,873,122,53,1588,1588.0
156,12,8,5,2564,459,156,4662,4662.0
157,12,10,4,2483,192,151,4515,4515.0
158,12,18,8,710,180,44,1291,1291.0
159,12,3,1,2210,230,134,4019,4019.0
160,12,19,8,1446,128,88,2630,2630.0
161,12,5,4,2346,157,143,4266,4266.0
162,12,9,7,301,234,19,548,548.0
163,12,15,4,437,224,27,795,795.0
164,12,17,6,1664,425,101,3026,3026.0
165,12,4,9,1746,480,106,3175,3175.0
166,12,2,4,764,400,47,1390,1390.0
167,12,11,1,2128,518,129,3870,3870.0
168,12,14,3,1146,285,70,2084,2084.0
169,12,1,9,1310,372,80,2382,2382.0
170,13,15,1,1664,460,101,3026,3026.0
171,13,4,6,2510,530,153,4564,4564.0
172,13,19,4,2046,385,124,3720,3720.0
173,13,5,3,2237,453,136,4068,4068.0
174,13,1,2,1146,258,70,2084,2084.0
175,13,8,1,655,214,40,1191,1191.0
176,13,11,2,1392,476,85,2531,2531.0
177,13,18,2,1037,494,63,1886,1886.0
178,13,3,1,1773,302,108,3224,3224.0
179,13,17,6,1964,479,120,3571,3571.0
180,13,7,7,2619,438,159,4762,4762.0
181,14,5,5,1419,236,86,2580,2580.0
182,14,18,1,1582,139,96,2877,2877.0
183,14,7,4,1555,141,95,2828,2828.0
184,14,19,3,1228,271,75,2233,2233.0
185,14,6,9,437,356,27,795,795.0
186,14,9,7,846,461,52,1539,1539.0
187,14,17,1,2483,227,151,4515,4515.0
188,14,8,3,2428,176,148,4415,4415.0
189,14,13,5,2510,341,153,4564,4564.0
190,14,3,2,1473,170,90,2679,2679.0
191,14,20,3,1883,157,115,3424,3424.0
192,14,2,3,1473,206,90,2679,2679.0
193,14,15,6,1910,380,116,3473,3473.0
194,15,16,2,2128,323,129,3870,3870.0
195,15,1,9,2128,415,129,3870,3870.0
196,15,18,8,1419,226,86,2580,2580.0
197,15,5,6,2428,494,148,4415,4415.0
198,15,12,1,1255,530,77,2282,2282.0
199,15,13,6,2455,195,149,4464,4464.0
200,15,17,9,1228,443,75,2233,2233.0
201,15,14,5,1419,498,86,2580,2580.0
202,15,9,9,1010,454,62,1837,1837.0
203,15,4,5,2292,428,139,4168,4168.0
204,15,3,8,1310,212,80,2382,2382.0
205,15,20,3,2401,459,146,4366,4366.0
206,15,8,5,2210,197,134,4019,4019.0
207,15,2,5,1582,453,96,2877,2877.0
208,15,19,1,1582,387,96,2877,2877.0
209,15,6,5,982,314,60,1786,1786.0
210,15,7,1,573,297,35,1042,1042.0
211,15,11,9,1719,237,105,3126,3126.0
212,16,3,8,2592,249,158,4713,4713.0
213,16,8,2,2401,198,146,4366,4366.0
214,16,14,8,1801,142,110,3275,3275.0
215,16,13,3,655,124,40,1191,1191.0
216,16,5,6,1855,315,113,3373,3373.0
217,16,1,1,1419,157,86,2580,2580.0
218,16,6,5,2455,459,149,4464,4464.0
219,16,19,7,2564,361,156,4662,4662.0
220,16,20,3,1855,468,113,3373,3373.0
221,16,18,9,2046,170,124,3720,3720.0
222,16,7,3,2019,132,123,3671,3671.0
223,16,12,1,1883,120,115,3424,3424.0
224,16,15,9,955,390,58,1737,1737.0
225,16,4,3,1855,302,113,3373,3373.0
226,16,9,1,791,531,48,1439,1439.0
227,17,3,2,1855,505,113,3373,3373.0
228,17,5,2,1473,444,90,2679,2679.0
229,17,10,2,2455,162,149,4464,4464.0
230,17,12,3,2619,129,159,4762,4762.0
231,17,7,4,491,112,30,893,893.0
232,17,2,8,2155,151,131,3919,3919.0
233,17,14,2,2155,236,131,3919,3919.0
234,17,16,5,928,127,57,1688,1688.0
235,17,9,7,1992,154,121,3622,3622.0
236,17,11,4,573,423,35,1042,1042.0
237,17,19,2,2564,136,156,4662,4662.0
238,17,18,3,1910,252,116,3473,3473.0
239,17,15,6,846,377,52,1539,1539.0
240,18,2,9,1883,527,115,3424,3424.0
241,18,15,5,628,242,39,1142,1142.0
242,18,11,5,2155,335,131,3919,3919.0
243,18,8,7,1146,455,70,2084,2084.0
244,18,12,5,328,395,20,597,597.0
245,18,13,9,1773,437,108,3224,3224.0
246,18,3,6,2046,210,124,3720,3720.0
247,18,16,3,2646,453,161,4811,4811.0
248,18,19,9,1310,443,80,2382,2382.0
249,18,4,5,1228,483,75,2233,2233.0
250,18,10,8,1364,140,83,2480,2480.0
251,18,1,1,1010,288,62,1837,1837.0
252,18,6,6,2646,359,161,4811,4811.0
253,18,20,1,2455,176,149,4464,4464.0
254,18,7,2,1883,244,115,3424,3424.0
255,19,18,3,764,530,47,1390,1390.0
256,19,14,7,819,229,50,1490,1490.0
257,19,4,9,1228,451,75,2233,2233.0
258,19,8,7,464,513,29,844,844.0
259,19,20,3,2019,208,123,3671,3671.0
260,19,9,5,410,237,25,746,746.0
261,19,5,1,328,163,20,597,597.0
262,19,10,4,982,269,60,1786,1786.0
263,19,16,7,901,373,55,1639,1639.0
264,19,12,1,2428,512,148,4415,4415.0
265,19,1,3,2673,317,162,4860,4860.0
266,19,2,2,601,244,37,1093,1093.0
267,19,15,5,1173,455,72,2133,2133.0
268,19,6,3,1883,409,115,3424,3424.0
269,19,13,9,2183,427,133,3970,3970.0
270,19,7,7,2264,154,138,4117,4117.0
271,19,17,5,955,447,58,1737,1737.0
272,19,11,4,1146,515,70,2084,2084.0
273,20,7,9,819,126,50,1490,1490.0
274,20,8,5,1828,309,111,3324,3324.0
275,20,5,5,1392,229,85,2531,2531.0
276,20,6,9,464,309,29,844,844.0
277,20,10,5,1501,354,91,2730,2730.0
278,20,14,9,1610,179,98,2928,2928.0
279,20,17,6,2701,197,164,4911,4911.0
280,20,13,3,819,298,50,1490,1490.0
281,20,2,5,1337,287,82,2431,2431.0
282,20,9,4,2237,458,136,4068,4068.0
283,20,12,2,873,268,53,1588,1588.0
284,20,11,6,1364,341,83,2480,2480.0
285,20,16,2,982,186,60,1786,1786.0
286,20,15,9,2101,254,128,3820,3820.0
287,20,4,6,2673,350,162,4860,4860.0
288,20,1,7,1637,432,100,2977,2977.0
289,20,3,1,1173,510,72,2133,2133.0
290,20,18,8,1228,180,75,2233,2233.0
COMMODITIES,200
0,9,18,49,76,157,2280,4721.0
1,20,16,39,73,147,2168,4411.0
2,19,5,50,81,118,2424,3566.0
3,4,17,57,70,163,2096,4892.0
4,1,8,65,76,176,2259,5299.0
5,12,8,16,83,166,2469,5003.0
6,2,7,58,62,128,1849,3867.0
7,5,2,62,85,171,2542,5156.0
8,9,19,27,83,225,2489,6765.0
9,13,10,74,67,215,2007,6474.0
10,4,10,59,89,165,2644,4965.0
11,1,10,28,74,217,2206,6528.0
12,12,6,18,91,158,2710,4760.0
13,8,13,19,88,164,2613,4932.0
14,18,6,57,91,178,2718,5355.0
15,1,13,30,80,137,2400,4124.0
16,19,1,50,81,159,2409,4797.0
17,15,8,71,74,202,2194,6065.0
18,1,5,58,62,185,1852,5555.0
19,12,19,21,88,189,2638,5691.0
20,1,11,61,84,165,2499,4957.0
21,16,12,71,89,226,2656,6790.0
22,16,19,24,90,245,2680,7374.0
23,20,8,24,85,188,2544,5661.0
24,3,13,17,84,204,2500,6127.0
25,20,13,74,88,154,2611,4620.0
26,15,5,43,73,206,2181,6184.0
27,6,20,63,86,211,2564,6343.0
28,11,1,57,78,151,2325,4551.0
29,13,19,20,80,218,2374,6550.0
30,17,3,19,79,209,2347,6297.0
31,3,12,33,79,160,2354,4802.0
32,10,12,65,75,190,2236,5703.0
33,13,16,39,74,195,2192,5864.0
34,18,10,67,79,181,2343,5454.0
35,5,6,56,67,143,2001,4311.0
36,16,8,19,80,176,2400,5296.0
37,20,4,47,77,241,2308,7235.0
38,16,13,25,64,122,1914,3687.0
39,17,5,47,83,186,2465,5597.0
40,19,13,18,69,160,2060,4814.0
41,8,18,39,62,96,1859,2890.0
42,17,13,32,78,184,2321,5525.0
43,7,10,35,83,215,2476,6464.0
44,10,17,64,77,118,2291,3541.0
45,4,6,41,69,164,2048,4948.0
46,7,11,59,80,153,2393,4618.0
47,1,16,53,82,169,2451,5077.0
48,15,2,39,78,194,2331,5839.0
49,20,18,72,88,179,2614,5379.0
50,8,17,49,87,168,2581,5050.0
51,14,2,73,85,197,2523,5934.0
52,12,14,72,80,165,2377,4960.0
53,4,2,57,76,152,2276,4582.0
54,7,6,34,76,167,2270,5019.0
55,4,13,44,85,205,2550,6157.0
56,6,11,30,73,163,2180,4901.0
57,16,5,73,73,202,2170,6075.0
58,14,19,38,65,160,1946,4800.0
59,11,20,16,79,156,2343,4686.0
60,2,11,36,73,126,2171,3805.0
61,1,12,49,74,190,2207,5713.0
62,3,1,21,64,148,1911,4441.0
63,4,12,25,71,162,2121,4872.0
64,16,17,73,84,219,2495,6574.0
65,5,19,58,81,201,2429,6056.0
66,5,10,41,71,221,2120,6646.0
67,2,10,68,84,162,2491,4873.0
68,17,18,44,80,192,2373,5780.0
69,9,3,70,57,221,1694,6640.0
70,9,5,15,67,182,1996,5488.0
71,12,4,64,88,205,2613,6166.0
72,1,18,45,63,172,1871,5189.0
73,15,14,26,79,183,2351,5514.0
74,18,9,53,92,145,2748,4354.0
75,2,20,17,72,113,2140,3418.0
76,18,1,35,62,140,1852,4220.0
77,20,2,74,71,178,2126,5359.0
78,20,19,53,85,216,2529,6502.0
79,6,18,38,81,165,2414,4978.0
80,4,5,45,61,110,1808,3326.0
81,15,1,22,69,169,2049,5086.0
82,4,19,55,72,117,2152,3516.0
83,13,15,15,72,159,2152,4797.0
84,20,7,57,67,137,1999,4126.0
85,2,12,50,68,108,2031,3245.0
86,3,15,25,72,143,2151,4300.0
87,9,17,54,82,178,2460,5358.0
88,18,12,35,74,103,2215,3109.0
89,19,14,22,78,139,2324,4190.0
90,3,6,66,66,153,1965,4611.0
91,5,20,49,68,138,2031,4159.0
92,10,13,33,70,144,2088,4322.0
93,17,10,64,79,197,2366,5917.0
94,15,7,24,66,120,1956,3619.0
95,8,10,22,69,183,2054,5493.0
96,10,3,26,67,120,1996,3611.0
97,4,11,69,68,157,2022,4739.0
98,12,20,29,82,121,2445,3642.0
99,3,10,60,58,206,1737,6181.0
100,5,3,59,72,183,2151,5519.0
101,6,8,70,71,220,2107,6614.0
102,1,6,61,70,170,2072,5109.0
103,12,17,49,63,162,1880,4860.0
104,15,17,28,75,146,2225,4409.0
105,4,18,17,88,157,2620,4711.0
106,6,13,29,72,217,2148,6528.0
107,7,8,35,69,197,2068,5911.0
108,10,20,16,88,173,2616,5211.0
109,17,16,53,85,151,2542,4545.0
110,2,18,68,79,126,2354,3790.0
111,12,18,73,71,132,2121,3972.0
112,17,11,49,69,125,2062,3771.0
113,3,7,52,75,114,2247,3434.0
114,1,17,28,70,117,2085,3514.0
115,3,5,32,80,217,2383,6535.0
116,18,8,49,66,149,1951,4491.0
117,8,9,61,91,164,2713,4948.0
118,16,10,16,73,258,2190,7762.0
119,7,2,17,83,192,2485,5779.0
120,11,5,65,86,150,2568,4519.0
121,16,4,23,82,215,2445,6471.0
122,10,7,41,77,154,2300,4635.0
123,8,19,66,75,185,2247,5579.0
124,14,13,38,62,202,1860,6085.0
125,5,8,45,78,139,2317,4190.0
126,9,10,51,82,221,2440,6657.0
127,4,14,35,84,165,2496,4954.0
128,7,20,63,68,126,2030,3781.0
129,3,14,62,71,143,2120,4293.0
130,7,5,31,80,205,2392,6175.0
131,5,15,43,73,106,2176,3205.0
132,3,4,26,73,198,2183,5966.0
133,16,1,38,76,188,2272,5648.0
134,17,20,48,78,163,2318,4893.0
135,9,6,49,84,198,2513,5946.0
136,15,12,60,73,162,2179,4860.0
137,16,18,20,66,180,1977,5404.0
138,3,2,41,77,203,2284,6101.0
139,8,4,51,72,179,2144,5399.0
140,2,4,63,80,204,2393,6122.0
141,19,16,72,92,165,2759,4955.0
142,7,9,60,69,148,2066,4464.0
143,12,9,57,66,104,1980,3146.0
144,3,19,48,55,177,1624,5316.0
145,1,4,42,63,218,1886,6567.0
146,13,2,23,92,173,2742,5203.0
147,15,3,60,72,173,2144,5205.0
148,18,15,66,63,117,1890,3532.0
149,8,20,32,70,128,2079,3858.0
150,9,16,48,79,211,2351,6335.0
151,16,15,59,71,148,2120,4460.0
152,16,3,35,82,238,2433,7143.0
153,8,2,36,73,125,2171,3757.0
154,20,11,41,63,162,1865,4870.0
155,2,16,74,86,149,2558,4480.0
156,15,11,43,78,179,2313,5392.0
157,18,20,31,75,129,2246,3897.0
158,18,2,41,78,162,2322,4870.0
159,8,7,68,75,161,2237,4839.0
160,12,16,52,73,172,2180,5160.0
161,7,3,42,75,208,2223,6256.0
162,12,13,19,78,148,2325,4467.0
163,12,1,35,68,167,2016,5022.0
164,16,7,31,72,181,2144,5442.0
165,10,4,67,69,198,2061,5960.0
166,17,6,67,62,161,1848,4833.0
167,3,18,31,74,175,2206,5265.0
168,8,15,56,69,117,2044,3521.0
169,14,20,40,65,201,1941,6052.0
170,19,9,72,67,110,1992,3314.0
171,17,7,19,80,126,2391,3783.0
172,14,5,17,66,167,1972,5038.0
173,7,14,16,73,160,2184,4823.0
174,2,8,45,84,176,2492,5286.0
175,17,14,34,69,141,2042,4247.0
176,5,4,62,85,232,2529,6979.0
177,6,12,56,78,178,2319,5343.0
178,15,9,16,80,154,2379,4641.0
179,2,1,55,67,122,1994,3660.0
180,5,12,37,67,162,1989,4876.0
181,19,18,21,92,153,2743,4597.0
182,4,9,65,86,136,2564,4102.0
183,6,19,43,55,176,1636,5295.0
184,20,17,26,77,160,2288,4818.0
185,1,20,69,90,166,2673,4994.0
186,1,14,23,63,160,1868,4821.0
187,20,10,45,73,184,2185,5525.0
188,7,4,51,89,234,2650,7030.0
189,14,10,35,89,239,2652,7173.0
190,19,12,48,69,140,2041,4228.0
191,14,1,63,83,219,2488,6577.0
192,4,15,54,75,117,2241,3517.0
193,4,8,51,80,153,2371,4596.0
194,1,19,69,77,184,2305,5522.0
195,7,17,59,78,113,2335,3391.0
196,3,17,57,67,119,2002,3583.0
197,8,3,17,75,201,2238,6052.0
198,9,20,67,72,171,2150,5140.0
199,16,6,74,90,227,2690,6829.0
horizon=258
