NODES,30
1,1,-,-
2,2,-,-
3,3,-,-
4,4,-,-
5,5,-,-
6,6,-,-
7,7,-,-
8,8,-,-
9,9,-,-
10,10,-,-
11,11,-,-
12,12,-,-
13,13,-,-
14,14,-,-
15,15,-,-
16,16,-,-
17,17,-,-
18,18,-,-
19,19,-,-
20,20,-,-
21,21,-,-
22,22,-,-
23,23,-,-
24,24,-,-
25,25,-,-
26,26,-,-
27,27,-,-
28,28,-,-
29,29,-,-
30,30,-,-
ARCS,520
0,1,18,7,564,612,35,1026,1026.0
1,1,6,2,383,374,24,697,697.0
2,1,27,3,513,157,32,933,933.0
3,1,19,2,181,545,11,330,330.0
4,1,30,7,145,637,9,264,264.0
5,1,20,2,600,687,37,1091,1091.0
6,1,25,9,94,279,6,171,171.0
7,1,4,4,73,640,5,133,133.0
8,1,21,2,420,220,26,764,764.0
9,1,16,4,477,182,29,868,868.0
10,1,29,6,644,532,40,1171,1171.0
11,1,8,9,131,300,8,239,239.0
12,2,17,3,159,272,10,290,290.0
13,2,10,9,600,354,37,1091,1091.0
14,2,15,2,622,310,38,1131,1131.0
15,2,13,7,542,462,33,986,986.0
16,2,19,9,152,373,10,277,277.0
17,2,14,4,261,612,16,475,475.0
18,2,20,5,485,393,30,882,882.0
19,2,9,2,210,655,13,382,382.0
20,2,11,6,615,644,38,1119,1119.0
21,2,16,5,607,189,37,1104,1104.0
22,2,26,4,275,417,17,500,500.0
23,2,5,8,535,163,33,973,973.0
24,2,27,5,535,412,33,973,973.0
25,2,12,5,521,685,32,948,948.0
26,2,18,4,391,722,24,711,711.0
27,3,20,1,586,682,36,1066,1066.0
28,3,16,4,672,681,41,1222,1222.0
29,3,24,4,644,513,40,1171,1171.0
30,3,17,5,311,244,19,566,566.0
31,3,5,8,427,558,26,777,777.0
32,3,29,4,644,647,40,1171,1171.0
33,3,28,6,210,639,13,382,382.0
34,3,7,7,441,626,27,802,802.0
35,3,13,2,87,373,6,159,159.0
36,3,25,4,268,155,17,488,488.0
37,3,22,3,239,520,15,435,435.0
38,3,18,5,615,723,38,1119,1119.0
39,3,14,3,441,374,27,802,802.0
40,3,11,6,571,437,35,1039,1039.0
41,3,19,5,593,415,36,1079,1079.0
42,3,27,3,672,580,41,1222,1222.0
43,3,12,9,427,716,26,777,777.0
44,3,6,8,528,392,32,960,960.0
45,3,8,9,593,395,36,1079,1079.0
46,3,15,9,470,344,29,855,855.0
47,3,4,5,571,561,35,1039,1039.0
48,3,10,1,87,182,6,159,159.0
49,3,9,2,672,360,41,1222,1222.0
50,3,1,3,224,507,14,408,408.0
51,4,11,8,398,440,25,724,724.0
52,4,10,8,456,456,28,830,830.0
53,4,1,8,644,680,40,1171,1171.0
54,4,21,2,217,317,14,395,395.0
55,4,23,6,557,469,34,1013,1013.0
56,4,27,1,333,496,21,606,606.0
57,4,24,5,528,325,32,960,960.0
58,4,28,7,145,234,9,264,264.0
59,4,30,9,456,440,28,830,830.0
60,4,9,1,217,227,14,395,395.0
61,4,3,3,521,370,32,948,948.0
62,4,17,7,665,659,41,1210,1210.0
63,4,13,2,521,148,32,948,948.0
64,5,12,6,369,291,23,671,671.0
65,5,2,2,203,329,13,370,370.0
66,5,30,4,636,439,39,1157,1157.0
67,5,19,6,87,550,6,159,159.0
68,5,13,1,188,700,12,342,342.0
69,5,22,5,636,685,39,1157,1157.0
70,5,4,5,268,713,17,488,488.0
71,5,10,7,456,176,28,830,830.0
72,5,26,6,535,399,33,973,973.0
73,5,25,9,528,284,32,960,960.0
74,5,3,6,304,590,19,553,553.0
75,5,8,1,506,231,31,920,920.0
76,5,27,4,441,246,27,802,802.0
77,5,24,6,557,634,34,1013,1013.0
78,5,21,3,448,465,28,815,815.0
79,6,11,9,138,195,9,251,251.0
80,6,30,5,521,504,32,948,948.0
81,6,1,8,383,682,24,697,697.0
82,6,19,8,326,344,20,593,593.0
83,6,3,8,578,195,36,1051,1051.0
84,6,10,5,434,201,27,790,790.0
85,6,22,5,391,284,24,711,711.0
86,6,4,2,73,258,5,133,133.0
87,6,26,6,275,147,17,500,500.0
88,6,18,2,268,459,17,488,488.0
89,6,27,5,405,243,25,737,737.0
90,6,17,9,600,228,37,1091,1091.0
91,6,28,1,398,157,25,724,724.0
92,6,14,4,232,338,15,422,422.0
93,6,16,5,376,493,23,684,684.0
94,6,5,1,564,680,35,1026,1026.0
95,7,23,9,87,222,6,159,159.0
96,7,11,6,420,631,26,764,764.0
97,7,8,8,600,298,37,1091,1091.0
98,7,26,5,340,297,21,619,619.0
99,7,27,8,80,607,5,146,146.0
100,7,20,5,369,481,23,671,671.0
101,7,22,9,644,604,40,1171,1171.0
102,7,3,7,347,436,22,631,631.0
103,7,24,5,593,526,36,1079,1079.0
104,7,10,4,398,491,25,724,724.0
105,7,9,9,622,671,38,1131,1131.0
106,7,1,3,564,272,35,1026,1026.0
107,8,14,4,694,206,43,1262,1262.0
108,8,30,6,102,325,7,186,186.0
109,8,9,7,571,212,35,1039,1039.0
110,8,17,8,448,231,28,815,815.0
111,8,25,6,232,215,15,422,422.0
112,8,4,5,701,513,43,1275,1275.0
113,8,27,9,557,452,34,1013,1013.0
114,8,13,7,188,314,12,342,342.0
115,8,26,3,152,487,10,277,277.0
116,8,10,2,123,332,8,224,224.0
117,8,19,6,593,666,36,1079,1079.0
118,8,28,3,80,453,5,146,146.0
119,8,11,1,701,278,43,1275,1275.0
120,8,2,7,217,682,14,395,395.0
121,8,16,7,434,218,27,790,790.0
122,8,7,7,174,582,11,317,317.0
123,8,12,6,680,260,42,1237,1237.0
124,8,6,7,644,417,40,1171,1171.0
125,8,20,6,593,478,36,1079,1079.0
126,8,24,7,391,268,24,711,711.0
127,8,22,4,492,317,30,895,895.0
128,8,3,2,658,586,40,1197,1197.0
129,8,5,4,145,358,9,264,264.0
130,8,15,1,261,363,16,475,475.0
131,8,18,4,644,459,40,1171,1171.0
132,9,16,2,535,387,33,973,973.0
133,9,4,6,224,252,14,408,408.0
134,9,17,6,513,306,32,933,933.0
135,9,11,3,694,379,43,1262,1262.0
136,9,27,6,362,411,22,659,659.0
137,9,13,6,116,348,8,211,211.0
138,9,26,8,593,608,36,1079,1079.0
139,9,25,7,427,176,26,777,777.0
140,9,24,6,463,408,29,842,842.0
141,9,6,1,224,710,14,408,408.0
142,9,3,9,80,447,5,146,146.0
143,9,5,6,672,312,41,1222,1222.0
144,9,8,8,644,636,40,1171,1171.0
145,9,2,8,311,268,19,566,566.0
146,9,19,6,311,482,19,566,566.0
147,9,7,6,369,728,23,671,671.0
148,9,29,1,289,345,18,526,526.0
149,9,10,3,405,269,25,737,737.0
150,9,20,3,448,415,28,815,815.0
151,9,14,1,571,430,35,1039,1039.0
152,9,21,2,535,513,33,973,973.0
153,9,18,6,463,522,29,842,842.0
154,10,3,4,644,618,40,1171,1171.0
155,10,24,5,246,534,15,448,448.0
156,10,9,8,275,526,17,500,500.0
157,10,6,5,456,680,28,830,830.0
158,10,29,9,232,278,15,422,422.0
159,10,11,2,253,551,16,460,460.0
160,10,23,2,535,233,33,973,973.0
161,10,26,7,152,338,10,277,277.0
162,10,4,5,434,211,27,790,790.0
163,10,22,9,463,552,29,842,842.0
164,10,2,9,463,320,29,842,842.0
165,10,7,6,644,203,40,1171,1171.0
166,10,30,6,152,411,10,277,277.0
167,10,14,6,557,694,34,1013,1013.0
168,10,15,4,420,437,26,764,764.0
169,11,20,2,102,221,7,186,186.0
170,11,18,4,658,688,40,1197,1197.0
171,11,3,1,224,428,14,408,408.0
172,11,21,3,644,452,40,1171,1171.0
173,11,7,8,694,171,43,1262,1262.0
174,11,5,8,420,215,26,764,764.0
175,11,12,2,362,443,22,659,659.0
176,11,17,7,275,344,17,500,500.0
177,11,16,1,355,411,22,646,646.0
178,11,26,8,275,450,17,500,500.0
179,11,9,7,239,370,15,435,435.0
180,11,6,2,268,408,17,488,488.0
181,11,25,5,571,345,35,1039,1039.0
182,11,4,5,506,571,31,920,920.0
183,11,15,4,716,599,44,1302,1302.0
184,11,24,5,535,547,33,973,973.0
185,11,8,9,420,307,26,764,764.0
186,11,29,9,593,471,36,1079,1079.0
187,11,1,2,709,199,43,1290,1290.0
188,12,21,8,131,637,8,239,239.0
189,12,27,9,347,335,22,631,631.0
190,12,6,4,138,681,9,251,251.0
191,12,8,4,318,564,20,579,579.0
192,12,5,8,658,414,40,1197,1197.0
193,12,24,1,181,696,11,330,330.0
194,12,10,2,506,707,31,920,920.0
195,12,16,8,80,582,5,146,146.0
196,12,13,6,680,515,42,1237,1237.0
197,12,30,2,672,259,41,1222,1222.0
198,12,11,7,448,520,28,815,815.0
199,12,17,6,304,577,19,553,553.0
200,12,25,1,203,669,13,370,370.0
201,12,2,7,282,590,18,513,513.0
202,12,4,1,152,266,10,277,277.0
203,12,3,6,651,665,40,1184,1184.0
204,12,22,8,383,382,24,697,697.0
205,13,5,9,593,220,36,1079,1079.0
206,13,26,9,188,444,12,342,342.0
207,13,17,8,506,319,31,920,920.0
208,13,20,3,622,276,38,1131,1131.0
209,13,23,8,651,682,40,1184,1184.0
210,13,3,1,398,211,25,724,724.0
211,13,27,9,607,453,37,1104,1104.0
212,13,9,9,224,192,14,408,408.0
213,13,25,1,145,615,9,264,264.0
214,13,8,6,716,453,44,1302,1302.0
215,13,6,5,513,447,32,933,933.0
216,13,16,8,665,161,41,1210,1210.0
217,13,7,4,347,440,22,631,631.0
218,13,24,8,694,678,43,1262,1262.0
219,14,24,3,456,715,28,830,830.0
220,14,16,3,615,663,38,1119,1119.0
221,14,17,1,492,182,30,895,895.0
222,14,8,1,542,682,33,986,986.0
223,14,6,3,615,430,38,1119,1119.0
224,14,15,8,131,471,8,239,239.0
225,14,10,5,340,411,21,619,619.0
226,14,19,8,528,361,32,960,960.0
227,14,29,8,253,512,16,460,460.0
228,14,2,1,289,320,18,526,526.0
229,14,25,1,513,189,32,933,933.0
230,14,4,5,102,498,7,186,186.0
231,14,23,6,564,387,35,1026,1026.0
232,14,9,4,456,342,28,830,830.0
233,14,30,1,398,355,25,724,724.0
234,14,1,3,492,298,30,895,895.0
235,14,18,5,174,525,11,317,317.0
236,14,12,6,665,173,41,1210,1210.0
237,14,27,8,376,477,23,684,684.0
238,14,13,3,80,709,5,146,146.0
239,15,19,3,333,376,21,606,606.0
240,15,26,7,232,285,15,422,422.0
241,15,16,4,217,147,14,395,395.0
242,15,10,2,716,646,44,1302,1302.0
243,15,21,1,239,295,15,435,435.0
244,15,18,2,687,720,42,1250,1250.0
245,15,14,1,448,665,28,815,815.0
246,15,28,2,492,276,30,895,895.0
247,15,25,1,333,268,21,606,606.0
248,15,13,3,174,404,11,317,317.0
249,15,29,5,492,370,30,895,895.0
250,15,2,7,318,488,20,579,579.0
251,15,4,5,333,618,21,606,606.0
252,15,9,5,622,170,38,1131,1131.0
253,15,27,5,528,458,32,960,960.0
254,15,23,5,333,598,21,606,606.0
255,15,30,5,123,447,8,224,224.0
256,15,24,3,362,430,22,659,659.0
257,15,1,8,441,364,27,802,802.0
258,16,21,6,196,450,12,357,357.0
259,16,30,5,615,710,38,1119,1119.0
260,16,11,1,694,703,43,1262,1262.0
261,16,23,6,210,713,13,382,382.0
262,16,24,9,109,690,7,199,199.0
263,16,17,7,246,186,15,448,448.0
264,16,6,9,434,653,27,790,790.0
265,16,13,1,463,690,29,842,842.0
266,16,2,2,289,647,18,526,526.0
267,16,14,8,694,196,43,1262,1262.0
268,16,12,9,412,395,25,750,750.0
269,16,18,2,578,547,36,1051,1051.0
270,16,3,7,680,661,42,1237,1237.0
271,16,1,7,420,455,26,764,764.0
272,16,10,8,102,468,7,186,186.0
273,17,15,3,644,272,40,1171,1171.0
274,17,9,8,434,481,27,790,790.0
275,17,25,8,282,434,18,513,513.0
276,17,23,4,318,517,20,579,579.0
277,17,12,8,232,709,15,422,422.0
278,17,7,4,665,236,41,1210,1210.0
279,17,27,3,340,368,21,619,619.0
280,17,18,7,326,592,20,593,593.0
281,17,5,3,203,493,13,370,370.0
282,17,28,9,167,665,11,304,304.0
283,17,6,4,607,636,37,1104,1104.0
284,17,13,2,636,411,39,1157,1157.0
285,17,21,5,355,725,22,646,646.0
286,17,16,1,210,420,13,382,382.0
287,17,26,2,716,674,44,1302,1302.0
288,17,3,3,333,420,21,606,606.0
289,17,10,2,521,655,32,948,948.0
290,17,14,8,333,577,21,606,606.0
291,18,30,4,289,655,18,526,526.0
292,18,12,2,311,515,19,566,566.0
293,18,13,5,239,347,15,435,435.0
294,18,9,5,600,218,37,1091,1091.0
295,18,7,3,289,544,18,526,526.0
296,18,29,7,268,567,17,488,488.0
297,18,24,2,492,634,30,895,895.0
298,18,23,8,470,560,29,855,855.0
299,18,22,6,535,271,33,973,973.0
300,18,3,8,131,398,8,239,239.0
301,18,14,3,232,611,15,422,422.0
302,18,11,5,636,266,39,1157,1157.0
303,18,20,8,217,666,14,395,395.0
304,18,21,6,528,725,32,960,960.0
305,18,10,2,665,488,41,1210,1210.0
306,18,4,5,203,729,13,370,370.0
307,18,15,8,586,269,36,1066,1066.0
308,18,28,8,87,345,6,159,159.0
309,18,2,7,557,310,34,1013,1013.0
310,18,26,5,253,650,16,460,460.0
311,18,6,3,116,707,8,211,211.0
312,19,29,5,131,347,8,239,239.0
313,19,11,7,405,523,25,737,737.0
314,19,7,9,131,460,8,239,239.0
315,19,22,3,289,237,18,526,526.0
316,19,18,8,398,208,25,724,724.0
317,19,23,4,535,215,33,973,973.0
318,19,27,9,622,593,38,1131,1131.0
319,19,24,8,629,459,39,1144,1144.0
320,19,15,3,398,631,25,724,724.0
321,19,9,9,651,198,40,1184,1184.0
322,19,25,5,188,357,12,342,342.0
323,19,21,8,347,198,22,631,631.0
324,19,6,6,217,453,14,395,395.0
325,19,28,1,123,479,8,224,224.0
326,19,3,4,499,696,31,908,908.0
327,19,17,7,477,639,29,868,868.0
328,19,10,6,203,675,13,370,370.0
329,20,6,9,217,453,14,395,395.0
330,20,14,6,434,617,27,790,790.0
331,20,17,7,80,241,5,146,146.0
332,20,18,5,477,614,29,868,868.0
333,20,11,8,456,393,28,830,830.0
334,20,12,6,607,326,37,1104,1104.0
335,20,24,2,701,455,43,1275,1275.0
336,20,26,6,456,224,28,830,830.0
337,20,7,4,636,234,39,1157,1157.0
338,20,2,8,116,252,8,211,211.0
339,20,13,4,311,293,19,566,566.0
340,20,27,3,347,447,22,631,631.0
341,20,29,9,427,217,26,777,777.0
342,20,22,9,333,491,21,606,606.0
343,20,8,1,289,203,18,526,526.0
344,21,2,2,188,618,12,342,342.0
345,21,25,2,116,274,8,211,211.0
346,21,9,9,571,487,35,1039,1039.0
347,21,29,6,253,567,16,460,460.0
348,21,24,9,246,494,15,448,448.0
349,21,3,9,333,456,21,606,606.0
350,21,30,2,347,154,22,631,631.0
351,21,15,2,694,571,43,1262,1262.0
352,21,26,6,318,536,20,579,579.0
353,21,16,1,261,189,16,475,475.0
354,21,17,1,232,385,15,422,422.0
355,21,1,1,123,409,8,224,224.0
356,21,5,2,224,639,14,408,408.0
357,21,20,3,420,366,26,764,764.0
358,21,6,6,615,209,38,1119,1119.0
359,21,10,5,109,274,7,199,199.0
360,21,27,9,174,662,11,317,317.0
361,21,13,7,622,341,38,1131,1131.0
362,21,8,1,159,173,10,290,290.0
363,22,16,9,571,663,35,1039,1039.0
364,22,27,8,109,604,7,199,199.0
365,22,3,8,477,621,29,868,868.0
366,22,24,2,644,155,40,1171,1171.0
367,22,2,4,333,231,21,606,606.0
368,22,11,9,340,425,21,619,619.0
369,22,13,5,672,281,41,1222,1222.0
370,22,5,6,261,710,16,475,475.0
371,22,8,8,391,182,24,711,711.0
372,22,20,9,282,643,18,513,513.0
373,22,30,9,102,696,7,186,186.0
374,22,4,2,680,519,42,1237,1237.0
375,22,18,4,701,370,43,1275,1275.0
376,22,21,9,181,621,11,330,330.0
377,22,14,6,333,656,21,606,606.0
378,22,6,1,123,693,8,224,224.0
379,22,10,5,680,481,42,1237,1237.0
380,22,17,3,282,519,18,513,513.0
381,22,12,5,521,482,32,948,948.0
382,22,25,5,420,463,26,764,764.0
383,22,9,1,701,271,43,1275,1275.0
384,23,24,8,275,335,17,500,500.0
385,23,3,1,716,684,44,1302,1302.0
386,23,17,8,542,294,33,986,986.0
387,23,11,9,593,164,36,1079,1079.0
388,23,9,8,318,542,20,579,579.0
389,23,1,4,253,706,16,460,460.0
390,23,25,7,485,566,30,882,882.0
391,23,20,1,80,681,5,146,146.0
392,23,13,6,383,358,24,697,697.0
393,23,28,8,434,726,27,790,790.0
394,23,22,3,304,548,19,553,553.0
395,23,10,4,398,203,25,724,724.0
396,23,29,5,102,545,7,186,186.0
397,24,14,9,441,614,27,802,802.0
398,24,26,1,535,658,33,973,973.0
399,24,23,3,210,335,13,382,382.0
400,24,19,2,513,249,32,933,933.0
401,24,1,7,557,571,34,1013,1013.0
402,24,18,1,239,336,15,435,435.0
403,24,10,8,232,719,15,422,422.0
404,24,13,8,672,290,41,1222,1222.0
405,24,29,1,694,650,43,1262,1262.0
406,24,15,5,80,395,5,146,146.0
407,24,28,5,557,519,34,1013,1013.0
408,24,22,3,289,373,18,526,526.0
409,24,21,8,239,183,15,435,435.0
410,24,3,7,87,201,6,159,159.0
411,24,6,7,427,259,26,777,777.0
412,24,4,8,564,274,35,1026,1026.0
413,24,27,3,593,539,36,1079,1079.0
414,25,2,5,716,186,44,1302,1302.0
415,25,14,7,434,166,27,790,790.0
416,25,15,6,174,179,11,317,317.0
417,25,12,9,709,566,43,1290,1290.0
418,25,16,1,326,652,20,593,593.0
419,25,21,7,239,288,15,435,435.0
420,25,6,8,87,570,6,159,159.0
421,25,18,1,123,460,8,224,224.0
422,25,24,8,347,532,22,631,631.0
423,25,26,6,658,323,40,1197,1197.0
424,25,10,5,355,366,22,646,646.0
425,25,7,3,571,298,35,1039,1039.0
426,25,9,9,347,434,22,631,631.0
427,25,13,3,564,567,35,1026,1026.0
428,25,28,5,73,450,5,133,133.0
429,25,20,6,174,446,11,317,317.0
430,25,30,1,398,481,25,724,724.0
431,25,3,4,499,490,31,908,908.0
432,25,5,5,282,618,18,513,513.0
433,25,8,4,318,373,20,579,579.0
434,26,23,8,701,564,43,1275,1275.0
435,26,29,5,174,573,11,317,317.0
436,26,18,6,123,317,8,224,224.0
437,26,22,4,550,550,34,1000,1000.0
438,26,11,8,470,487,29,855,855.0
439,26,1,1,196,729,12,357,357.0
440,26,12,3,550,458,34,1000,1000.0
441,26,8,3,593,685,36,1079,1079.0
442,26,3,1,434,497,27,790,790.0
443,26,25,3,383,440,24,697,697.0
444,26,7,1,578,589,36,1051,1051.0
445,26,21,1,362,723,22,659,659.0
446,26,4,3,427,463,26,777,777.0
447,26,16,4,600,472,37,1091,1091.0
448,26,13,5,521,335,32,948,948.0
449,26,2,2,275,249,17,500,500.0
450,26,28,8,586,341,36,1066,1066.0
451,26,6,6,694,367,43,1262,1262.0
452,27,15,9,412,576,25,750,750.0
453,27,2,4,535,639,33,973,973.0
454,27,3,8,369,477,23,671,671.0
455,27,20,8,636,199,39,1157,1157.0
456,27,21,4,622,536,38,1131,1131.0
457,27,25,3,528,458,32,960,960.0
458,27,4,5,571,440,35,1039,1039.0
459,27,26,4,456,490,28,830,830.0
460,27,16,1,615,604,38,1119,1119.0
461,27,18,8,405,431,25,737,737.0
462,27,6,7,528,558,32,960,960.0
463,27,30,9,571,462,35,1039,1039.0
464,27,24,4,224,423,14,408,408.0
465,27,28,6,282,164,18,513,513.0
466,27,14,3,167,399,11,304,304.0
467,27,8,8,275,653,17,500,500.0
468,27,12,9,636,322,39,1157,1157.0
469,27,19,8,528,230,32,960,960.0
470,27,10,7,615,331,38,1119,1119.0
471,28,26,4,246,290,15,448,448.0
472,28,19,2,550,599,34,1000,1000.0
473,28,18,6,261,420,16,475,475.0
474,28,17,2,261,215,16,475,475.0
475,28,23,4,376,431,23,684,684.0
476,28,6,1,398,538,25,724,724.0
477,28,30,6,239,642,15,435,435.0
478,28,1,1,217,668,14,395,395.0
479,28,2,7,513,171,32,933,933.0
480,28,13,7,709,479,43,1290,1290.0
481,28,9,5,383,706,24,697,697.0
482,28,5,6,152,726,10,277,277.0
483,28,10,5,485,344,30,882,882.0
484,28,4,8,217,650,14,395,395.0
485,28,14,5,282,282,18,513,513.0
486,28,8,6,694,531,43,1262,1262.0
487,29,20,5,73,498,5,133,133.0
488,29,28,4,340,515,21,619,619.0
489,29,8,6,311,634,19,566,566.0
490,29,1,6,672,436,41,1222,1222.0
491,29,5,8,542,167,33,986,986.0
492,29,15,1,550,414,34,1000,1000.0
493,29,12,5,571,203,35,1039,1039.0
494,29,26,4,535,677,33,973,973.0
495,29,27,7,369,180,23,671,671.0
496,29,17,9,521,225,32,948,948.0
497,29,18,3,542,576,33,986,986.0
498,29,24,2,658,345,40,1197,1197.0
499,29,11,4,261,255,16,475,475.0
500,29,16,2,203,469,13,370,370.0
501,29,9,5,521,385,32,948,948.0
502,29,10,9,246,450,15,448,448.0
503,30,10,4,138,279,9,251,251.0
504,30,4,1,80,379,5,146,146.0
505,30,15,2,716,555,44,1302,1302.0
506,30,8,9,224,423,14,408,408.0
507,30,23,9,224,252,14,408,408.0
508,30,3,6,333,212,21,606,606.0
509,30,1,9,297,411,18,540,540.0
510,30,29,9,615,726,38,1119,1119.0
511,30,5,8,109,658,7,199,199.0
512,30,19,8,210,427,13,382,382.0
513,30,27,1,499,481,31,908,908.0
514,30,26,3,246,725,15,448,448.0
515,30,9,1,232,171,15,422,422.0
516,30,13,4,506,393,31,920,920.0
517,30,28,9,246,399,15,448,448.0
518,30,18,2,369,393,23,671,671.0
519,30,2,7,261,333,16,475,475.0
COMMODITIES,400
0,4,23,71,13,58,390,1759.0
1,19,17,19,19,45,555,1356.0
2,19,20,24,22,46,644,1402.0
3,6,15,57,14,45,418,1369.0
4,16,29,49,26,56,774,1696.0
5,9,8,38,29,69,870,2075.0
6,11,6,49,23,48,668,1453.0
7,5,12,41,13,44,368,1326.0
8,5,9,74,19,52,567,1583.0
9,29,2,23,17,37,497,1127.0
10,15,9,41,29,61,864,1830.0
11,6,2,20,24,56,697,1689.0
12,1,30,37,23,42,680,1281.0
13,17,29,21,29,67,855,2027.0
14,26,2,58,24,51,695,1544.0
15,21,15,46,26,54,778,1641.0
16,2,16,45,17,49,500,1481.0
17,19,4,55,11,38,324,1155.0
18,22,5,59,21,41,624,1258.0
19,24,2,44,31,64,923,1936.0
20,27,15,40,27,54,796,1634.0
21,30,10,52,31,48,912,1463.0
22,20,25,56,17,51,498,1531.0
23,26,16,18,14,48,418,1458.0
24,25,19,53,13,42,383,1266.0
25,5,15,32,23,59,678,1788.0
26,11,4,62,14,46,408,1389.0
27,1,29,38,16,43,477,1301.0
28,13,6,43,31,52,903,1570.0
29,18,15,71,19,50,555,1501.0
30,22,13,18,22,58,641,1748.0
31,23,15,53,28,59,819,1777.0
32,25,28,37,21,34,610,1049.0
33,13,20,31,30,57,875,1719.0
34,4,19,34,30,62,892,1886.0
35,6,12,70,24,64,698,1932.0
36,23,30,28,29,63,866,1904.0
37,8,21,53,18,47,531,1417.0
38,18,30,48,21,49,624,1474.0
39,19,10,27,28,51,840,1548.0
40,17,6,57,19,53,556,1608.0
41,18,27,49,26,60,780,1801.0
42,21,24,30,34,55,1008,1666.0
43,23,16,33,16,45,474,1365.0
44,12,28,34,23,51,671,1534.0
45,5,27,58,23,49,684,1497.0
46,23,3,61,26,57,755,1733.0
47,17,9,54,35,71,1030,2141.0
48,9,16,19,30,65,872,1965.0
49,7,26,27,27,59,790,1793.0
50,7,13,71,25,54,746,1627.0
51,9,18,28,19,47,552,1435.0
52,22,19,58,27,53,806,1618.0
53,27,7,30,22,55,648,1667.0
54,8,14,34,18,49,521,1474.0
55,16,7,28,19,61,560,1857.0
56,2,29,52,25,52,729,1569.0
57,25,5,72,20,43,584,1316.0
58,17,14,44,23,55,690,1671.0
59,18,14,21,6,29,170,882.0
60,2,15,71,18,53,520,1606.0
61,7,18,53,19,54,553,1649.0
62,5,3,33,23,50,662,1522.0
63,20,9,38,22,51,642,1533.0
64,28,3,53,16,49,462,1486.0
65,11,18,54,16,52,464,1572.0
66,28,17,39,33,57,972,1725.0
67,2,25,73,21,47,601,1413.0
68,9,28,54,15,40,421,1222.0
69,25,15,73,26,41,767,1251.0
70,1,14,51,20,52,588,1584.0
71,16,26,61,32,54,931,1640.0
72,7,27,53,17,28,485,859.0
73,25,27,70,22,54,641,1627.0
74,6,23,43,31,74,919,2238.0
75,8,26,29,21,36,613,1089.0
76,29,25,20,33,67,968,2015.0
77,18,4,17,21,39,614,1191.0
78,27,16,37,16,59,464,1773.0
79,17,20,37,21,55,602,1652.0
80,3,9,55,16,43,470,1306.0
81,23,2,58,19,40,546,1222.0
82,26,11,49,37,70,1091,2128.0
83,4,21,30,27,50,791,1521.0
84,11,14,54,21,58,627,1758.0
85,17,11,61,6,44,157,1348.0
86,9,12,28,26,63,751,1908.0
87,2,5,30,27,58,789,1758.0
88,11,10,52,17,46,506,1403.0
89,2,19,73,18,40,534,1202.0
90,12,20,50,27,62,786,1860.0
91,4,7,29,10,50,299,1508.0
92,13,19,71,7,42,191,1280.0
93,20,7,60,18,48,524,1467.0
94,10,4,49,23,45,673,1373.0
95,18,2,36,18,44,517,1345.0
96,28,25,64,12,41,343,1250.0
97,27,18,53,19,50,564,1517.0
98,23,21,39,24,62,701,1863.0
99,25,10,24,21,50,605,1520.0
100,22,28,50,22,51,649,1531.0
101,28,15,31,11,44,305,1320.0
102,23,4,74,35,64,1036,1926.0
103,27,6,36,28,61,813,1844.0
104,24,9,74,17,51,486,1550.0
105,24,10,55,26,44,774,1347.0
106,4,27,45,15,45,446,1354.0
107,23,17,66,25,42,740,1277.0
108,30,11,48,25,58,737,1747.0
109,27,4,20,41,66,1217,2003.0
110,30,1,18,16,48,461,1447.0
111,22,1,72,18,43,523,1309.0
112,30,5,62,5,21,138,656.0
113,23,26,70,16,55,468,1651.0
114,12,19,66,14,52,416,1580.0
115,11,28,44,18,50,531,1515.0
116,3,11,46,26,55,770,1661.0
117,24,30,72,25,49,725,1474.0
118,11,24,18,24,62,698,1886.0
119,28,26,51,21,46,611,1404.0
120,4,1,65,24,53,710,1615.0
121,28,19,44,28,54,840,1642.0
122,22,25,47,13,41,388,1230.0
123,23,7,36,14,53,395,1615.0
124,15,12,55,19,67,552,2038.0
125,28,13,69,19,52,570,1577.0
126,17,21,54,37,67,1108,2016.0
127,24,19,38,26,60,777,1826.0
128,20,22,51,18,52,535,1561.0
129,23,6,69,9,37,265,1138.0
130,25,6,38,24,40,697,1219.0
131,18,17,56,23,52,689,1582.0
132,4,9,47,25,48,738,1445.0
133,17,3,20,20,49,596,1488.0
134,1,23,68,13,46,388,1406.0
135,19,11,74,29,58,847,1743.0
136,1,26,24,15,38,423,1144.0
137,29,26,41,21,55,612,1667.0
138,5,10,69,21,50,622,1523.0
139,22,23,61,13,43,368,1311.0
140,12,14,40,32,59,931,1798.0
141,28,11,41,19,60,566,1829.0
142,19,23,17,18,39,538,1189.0
143,8,9,30,17,43,485,1309.0
144,21,28,61,32,50,936,1506.0
145,20,30,22,30,64,895,1947.0
146,3,17,62,19,46,549,1390.0
147,20,29,48,9,42,269,1279.0
148,12,24,60,28,45,827,1375.0
149,10,12,72,15,59,429,1791.0
150,1,3,18,26,59,766,1771.0
151,20,4,33,41,67,1202,2030.0
152,26,28,52,18,41,528,1248.0
153,12,7,15,21,59,629,1789.0
154,6,11,33,20,37,598,1130.0
155,7,15,70,15,43,429,1318.0
156,28,8,18,23,55,678,1652.0
157,29,10,38,34,60,1002,1821.0
158,16,19,59,14,52,407,1589.0
159,3,28,53,18,38,538,1161.0
160,21,1,67,21,40,609,1209.0
161,12,1,43,23,48,690,1455.0
162,1,6,20,29,46,845,1396.0
163,24,5,20,24,52,703,1589.0
164,8,10,27,27,45,806,1350.0
165,8,23,24,19,45,555,1358.0
166,27,25,16,19,54,563,1643.0
167,24,11,71,17,49,506,1497.0
168,8,13,73,22,45,633,1364.0
169,1,17,48,23,52,668,1574.0
170,11,26,45,15,44,434,1320.0
171,10,25,61,18,54,526,1623.0
172,11,29,72,19,54,565,1644.0
173,6,19,29,18,48,537,1451.0
174,26,24,15,23,60,667,1812.0
175,22,24,54,23,54,673,1649.0
176,6,4,25,20,34,588,1044.0
177,22,11,45,29,53,857,1594.0
178,21,12,48,17,57,487,1714.0
179,28,2,19,22,54,633,1639.0
180,4,20,43,18,58,539,1767.0
181,26,3,70,21,49,616,1499.0
182,16,18,19,20,49,576,1477.0
183,6,25,24,25,62,736,1869.0
184,17,5,32,26,50,776,1520.0
185,17,12,64,15,39,431,1172.0
186,22,9,42,27,54,791,1636.0
187,18,8,57,26,63,774,1914.0
188,1,20,33,28,54,818,1647.0
189,22,27,54,27,40,791,1220.0
190,9,15,71,26,61,754,1853.0
191,2,22,65,26,63,780,1901.0
192,5,17,58,5,36,143,1081.0
193,4,16,22,26,67,774,2012.0
194,18,7,57,33,62,975,1864.0
195,14,5,37,33,67,976,2038.0
196,8,25,48,22,47,639,1428.0
197,22,17,44,15,43,442,1290.0
198,8,24,68,21,55,621,1670.0
199,9,4,25,16,36,468,1099.0
200,23,27,40,21,55,621,1656.0
201,4,6,40,30,67,893,2018.0
202,20,23,20,15,49,448,1481.0
203,29,1,22,15,57,447,1721.0
204,29,17,49,16,33,475,994.0
205,22,20,28,26,52,773,1570.0
206,9,17,15,12,50,359,1501.0
207,17,8,39,25,64,740,1922.0
208,12,25,32,15,37,433,1123.0
209,15,7,33,35,72,1038,2174.0
210,2,11,40,18,55,511,1657.0
211,1,25,64,15,30,440,911.0
212,7,12,24,19,55,556,1672.0
213,1,2,73,21,49,603,1479.0
214,22,16,25,27,66,809,2002.0
215,25,14,38,20,50,599,1510.0
216,30,16,58,23,64,683,1947.0
217,28,24,56,13,56,363,1709.0
218,4,24,63,22,57,641,1736.0
219,5,22,25,24,55,698,1676.0
220,18,6,46,23,37,672,1133.0
221,24,17,51,25,57,724,1737.0
222,16,15,34,18,38,533,1166.0
223,25,13,19,22,52,653,1578.0
224,14,29,50,18,44,513,1336.0
225,30,20,24,9,36,250,1107.0
226,21,29,44,25,55,748,1665.0
227,2,1,45,21,60,612,1826.0
228,15,26,62,25,52,735,1565.0
229,1,22,28,19,55,547,1656.0
230,20,10,48,22,56,636,1693.0
231,14,3,24,17,45,510,1372.0
232,29,8,57,20,49,595,1489.0
233,14,10,15,32,60,952,1820.0
234,9,13,57,22,38,638,1162.0
235,6,17,33,20,50,585,1513.0
236,1,12,20,20,62,593,1875.0
237,29,23,50,20,54,581,1642.0
238,29,7,60,9,50,258,1504.0
239,14,18,21,16,37,472,1113.0
240,15,27,27,33,67,971,2038.0
241,5,14,48,28,68,824,2045.0
242,24,14,25,12,46,345,1405.0
243,16,4,51,21,52,617,1566.0
244,3,12,62,38,75,1126,2271.0
245,22,18,24,20,55,587,1650.0
246,3,26,36,18,42,533,1264.0
247,26,19,34,37,71,1110,2143.0
248,26,10,61,14,45,413,1373.0
249,14,23,73,30,66,893,1988.0
250,5,24,48,16,53,476,1611.0
251,15,16,66,25,48,722,1452.0
252,8,18,39,25,50,723,1512.0
253,25,2,68,14,40,420,1201.0
254,20,28,30,14,38,397,1169.0
255,14,22,66,19,61,562,1843.0
256,13,24,35,23,61,662,1838.0
257,28,22,16,25,64,739,1924.0
258,1,21,37,17,47,490,1419.0
259,29,14,51,13,50,372,1507.0
260,19,28,41,7,22,199,683.0
261,13,27,49,19,52,551,1588.0
262,10,30,47,27,45,803,1365.0
263,4,2,53,14,48,407,1449.0
264,11,20,20,29,42,848,1261.0
265,12,11,60,21,50,609,1500.0
266,26,25,39,16,39,459,1190.0
267,20,3,44,8,40,226,1205.0
268,30,4,62,16,29,455,886.0
269,3,2,55,19,59,564,1798.0
270,22,30,59,23,36,681,1106.0
271,26,5,46,36,69,1068,2096.0
272,3,15,28,19,51,548,1543.0
273,5,25,25,21,46,621,1409.0
274,3,23,54,12,52,344,1582.0
275,10,11,55,18,43,538,1303.0
276,17,22,56,31,72,907,2182.0
277,11,23,41,21,59,620,1775.0
278,7,5,60,18,55,540,1668.0
279,3,20,74,18,49,533,1484.0
280,29,6,38,20,49,596,1499.0
281,29,24,67,21,53,601,1596.0
282,4,8,50,23,54,684,1639.0
283,10,6,26,26,58,751,1763.0
284,11,9,18,23,47,673,1426.0
285,5,28,71,22,44,631,1339.0
286,16,11,61,29,60,842,1814.0
287,2,12,28,17,51,507,1559.0
288,20,19,29,19,42,564,1272.0
289,27,13,41,22,46,647,1401.0
290,15,6,34,15,50,450,1500.0
291,14,2,50,24,49,701,1486.0
292,10,8,34,3,38,77,1156.0
293,18,24,49,18,54,535,1626.0
294,12,21,29,12,28,344,867.0
295,17,1,26,15,46,444,1406.0
296,29,28,69,29,58,856,1767.0
297,9,10,56,24,43,710,1314.0
298,8,30,70,21,38,606,1155.0
299,22,15,43,9,44,267,1346.0
300,13,16,25,32,70,956,2127.0
301,7,16,29,23,58,689,1755.0
302,17,18,61,16,45,456,1359.0
303,9,26,47,18,46,532,1394.0
304,11,5,28,31,63,907,1909.0
305,5,1,22,24,55,697,1673.0
306,27,10,45,28,62,821,1876.0
307,17,26,39,29,62,865,1868.0
308,23,18,68,23,59,680,1795.0
309,21,20,24,20,44,594,1337.0
310,9,29,46,21,46,623,1380.0
311,7,1,52,19,49,560,1476.0
312,6,22,64,31,63,910,1891.0
313,30,17,21,26,58,756,1752.0
314,27,20,33,17,55,487,1657.0
315,3,1,19,26,48,780,1446.0
316,29,5,68,22,53,659,1594.0
317,2,23,19,12,47,341,1412.0
318,22,6,38,16,34,472,1020.0
319,1,10,47,12,36,336,1090.0
320,23,25,67,16,47,477,1414.0
321,8,17,60,13,42,364,1260.0
322,22,2,40,23,54,678,1624.0
323,27,24,54,13,38,374,1153.0
324,8,3,65,15,48,425,1447.0
325,27,11,42,16,61,466,1840.0
326,6,13,17,20,45,583,1368.0
327,16,25,45,17,45,504,1359.0
328,11,27,16,25,64,738,1942.0
329,11,8,30,22,55,635,1674.0
330,16,21,61,21,43,606,1292.0
331,5,6,45,12,40,347,1229.0
332,8,28,62,21,35,616,1056.0
333,11,16,53,20,50,597,1524.0
334,17,4,59,22,58,657,1741.0
335,6,3,22,13,44,382,1320.0
336,3,22,57,35,61,1046,1847.0
337,24,6,22,24,58,703,1740.0
338,2,3,48,12,38,335,1145.0
339,13,25,57,26,43,770,1304.0
340,30,14,30,27,70,806,2100.0
341,18,16,37,9,39,249,1197.0
342,22,21,64,27,47,800,1423.0
343,13,7,23,24,57,698,1735.0
344,5,23,46,26,53,752,1611.0
345,15,21,74,26,48,779,1469.0
346,23,13,70,20,55,577,1653.0
347,17,24,20,26,57,752,1727.0
348,18,9,42,19,51,549,1538.0
349,10,28,18,28,59,814,1787.0
350,17,25,32,22,48,659,1442.0
351,7,24,27,18,46,514,1397.0
352,21,26,69,24,50,706,1514.0
353,22,7,36,15,52,421,1573.0
354,13,14,25,28,67,826,2028.0
355,29,13,58,26,58,755,1762.0
356,25,12,66,17,52,504,1568.0
357,26,17,21,29,59,851,1779.0
358,19,21,65,18,46,513,1396.0
359,22,29,19,28,62,822,1887.0
360,5,2,41,19,39,556,1186.0
361,21,2,35,20,41,580,1243.0
362,4,18,69,16,48,460,1462.0
363,11,12,53,25,54,723,1624.0
364,13,17,35,10,42,297,1266.0
365,16,6,50,22,54,636,1648.0
366,27,12,28,10,57,298,1724.0
367,24,21,45,19,39,544,1189.0
368,17,23,44,9,41,257,1234.0
369,22,10,42,32,57,948,1738.0
370,1,13,56,24,49,708,1492.0
371,3,13,54,27,42,790,1264.0
372,4,15,18,19,63,556,1893.0
373,17,27,16,30,60,891,1821.0
374,14,6,45,26,51,773,1556.0
375,6,1,55,12,40,357,1223.0
376,16,27,20,21,49,603,1494.0
377,11,3,31,23,47,686,1416.0
378,26,30,40,20,52,592,1560.0
379,27,9,35,21,57,616,1720.0
380,18,29,43,28,52,814,1574.0
381,16,30,67,22,48,647,1455.0
382,23,9,19,26,54,774,1640.0
383,28,10,43,15,46,446,1399.0
384,12,2,26,12,37,351,1115.0
385,17,19,45,12,38,339,1144.0
386,29,27,30,23,54,690,1637.0
387,4,10,25,25,51,745,1558.0
388,19,1,59,10,41,277,1246.0
389,14,16,64,28,58,813,1756.0
390,17,10,20,18,46,539,1402.0
391,10,5,20,19,43,544,1307.0
392,17,7,65,16,51,469,1544.0
393,16,23,34,16,38,461,1147.0
394,18,13,40,26,50,779,1528.0
395,29,18,51,24,64,701,1920.0
396,8,7,66,22,41,647,1242.0
397,13,15,44,24,52,697,1585.0
398,19,30,48,20,51,595,1544.0
399,28,16,36,20,57,579,1739.0
horizon=75
