NODES,30
1,1,-,-
2,2,-,-
3,3,-,-
4,4,-,-
5,5,-,-
6,6,-,-
7,7,-,-
8,8,-,-
9,9,-,-
10,10,-,-
11,11,-,-
12,12,-,-
13,13,-,-
14,14,-,-
15,15,-,-
16,16,-,-
17,17,-,-
18,18,-,-
19,19,-,-
20,20,-,-
21,21,-,-
22,22,-,-
23,23,-,-
24,24,-,-
25,25,-,-
26,26,-,-
27,27,-,-
28,28,-,-
29,29,-,-
30,30,-,-
ARCS,520
0,1,14,2,1431,464,87,2602,2602.0
1,1,16,6,373,490,23,679,679.0
2,1,4,8,358,181,22,651,651.0
3,1,17,9,909,267,56,1653,1653.0
4,1,30,6,492,595,30,895,895.0
5,1,24,7,1118,496,68,2033,2033.0
6,1,12,6,895,430,55,1628,1628.0
7,1,29,3,701,232,43,1275,1275.0
8,1,21,4,1267,206,77,2304,2304.0
9,1,10,4,641,452,39,1166,1166.0
10,1,9,7,1148,452,70,2088,2088.0
11,1,25,5,507,593,31,922,922.0
12,1,11,8,626,550,38,1139,1139.0
13,1,13,8,790,417,48,1437,1437.0
14,1,6,6,1327,702,81,2413,2413.0
15,1,5,5,880,242,54,1600,1600.0
16,1,18,9,731,461,45,1330,1330.0
17,2,18,4,150,401,10,273,273.0
18,2,20,8,1476,651,90,2684,2684.0
19,2,26,1,1312,207,80,2386,2386.0
20,2,23,8,954,623,58,1735,1735.0
21,2,12,6,1133,149,69,2060,2060.0
22,2,4,5,1178,552,72,2142,2142.0
23,2,15,5,403,477,25,733,733.0
24,2,30,9,760,458,47,1382,1382.0
25,2,10,9,269,615,17,490,490.0
26,2,14,4,701,554,43,1275,1275.0
27,2,21,9,850,409,52,1546,1546.0
28,2,11,9,1178,285,72,2142,2142.0
29,2,9,2,492,245,30,895,895.0
30,2,28,4,835,175,51,1519,1519.0
31,2,5,4,1371,606,84,2493,2493.0
32,3,10,7,1431,710,87,2602,2602.0
33,3,9,5,522,225,32,950,950.0
34,3,4,3,656,357,40,1193,1193.0
35,3,19,8,880,339,54,1600,1600.0
36,3,27,9,209,447,13,380,380.0
37,3,2,7,492,578,30,895,895.0
38,3,17,2,820,172,50,1491,1491.0
39,3,12,1,865,323,53,1573,1573.0
40,3,28,8,1058,285,65,1924,1924.0
41,3,11,6,388,547,24,706,706.0
42,3,26,2,1356,603,83,2466,2466.0
43,3,7,6,239,642,15,435,435.0
44,4,26,9,1267,289,77,2304,2304.0
45,4,13,2,1178,628,72,2142,2142.0
46,4,29,3,656,431,40,1193,1193.0
47,4,30,1,194,220,12,353,353.0
48,4,6,2,537,698,33,977,977.0
49,4,10,6,1446,241,88,2630,2630.0
50,4,7,5,433,425,27,788,788.0
51,4,15,5,939,210,57,1708,1708.0
52,4,5,1,611,323,38,1111,1111.0
53,4,12,7,1252,632,76,2277,2277.0
54,4,20,5,462,250,28,840,840.0
55,4,28,9,656,201,40,1193,1193.0
56,4,1,7,835,629,51,1519,1519.0
57,4,21,8,284,282,18,517,517.0
58,4,16,7,716,316,44,1302,1302.0
59,4,19,7,1416,651,86,2575,2575.0
60,4,23,3,626,323,38,1139,1139.0
61,4,17,5,150,532,10,273,273.0
62,5,27,2,269,289,17,490,490.0
63,5,13,2,1088,679,66,1979,1979.0
64,5,25,8,567,178,35,1031,1031.0
65,5,9,8,328,664,20,597,597.0
66,5,28,6,880,248,54,1600,1600.0
67,5,16,3,239,631,15,435,435.0
68,5,18,6,1401,730,85,2548,2548.0
69,5,3,8,1401,335,85,2548,2548.0
70,5,6,7,999,178,61,1817,1817.0
71,5,4,9,1401,704,85,2548,2548.0
72,5,23,6,656,628,40,1193,1193.0
73,5,22,7,686,179,42,1248,1248.0
74,5,1,2,790,509,48,1437,1437.0
75,5,14,1,507,304,31,922,922.0
76,5,24,5,1029,546,63,1871,1871.0
77,5,29,8,1118,591,68,2033,2033.0
78,5,21,7,477,543,29,868,868.0
79,5,11,6,150,406,10,273,273.0
80,5,12,4,820,365,50,1491,1491.0
81,5,8,8,1446,658,88,2630,2630.0
82,5,30,8,1356,346,83,2466,2466.0
83,6,30,4,1148,245,70,2088,2088.0
84,6,13,1,865,159,53,1573,1573.0
85,6,17,5,418,150,26,760,760.0
86,6,12,9,388,364,24,706,706.0
87,6,11,1,418,566,26,760,760.0
88,6,25,7,1222,730,75,2222,2222.0
89,6,8,5,150,647,10,273,273.0
90,6,10,2,1431,553,87,2602,2602.0
91,6,15,6,880,730,54,1600,1600.0
92,6,28,6,567,553,35,1031,1031.0
93,6,27,7,1133,354,69,2060,2060.0
94,6,18,8,433,417,27,788,788.0
95,6,20,9,790,204,48,1437,1437.0
96,6,5,1,194,197,12,353,353.0
97,6,23,6,731,313,45,1330,1330.0
98,6,2,5,671,553,41,1220,1220.0
99,6,19,4,209,362,13,380,380.0
100,6,29,2,1401,255,85,2548,2548.0
101,6,1,3,1282,568,78,2331,2331.0
102,6,21,5,1148,222,70,2088,2088.0
103,6,3,4,1058,661,65,1924,1924.0
104,6,9,1,805,562,49,1464,1464.0
105,6,7,3,1014,255,62,1844,1844.0
106,7,5,5,462,289,28,840,840.0
107,7,2,5,1461,464,89,2657,2657.0
108,7,6,1,1148,382,70,2088,2088.0
109,7,16,8,403,402,25,733,733.0
110,7,4,8,984,365,60,1790,1790.0
111,7,29,2,448,720,28,815,815.0
112,7,3,2,239,474,15,435,435.0
113,7,22,6,954,316,58,1735,1735.0
114,7,23,2,731,458,45,1330,1330.0
115,7,8,5,522,153,32,950,950.0
116,7,28,9,209,727,13,380,380.0
117,7,11,9,552,573,34,1004,1004.0
118,7,21,7,403,226,25,733,733.0
119,7,15,3,492,528,30,895,895.0
120,7,19,1,269,625,17,490,490.0
121,7,24,3,1133,722,69,2060,2060.0
122,7,14,5,448,349,28,815,815.0
123,7,25,8,343,156,21,624,624.0
124,7,30,5,984,395,60,1790,1790.0
125,7,26,2,239,323,15,435,435.0
126,8,11,4,1163,234,71,2115,2115.0
127,8,13,5,820,675,50,1491,1491.0
128,8,23,4,343,484,21,624,624.0
129,8,5,1,1342,549,82,2440,2440.0
130,8,21,6,671,220,41,1220,1220.0
131,8,17,6,1297,379,79,2359,2359.0
132,8,1,8,164,393,10,299,299.0
133,8,12,6,1342,418,82,2440,2440.0
134,8,15,2,865,382,53,1573,1573.0
135,8,2,5,418,609,26,760,760.0
136,8,22,6,507,402,31,922,922.0
137,8,27,8,895,335,55,1628,1628.0
138,8,20,8,641,666,39,1166,1166.0
139,8,3,4,284,324,18,517,517.0
140,9,3,9,835,641,51,1519,1519.0
141,9,26,9,1103,720,67,2006,2006.0
142,9,19,7,194,368,12,353,353.0
143,9,10,2,1178,433,72,2142,2142.0
144,9,17,7,388,175,24,706,706.0
145,9,11,4,358,484,22,651,651.0
146,9,6,3,775,572,47,1410,1410.0
147,9,14,1,1267,710,77,2304,2304.0
148,9,12,6,448,556,28,815,815.0
149,9,15,9,1058,436,65,1924,1924.0
150,9,13,3,775,409,47,1410,1410.0
151,9,30,5,209,340,13,380,380.0
152,9,7,9,597,461,37,1086,1086.0
153,9,23,2,686,250,42,1248,1248.0
154,9,20,3,611,601,38,1111,1111.0
155,10,8,2,299,509,19,544,544.0
156,10,21,5,1401,713,85,2548,2548.0
157,10,20,4,1446,610,88,2630,2630.0
158,10,27,1,865,471,53,1573,1573.0
159,10,30,9,835,292,51,1519,1519.0
160,10,5,7,597,203,37,1086,1086.0
161,10,24,5,462,207,28,840,840.0
162,10,18,8,299,251,19,544,544.0
163,10,28,4,954,157,58,1735,1735.0
164,10,11,5,284,418,18,517,517.0
165,10,25,8,239,553,15,435,435.0
166,10,22,5,224,648,14,408,408.0
167,10,3,8,597,266,37,1086,1086.0
168,10,16,8,1193,310,73,2170,2170.0
169,10,12,9,954,190,58,1735,1735.0
170,11,13,2,1282,298,78,2331,2331.0
171,11,3,9,313,528,19,570,570.0
172,11,2,4,462,301,28,840,840.0
173,11,12,5,239,714,15,435,435.0
174,11,7,7,1237,250,75,2250,2250.0
175,11,5,4,924,355,56,1680,1680.0
176,11,8,2,656,308,40,1193,1193.0
177,11,1,9,760,581,47,1382,1382.0
178,11,26,3,150,510,10,273,273.0
179,11,14,1,984,584,60,1790,1790.0
180,11,28,3,1386,631,84,2520,2520.0
181,11,21,5,522,506,32,950,950.0
182,11,18,5,1267,483,77,2304,2304.0
183,11,20,9,239,273,15,435,435.0
184,11,22,9,1178,620,72,2142,2142.0
185,11,29,2,358,254,22,651,651.0
186,11,17,8,701,698,43,1275,1275.0
187,11,10,7,1252,631,76,2277,2277.0
188,11,9,7,1312,283,80,2386,2386.0
189,11,24,4,313,704,19,570,570.0
190,12,4,4,433,453,27,788,788.0
191,12,26,2,984,379,60,1790,1790.0
192,12,5,2,1044,402,64,1899,1899.0
193,12,7,2,269,556,17,490,490.0
194,12,15,9,835,467,51,1519,1519.0
195,12,10,6,969,377,59,1762,1762.0
196,12,21,6,1118,420,68,2033,2033.0
197,12,1,2,969,475,59,1762,1762.0
198,12,16,3,1193,154,73,2170,2170.0
199,12,11,5,284,566,18,517,517.0
200,12,2,4,924,651,56,1680,1680.0
201,12,3,2,954,192,58,1735,1735.0
202,12,19,3,403,289,25,733,733.0
203,12,29,7,895,714,55,1628,1628.0
204,12,23,2,269,159,17,490,490.0
205,12,6,4,567,603,35,1031,1031.0
206,12,22,8,1058,527,65,1924,1924.0
207,12,14,9,239,651,15,435,435.0
208,12,27,4,671,439,41,1220,1220.0
209,12,17,9,671,615,41,1220,1220.0
210,13,27,5,746,607,46,1357,1357.0
211,13,2,4,492,390,30,895,895.0
212,13,5,5,1207,367,74,2195,2195.0
213,13,14,2,1446,695,88,2630,2630.0
214,13,23,2,552,292,34,1004,1004.0
215,13,7,3,1133,447,69,2060,2060.0
216,13,10,4,164,226,10,299,299.0
217,13,16,3,299,417,19,544,544.0
218,13,15,4,954,537,58,1735,1735.0
219,13,6,9,716,370,44,1302,1302.0
220,13,25,2,790,449,48,1437,1437.0
221,13,18,9,1342,549,82,2440,2440.0
222,13,11,6,760,704,47,1382,1382.0
223,14,11,7,358,307,22,651,651.0
224,14,5,3,254,191,16,462,462.0
225,14,13,7,1386,481,84,2520,2520.0
226,14,1,7,1073,289,66,1951,1951.0
227,14,3,4,835,600,51,1519,1519.0
228,14,28,1,209,225,13,380,380.0
229,14,16,4,909,204,56,1653,1653.0
230,14,25,8,924,433,56,1680,1680.0
231,14,26,2,1103,162,67,2006,2006.0
232,14,10,6,299,286,19,544,544.0
233,14,27,1,1461,513,89,2657,2657.0
234,14,29,3,1371,420,84,2493,2493.0
235,14,15,7,1312,149,80,2386,2386.0
236,14,22,8,1356,179,83,2466,2466.0
237,14,9,4,1222,289,75,2222,2222.0
238,14,8,5,686,229,42,1248,1248.0
239,14,21,8,1237,639,75,2250,2250.0
240,14,7,9,984,433,60,1790,1790.0
241,14,4,1,164,502,10,299,299.0
242,14,12,5,746,412,46,1357,1357.0
243,15,23,5,656,276,40,1193,1193.0
244,15,27,3,1312,595,80,2386,2386.0
245,15,25,4,820,280,50,1491,1491.0
246,15,1,5,1118,239,68,2033,2033.0
247,15,22,5,1058,474,65,1924,1924.0
248,15,9,7,582,509,36,1059,1059.0
249,15,4,9,1416,610,86,2575,2575.0
250,15,26,3,939,326,57,1708,1708.0
251,15,19,9,477,355,29,868,868.0
252,15,21,7,254,336,16,462,462.0
253,15,20,7,448,689,28,815,815.0
254,15,11,8,507,338,31,922,922.0
255,15,13,9,954,462,58,1735,1735.0
256,15,24,3,731,658,45,1330,1330.0
257,15,17,1,224,683,14,408,408.0
258,15,28,6,448,579,28,815,815.0
259,15,5,2,850,544,52,1546,1546.0
260,15,7,4,597,379,37,1086,1086.0
261,15,2,9,507,417,31,922,922.0
262,15,10,4,567,480,35,1031,1031.0
263,15,6,7,373,534,23,679,679.0
264,15,29,1,1073,720,66,1951,1951.0
265,16,24,9,313,336,19,570,570.0
266,16,26,1,1133,519,69,2060,2060.0
267,16,30,5,1163,637,71,2115,2115.0
268,16,28,8,522,428,32,950,950.0
269,16,27,4,1029,343,63,1871,1871.0
270,16,3,5,1014,635,62,1844,1844.0
271,16,11,8,239,338,15,435,435.0
272,16,25,9,1014,286,62,1844,1844.0
273,16,4,1,1431,676,87,2602,2602.0
274,16,9,6,1282,701,78,2331,2331.0
275,16,20,1,462,612,28,840,840.0
276,16,19,4,1073,258,66,1951,1951.0
277,16,10,3,313,458,19,570,570.0
278,16,8,4,1476,387,90,2684,2684.0
279,16,15,7,522,716,32,950,950.0
280,16,17,6,552,635,34,1004,1004.0
281,17,27,6,1252,673,76,2277,2277.0
282,17,19,1,716,172,44,1302,1302.0
283,17,15,5,775,423,47,1410,1410.0
284,17,24,1,1044,266,64,1899,1899.0
285,17,14,8,1222,588,75,2222,2222.0
286,17,4,5,611,351,38,1111,1111.0
287,17,10,2,820,505,50,1491,1491.0
288,17,9,8,254,349,16,462,462.0
289,17,7,8,239,673,15,435,435.0
290,17,11,9,820,518,50,1491,1491.0
291,18,10,6,224,575,14,408,408.0
292,18,17,9,984,184,60,1790,1790.0
293,18,16,9,1476,232,90,2684,2684.0
294,18,26,4,522,354,32,950,950.0
295,18,28,6,895,474,55,1628,1628.0
296,18,29,3,433,299,27,788,788.0
297,18,9,1,775,198,47,1410,1410.0
298,18,5,4,1163,332,71,2115,2115.0
299,18,12,5,567,494,35,1031,1031.0
300,18,11,7,909,503,56,1653,1653.0
301,18,1,1,984,191,60,1790,1790.0
302,18,20,1,1103,534,67,2006,2006.0
303,18,19,7,775,695,47,1410,1410.0
304,18,24,4,895,207,55,1628,1628.0
305,19,4,1,522,264,32,950,950.0
306,19,9,3,850,606,52,1546,1546.0
307,19,22,5,209,510,13,380,380.0
308,19,15,2,746,450,46,1357,1357.0
309,19,6,4,999,697,61,1817,1817.0
310,19,18,3,775,147,47,1410,1410.0
311,19,3,4,1103,660,67,2006,2006.0
312,19,26,5,969,483,59,1762,1762.0
313,19,21,6,1193,194,73,2170,2170.0
314,19,11,7,462,566,28,840,840.0
315,19,28,1,1178,175,72,2142,2142.0
316,19,20,7,671,493,41,1220,1220.0
317,19,27,3,343,626,21,624,624.0
318,19,1,5,1088,447,66,1979,1979.0
319,19,17,6,537,206,33,977,977.0
320,19,29,8,343,704,21,624,624.0
321,19,23,2,1029,445,63,1871,1871.0
322,19,25,8,1327,415,81,2413,2413.0
323,20,13,7,850,241,52,1546,1546.0
324,20,22,2,1118,194,68,2033,2033.0
325,20,18,5,760,512,47,1382,1382.0
326,20,4,3,1371,286,84,2493,2493.0
327,20,11,6,1446,582,88,2630,2630.0
328,20,10,1,462,414,28,840,840.0
329,20,12,2,492,670,30,895,895.0
330,20,25,2,1431,314,87,2602,2602.0
331,20,19,2,284,727,18,517,517.0
332,20,24,5,880,483,54,1600,1600.0
333,20,26,5,1118,269,68,2033,2033.0
334,20,6,7,731,670,45,1330,1330.0
335,20,27,7,746,222,46,1357,1357.0
336,20,21,6,313,673,19,570,570.0
337,20,30,7,179,163,11,326,326.0
338,20,7,3,299,204,19,544,544.0
339,20,29,6,1029,623,63,1871,1871.0
340,21,14,9,1148,719,70,2088,2088.0
341,21,2,9,537,282,33,977,977.0
342,21,30,8,1356,619,83,2466,2466.0
343,21,10,8,626,437,38,1139,1139.0
344,21,12,7,299,497,19,544,544.0
345,21,20,2,1327,616,81,2413,2413.0
346,21,25,8,1073,678,66,1951,1951.0
347,21,9,2,1401,553,85,2548,2548.0
348,21,28,6,686,307,42,1248,1248.0
349,21,24,6,1297,267,79,2359,2359.0
350,21,1,8,597,393,37,1086,1086.0
351,21,16,1,507,697,31,922,922.0
352,21,5,8,984,670,60,1790,1790.0
353,21,23,5,1044,585,64,1899,1899.0
354,22,23,9,716,685,44,1302,1302.0
355,22,3,2,433,609,27,788,788.0
356,22,1,3,1014,255,62,1844,1844.0
357,22,14,4,1073,234,66,1951,1951.0
358,22,28,9,1148,464,70,2088,2088.0
359,22,30,5,880,540,54,1600,1600.0
360,22,10,5,1118,244,68,2033,2033.0
361,22,15,4,1386,724,84,2520,2520.0
362,22,19,4,1222,483,75,2222,2222.0
363,22,24,4,284,595,18,517,517.0
364,22,13,1,1133,390,69,2060,2060.0
365,22,18,3,209,417,13,380,380.0
366,22,7,3,254,452,16,462,462.0
367,22,16,7,835,436,51,1519,1519.0
368,22,4,1,224,528,14,408,408.0
369,22,6,9,984,383,60,1790,1790.0
370,22,25,5,1014,519,62,1844,1844.0
371,22,21,4,999,562,61,1817,1817.0
372,22,2,6,701,467,43,1275,1275.0
373,22,27,1,746,642,46,1357,1357.0
374,23,11,5,1163,678,71,2115,2115.0
375,23,26,4,850,332,52,1546,1546.0
376,23,16,4,1118,622,68,2033,2033.0
377,23,12,6,1103,569,67,2006,2006.0
378,23,30,8,1356,556,83,2466,2466.0
379,23,22,3,1029,273,63,1871,1871.0
380,23,18,7,1252,689,76,2277,2277.0
381,23,9,8,999,647,61,1817,1817.0
382,23,2,1,909,527,56,1653,1653.0
383,23,4,5,164,228,10,299,299.0
384,23,3,1,939,292,57,1708,1708.0
385,23,19,7,224,335,14,408,408.0
386,23,27,3,1148,702,70,2088,2088.0
387,23,7,2,1327,442,81,2413,2413.0
388,23,10,1,850,600,52,1546,1546.0
389,23,21,1,1327,537,81,2413,2413.0
390,24,16,3,1476,730,90,2684,2684.0
391,24,14,6,820,175,50,1491,1491.0
392,24,26,2,1118,376,68,2033,2033.0
393,24,28,5,939,239,57,1708,1708.0
394,24,20,6,209,663,13,380,380.0
395,24,6,1,552,722,34,1004,1004.0
396,24,22,6,775,302,47,1410,1410.0
397,24,13,7,1461,660,89,2657,2657.0
398,24,12,3,343,442,21,624,624.0
399,24,9,3,299,389,19,544,544.0
400,24,25,4,1029,257,63,1871,1871.0
401,24,19,9,1237,424,75,2250,2250.0
402,24,8,4,746,258,46,1357,1357.0
403,24,23,4,1058,698,65,1924,1924.0
404,24,1,1,1356,173,83,2466,2466.0
405,24,17,5,1461,301,89,2657,2657.0
406,24,15,7,686,415,42,1248,1248.0
407,25,15,4,209,165,13,380,380.0
408,25,7,7,507,348,31,922,922.0
409,25,11,5,1133,522,69,2060,2060.0
410,25,28,4,1371,527,84,2493,2493.0
411,25,4,8,1386,194,84,2520,2520.0
412,25,6,3,582,669,36,1059,1059.0
413,25,13,4,164,179,10,299,299.0
414,25,23,4,194,447,12,353,353.0
415,25,9,7,1133,512,69,2060,2060.0
416,25,29,4,1282,332,78,2331,2331.0
417,25,16,8,194,203,12,353,353.0
418,25,24,2,522,496,32,950,950.0
419,25,1,8,254,241,16,462,462.0
420,25,30,6,254,719,16,462,462.0
421,25,27,4,1476,587,90,2684,2684.0
422,25,10,2,686,291,42,1248,1248.0
423,25,17,2,343,228,21,624,624.0
424,25,8,1,269,367,17,490,490.0
425,25,19,1,1207,587,74,2195,2195.0
426,25,26,3,954,537,58,1735,1735.0
427,25,14,8,716,182,44,1302,1302.0
428,25,3,6,954,638,58,1735,1735.0
429,26,7,3,284,566,18,517,517.0
430,26,12,6,716,720,44,1302,1302.0
431,26,29,1,179,319,11,326,326.0
432,26,18,6,448,185,28,815,815.0
433,26,2,9,1193,433,73,2170,2170.0
434,26,24,6,567,411,35,1031,1031.0
435,26,16,8,1193,619,73,2170,2170.0
436,26,17,5,299,692,19,544,544.0
437,26,4,3,1014,565,62,1844,1844.0
438,26,1,7,820,238,50,1491,1491.0
439,26,25,3,552,436,34,1004,1004.0
440,26,6,2,522,601,32,950,950.0
441,26,22,6,969,499,59,1762,1762.0
442,26,21,4,939,506,57,1708,1708.0
443,26,28,8,1312,730,80,2386,2386.0
444,26,27,2,1178,661,72,2142,2142.0
445,26,11,7,1356,212,83,2466,2466.0
446,26,3,2,1327,673,81,2413,2413.0
447,27,22,1,954,700,58,1735,1735.0
448,27,3,7,909,510,56,1653,1653.0
449,27,25,6,224,417,14,408,408.0
450,27,2,3,939,382,57,1708,1708.0
451,27,16,8,179,415,11,326,326.0
452,27,13,5,1297,638,79,2359,2359.0
453,27,15,1,731,661,45,1330,1330.0
454,27,26,7,880,238,54,1600,1600.0
455,27,30,4,1342,286,82,2440,2440.0
456,27,19,6,239,508,15,435,435.0
457,27,12,2,790,173,48,1437,1437.0
458,27,14,9,1356,714,83,2466,2466.0
459,27,7,7,701,540,43,1275,1275.0
460,27,10,4,656,275,40,1193,1193.0
461,27,5,2,1446,481,88,2630,2630.0
462,27,11,2,552,667,34,1004,1004.0
463,27,6,8,507,275,31,922,922.0
464,27,8,1,716,431,44,1302,1302.0
465,27,23,6,343,377,21,624,624.0
466,27,20,3,731,537,45,1330,1330.0
467,27,24,9,1237,610,75,2250,2250.0
468,27,28,4,552,474,34,1004,1004.0
469,28,24,7,716,213,44,1302,1302.0
470,28,26,7,760,546,47,1382,1382.0
471,28,19,8,1431,228,87,2602,2602.0
472,28,22,7,1088,537,66,1979,1979.0
473,28,5,3,1267,714,77,2304,2304.0
474,28,12,7,1476,571,90,2684,2684.0
475,28,17,5,1476,634,90,2684,2684.0
476,28,27,8,1014,424,62,1844,1844.0
477,28,14,2,388,311,24,706,706.0
478,28,13,8,1401,490,85,2548,2548.0
479,28,9,3,671,333,41,1220,1220.0
480,28,4,6,418,600,26,760,760.0
481,28,3,3,150,468,10,273,273.0
482,28,2,4,746,154,46,1357,1357.0
483,28,7,2,850,528,52,1546,1546.0
484,28,6,7,746,219,46,1357,1357.0
485,28,30,2,686,280,42,1248,1248.0
486,28,21,9,671,568,41,1220,1220.0
487,28,18,6,895,423,55,1628,1628.0
488,28,25,4,760,629,47,1382,1382.0
489,28,1,4,477,288,29,868,868.0
490,29,24,2,1282,434,78,2331,2331.0
491,29,21,4,805,223,49,1464,1464.0
492,29,7,5,492,239,30,895,895.0
493,29,8,8,731,705,45,1330,1330.0
494,29,10,9,731,311,45,1330,1330.0
495,29,27,3,954,229,58,1735,1735.0
496,29,19,6,611,383,38,1111,1111.0
497,29,28,7,969,267,59,1762,1762.0
498,29,15,3,924,549,56,1680,1680.0
499,29,11,8,194,150,12,353,353.0
500,29,9,8,1282,565,78,2331,2331.0
501,29,1,8,567,260,35,1031,1031.0
502,29,25,5,701,425,43,1275,1275.0
503,29,14,8,537,534,33,977,977.0
504,30,13,5,1148,395,70,2088,2088.0
505,30,20,7,1148,188,70,2088,2088.0
506,30,9,6,150,440,10,273,273.0
507,30,25,7,299,475,19,544,544.0
508,30,5,1,1133,241,69,2060,2060.0
509,30,24,2,1461,280,89,2657,2657.0
510,30,7,4,1461,176,89,2657,2657.0
511,30,19,3,820,642,50,1491,1491.0
512,30,27,2,1297,192,79,2359,2359.0
513,30,11,8,224,541,14,408,408.0
514,30,12,2,1416,187,86,2575,2575.0
515,30,28,8,895,324,55,1628,1628.0
516,30,1,2,179,338,11,326,326.0
517,30,23,7,954,187,58,1735,1735.0
518,30,21,4,1193,453,73,2170,2170.0
519,30,3,2,388,231,24,706,706.0
COMMODITIES,400
0,24,1,44,36,89,1076,2690.0
1,15,20,27,16,65,479,1974.0
2,10,26,31,37,77,1085,2330.0
3,9,16,73,47,104,1387,3140.0
4,21,22,71,42,109,1258,3270.0
5,18,11,46,45,94,1344,2848.0
6,6,5,41,50,73,1497,2201.0
7,9,14,21,15,76,428,2304.0
8,30,4,64,41,88,1215,2657.0
9,8,29,46,36,106,1064,3190.0
10,19,30,70,21,78,610,2345.0
11,23,29,68,32,78,956,2347.0
12,16,15,74,45,93,1324,2791.0
13,22,26,19,40,87,1199,2633.0
14,14,6,18,32,87,953,2624.0
15,25,7,64,59,104,1741,3149.0
16,18,17,31,48,116,1428,3507.0
17,11,15,27,52,121,1549,3648.0
18,10,30,43,24,71,695,2134.0
19,7,25,40,28,68,837,2043.0
20,5,20,64,20,67,573,2014.0
21,23,12,35,15,82,444,2489.0
22,22,25,72,47,104,1399,3133.0
23,22,8,30,42,108,1258,3241.0
24,8,4,53,36,83,1060,2514.0
25,26,16,18,31,93,925,2806.0
26,1,11,55,34,92,1011,2761.0
27,26,18,51,46,86,1363,2604.0
28,16,3,31,38,91,1133,2732.0
29,5,4,25,28,87,817,2612.0
30,27,29,24,42,95,1251,2852.0
31,23,30,32,36,71,1062,2131.0
32,12,9,63,27,89,808,2673.0
33,14,13,69,44,106,1307,3201.0
34,20,17,56,8,64,240,1933.0
35,29,19,67,56,106,1669,3208.0
36,20,3,69,40,90,1172,2724.0
37,26,2,56,21,87,622,2618.0
38,26,22,37,53,118,1571,3563.0
39,5,22,53,28,90,820,2701.0
40,16,4,16,23,87,682,2633.0
41,3,30,69,44,103,1299,3091.0
42,6,30,48,26,88,767,2645.0
43,14,16,73,39,83,1152,2503.0
44,8,16,56,28,77,813,2328.0
45,15,28,24,29,70,850,2120.0
46,2,23,62,50,107,1497,3223.0
47,17,2,65,49,127,1461,3827.0
48,24,20,57,29,56,842,1688.0
49,25,13,60,47,70,1390,2103.0
50,27,3,61,46,109,1362,3281.0
51,7,17,71,29,81,854,2452.0
52,20,18,73,55,117,1644,3519.0
53,11,14,47,40,85,1183,2558.0
54,14,10,18,24,56,710,1689.0
55,25,6,72,7,58,194,1758.0
56,10,19,19,13,67,385,2032.0
57,22,15,34,43,104,1276,3137.0
58,9,13,56,47,103,1398,3091.0
59,16,26,20,53,95,1573,2873.0
60,28,20,20,34,98,1005,2954.0
61,12,11,15,33,71,965,2149.0
62,15,3,37,45,102,1350,3071.0
63,12,17,41,31,84,915,2521.0
64,8,6,73,41,118,1201,3541.0
65,14,4,23,32,59,960,1793.0
66,20,19,69,44,81,1299,2446.0
67,24,22,35,38,97,1127,2936.0
68,28,19,50,24,75,708,2255.0
69,5,25,28,49,96,1462,2891.0
70,20,10,57,26,77,762,2311.0
71,17,21,19,28,86,813,2601.0
72,21,3,32,34,102,1000,3077.0
73,14,11,56,48,92,1427,2767.0
74,15,18,28,37,93,1097,2818.0
75,18,8,41,27,76,782,2281.0
76,2,4,35,39,102,1159,3070.0
77,17,29,56,40,93,1193,2810.0
78,7,30,46,23,73,677,2193.0
79,15,9,26,28,75,838,2268.0
80,22,27,67,30,85,873,2574.0
81,27,16,32,17,47,483,1419.0
82,17,1,40,37,92,1104,2780.0
83,12,21,64,52,107,1536,3210.0
84,9,4,15,26,83,778,2500.0
85,21,8,24,35,113,1030,3398.0
86,23,25,69,33,87,964,2633.0
87,22,21,15,46,90,1357,2700.0
88,18,4,53,51,102,1525,3078.0
89,16,11,27,39,73,1154,2214.0
90,2,11,16,19,68,548,2052.0
91,26,30,37,19,84,561,2521.0
92,12,16,32,51,106,1524,3196.0
93,25,18,51,45,101,1323,3032.0
94,26,23,24,68,129,2011,3872.0
95,19,14,69,38,107,1126,3231.0
96,19,15,74,21,85,604,2556.0
97,19,21,19,33,97,968,2927.0
98,28,30,23,12,67,359,2010.0
99,22,30,72,31,70,929,2117.0
100,13,3,39,29,94,870,2847.0
101,28,17,45,53,105,1585,3168.0
102,18,22,37,24,70,711,2107.0
103,24,14,56,16,66,453,1985.0
104,4,19,39,30,74,890,2247.0
105,2,12,30,22,83,640,2519.0
106,17,25,18,19,73,548,2193.0
107,26,21,35,31,89,923,2694.0
108,29,24,54,34,83,1001,2504.0
109,26,24,17,40,88,1179,2658.0
110,21,1,35,39,88,1144,2660.0
111,15,25,19,46,108,1363,3255.0
112,1,30,70,34,80,1011,2418.0
113,21,17,39,59,129,1763,3898.0
114,29,22,46,12,76,333,2296.0
115,16,17,62,28,79,832,2384.0
116,12,24,21,40,90,1191,2719.0
117,4,13,20,40,97,1182,2934.0
118,5,18,49,60,123,1798,3718.0
119,1,2,16,40,123,1171,3692.0
120,5,8,61,29,91,841,2757.0
121,15,10,44,39,92,1164,2776.0
122,12,8,51,39,101,1166,3034.0
123,19,24,38,33,78,983,2354.0
124,23,24,49,28,92,822,2771.0
125,16,29,50,11,62,311,1887.0
126,3,26,50,50,99,1480,2978.0
127,3,4,74,34,86,1018,2580.0
128,3,6,51,38,101,1119,3058.0
129,4,24,52,31,96,913,2898.0
130,19,7,20,25,68,724,2059.0
131,29,20,57,43,85,1275,2577.0
132,26,14,25,64,121,1919,3652.0
133,3,27,56,30,58,887,1767.0
134,13,25,53,39,80,1170,2426.0
135,22,14,30,38,98,1111,2960.0
136,13,20,44,38,96,1118,2907.0
137,21,11,25,46,98,1366,2952.0
138,12,29,51,52,114,1544,3434.0
139,9,19,18,39,72,1165,2187.0
140,10,6,73,27,92,800,2767.0
141,9,3,74,19,73,570,2217.0
142,5,17,29,46,98,1370,2940.0
143,30,25,22,34,67,1004,2026.0
144,20,11,22,43,86,1270,2607.0
145,7,27,45,13,59,374,1775.0
146,28,27,70,20,60,582,1803.0
147,27,25,25,21,57,609,1725.0
148,22,4,26,32,60,931,1819.0
149,12,15,60,58,126,1740,3797.0
150,3,15,58,32,85,935,2563.0
151,22,2,54,44,99,1299,2990.0
152,19,5,16,27,97,793,2929.0
153,5,14,23,27,79,791,2376.0
154,30,21,35,59,126,1751,3804.0
155,12,3,38,19,61,568,1835.0
156,26,9,37,39,90,1141,2729.0
157,5,1,36,26,89,771,2684.0
158,16,21,17,21,82,603,2482.0
159,8,1,33,51,75,1518,2264.0
160,2,20,55,41,106,1213,3181.0
161,20,15,62,21,80,603,2414.0
162,14,19,69,46,111,1370,3347.0
163,3,2,52,27,73,785,2209.0
164,22,11,69,34,90,1002,2702.0
165,30,14,20,49,102,1451,3079.0
166,3,16,22,20,58,572,1767.0
167,9,17,48,59,101,1757,3039.0
168,25,30,17,40,71,1176,2145.0
169,27,22,42,12,54,357,1643.0
170,16,12,30,41,87,1209,2614.0
171,1,20,39,26,96,773,2905.0
172,27,19,25,26,54,770,1648.0
173,30,9,46,53,78,1575,2346.0
174,6,11,29,40,79,1197,2386.0
175,6,4,30,42,99,1257,2991.0
176,22,28,65,33,74,962,2241.0
177,9,15,37,55,109,1647,3272.0
178,28,6,25,55,115,1640,3461.0
179,15,4,72,40,105,1190,3152.0
180,14,2,35,29,96,858,2901.0
181,19,3,61,41,98,1211,2964.0
182,16,28,71,34,80,1001,2400.0
183,21,9,25,60,140,1776,4229.0
184,14,26,40,34,82,999,2477.0
185,18,9,50,31,92,901,2786.0
186,15,14,32,21,84,624,2546.0
187,22,29,28,41,96,1202,2886.0
188,9,12,19,42,89,1248,2697.0
189,10,15,47,35,80,1030,2420.0
190,22,3,36,36,77,1070,2318.0
191,16,2,50,18,77,516,2320.0
192,30,6,50,25,96,749,2888.0
193,24,6,68,67,113,1989,3415.0
194,26,7,21,42,81,1249,2444.0
195,12,5,69,39,87,1161,2617.0
196,26,17,36,50,83,1490,2495.0
197,22,1,66,19,75,565,2271.0
198,22,6,44,44,106,1296,3201.0
199,12,2,30,34,92,1009,2765.0
200,2,15,33,24,62,701,1885.0
201,23,9,19,18,68,520,2043.0
202,16,1,31,9,73,253,2194.0
203,11,19,21,34,87,1001,2628.0
204,22,9,41,28,77,824,2319.0
205,5,3,38,48,93,1411,2812.0
206,19,18,73,43,86,1286,2583.0
207,6,26,36,22,66,651,2001.0
208,10,2,20,34,95,1018,2853.0
209,6,24,44,50,110,1471,3301.0
210,6,8,74,47,72,1404,2177.0
211,4,9,36,45,85,1348,2550.0
212,28,23,61,53,113,1579,3391.0
213,20,29,43,61,121,1823,3640.0
214,4,26,50,37,91,1098,2741.0
215,21,25,20,34,103,1003,3116.0
216,12,1,28,27,90,794,2703.0
217,24,2,37,39,119,1161,3594.0
218,11,26,71,9,34,243,1036.0
219,16,18,38,18,73,532,2200.0
220,23,4,28,43,71,1272,2148.0
221,16,10,55,36,73,1057,2209.0
222,14,5,30,38,64,1120,1937.0
223,12,18,72,32,100,954,3018.0
224,3,17,70,41,111,1225,3339.0
225,19,1,41,40,107,1200,3227.0
226,16,30,69,28,79,819,2392.0
227,9,11,21,56,92,1653,2766.0
228,17,28,28,41,84,1230,2527.0
229,10,18,36,16,56,471,1694.0
230,19,17,23,34,78,1011,2353.0
231,3,9,31,25,73,744,2196.0
232,20,16,23,37,93,1091,2805.0
233,11,10,54,19,77,567,2326.0
234,3,10,31,46,106,1375,3183.0
235,19,27,74,47,88,1381,2640.0
236,19,22,36,27,59,783,1772.0
237,2,5,29,30,102,893,3061.0
238,11,27,18,42,88,1245,2653.0
239,21,5,69,13,77,380,2312.0
240,6,15,65,61,130,1830,3923.0
241,18,16,60,48,106,1421,3190.0
242,29,12,52,42,88,1239,2663.0
243,21,2,33,45,94,1341,2821.0
244,30,23,44,39,87,1141,2627.0
245,14,9,73,58,107,1725,3212.0
246,1,3,48,50,119,1480,3577.0
247,2,24,62,24,83,720,2505.0
248,29,1,34,31,82,913,2470.0
249,28,26,50,16,73,476,2190.0
250,29,14,42,38,85,1139,2564.0
251,20,28,56,38,84,1121,2549.0
252,12,14,39,26,59,778,1797.0
253,3,20,34,27,84,782,2524.0
254,20,4,32,30,87,890,2631.0
255,25,26,65,54,104,1602,3128.0
256,4,1,63,36,72,1057,2189.0
257,21,20,40,25,87,744,2634.0
258,3,28,73,16,59,471,1780.0
259,28,5,37,43,96,1267,2905.0
260,28,4,34,55,96,1649,2898.0
261,30,27,50,34,85,1017,2567.0
262,6,27,29,44,95,1296,2851.0
263,17,10,74,26,92,771,2770.0
264,17,15,32,18,78,535,2359.0
265,6,18,40,16,56,461,1683.0
266,27,5,20,43,103,1272,3105.0
267,27,18,17,33,90,974,2729.0
268,24,29,41,62,129,1849,3888.0
269,3,18,46,29,85,853,2578.0
270,10,23,70,43,89,1275,2699.0
271,13,4,17,47,101,1381,3059.0
272,9,8,54,44,114,1295,3428.0
273,10,24,20,38,80,1133,2416.0
274,5,24,56,16,58,456,1768.0
275,8,25,28,20,76,571,2284.0
276,14,20,26,42,96,1258,2903.0
277,3,1,51,57,116,1686,3490.0
278,15,12,63,34,82,1017,2476.0
279,12,7,62,45,78,1325,2369.0
280,19,29,37,42,79,1249,2372.0
281,25,11,40,39,80,1146,2417.0
282,16,20,16,39,83,1141,2507.0
283,25,15,70,51,80,1530,2406.0
284,22,16,71,6,65,172,1978.0
285,12,13,33,38,103,1136,3119.0
286,2,7,60,20,82,584,2461.0
287,10,9,70,18,76,532,2301.0
288,6,16,41,40,82,1192,2489.0
289,22,13,39,45,111,1343,3334.0
290,18,30,46,39,96,1153,2900.0
291,21,18,36,43,103,1289,3107.0
292,11,17,37,42,82,1238,2476.0
293,17,7,59,37,72,1106,2170.0
294,2,16,50,45,104,1325,3132.0
295,20,1,52,45,88,1333,2657.0
296,24,8,67,26,88,760,2641.0
297,26,27,57,21,83,620,2507.0
298,18,12,64,36,88,1067,2647.0
299,28,22,46,46,115,1351,3471.0
300,1,7,64,41,102,1209,3071.0
301,10,11,55,38,73,1122,2198.0
302,10,4,25,43,88,1266,2661.0
303,1,13,54,24,81,718,2457.0
304,2,17,74,38,95,1118,2877.0
305,3,25,30,36,76,1054,2293.0
306,10,3,43,31,86,912,2584.0
307,3,7,37,32,63,947,1899.0
308,13,9,57,37,100,1097,3011.0
309,13,22,20,38,78,1135,2362.0
310,21,23,36,54,108,1597,3250.0
311,9,7,53,35,90,1041,2725.0
312,2,27,20,33,115,984,3473.0
313,18,14,68,51,115,1529,3464.0
314,18,29,48,43,90,1262,2705.0
315,16,6,27,28,99,832,2973.0
316,3,13,58,24,76,717,2297.0
317,19,12,53,37,97,1098,2935.0
318,12,27,23,21,76,617,2304.0
319,19,25,66,56,110,1669,3322.0
320,26,5,60,47,106,1410,3193.0
321,10,22,26,17,40,493,1213.0
322,7,23,50,44,91,1315,2737.0
323,13,7,69,54,111,1599,3342.0
324,2,14,15,47,107,1405,3225.0
325,5,2,28,17,73,505,2205.0
326,21,30,56,46,120,1371,3604.0
327,3,19,49,36,86,1077,2599.0
328,6,21,44,19,75,558,2274.0
329,2,9,36,58,102,1717,3067.0
330,20,14,36,42,103,1247,3102.0
331,18,24,61,35,93,1036,2807.0
332,28,3,38,25,45,734,1357.0
333,16,19,70,32,92,956,2787.0
334,18,27,51,25,101,732,3033.0
335,19,6,67,23,95,687,2872.0
336,28,7,47,17,58,496,1750.0
337,15,1,74,25,85,728,2568.0
338,9,22,52,17,58,492,1760.0
339,15,11,33,39,88,1143,2654.0
340,29,17,61,50,104,1490,3123.0
341,7,16,53,43,82,1262,2480.0
342,30,5,46,48,125,1438,3771.0
343,3,14,22,37,96,1105,2908.0
344,7,8,36,26,78,765,2369.0
345,23,11,26,43,99,1284,2995.0
346,4,25,35,48,95,1432,2857.0
347,15,30,42,50,108,1483,3264.0
348,25,16,68,45,73,1336,2193.0
349,29,9,38,68,133,2027,3991.0
350,7,21,54,29,69,858,2081.0
351,29,10,58,27,88,804,2649.0
352,1,16,15,52,91,1550,2754.0
353,25,22,42,47,99,1390,2994.0
354,22,19,20,32,81,948,2459.0
355,30,17,27,36,87,1073,2613.0
356,26,6,72,47,94,1381,2823.0
357,22,12,22,37,88,1091,2667.0
358,18,7,29,61,119,1816,3572.0
359,27,28,71,38,93,1131,2811.0
360,16,5,42,34,97,991,2933.0
361,25,10,30,44,80,1316,2413.0
362,13,23,60,36,88,1072,2662.0
363,5,23,20,37,98,1108,2954.0
364,7,5,62,45,92,1349,2769.0
365,30,3,23,31,74,920,2246.0
366,15,19,65,36,84,1051,2523.0
367,19,28,30,38,97,1136,2935.0
368,7,18,68,34,89,1008,2683.0
369,27,6,25,32,83,935,2510.0
370,19,11,22,13,55,378,1663.0
371,9,21,40,40,108,1189,3241.0
372,3,11,33,24,68,701,2059.0
373,7,2,35,44,106,1292,3193.0
374,20,6,20,36,94,1060,2844.0
375,14,22,44,35,87,1029,2610.0
376,9,24,65,24,79,713,2374.0
377,6,25,32,51,111,1516,3339.0
378,26,3,55,34,84,1007,2540.0
379,28,2,47,33,86,962,2606.0
380,1,27,46,53,140,1574,4202.0
381,20,23,27,28,85,811,2570.0
382,24,17,25,29,85,851,2555.0
383,7,19,31,33,64,968,1948.0
384,24,12,56,53,90,1570,2725.0
385,7,26,40,9,38,267,1166.0
386,8,30,57,35,90,1045,2726.0
387,25,23,59,19,48,569,1441.0
388,8,18,58,42,96,1259,2890.0
389,27,14,22,33,102,988,3060.0
390,18,15,71,17,79,488,2390.0
391,6,28,46,45,103,1331,3095.0
392,25,9,48,33,74,973,2228.0
393,29,3,68,40,90,1180,2717.0
394,27,10,36,17,64,502,1944.0
395,24,23,59,34,95,1011,2874.0
396,22,7,38,44,81,1301,2431.0
397,15,17,24,45,73,1323,2197.0
398,3,22,21,57,111,1691,3341.0
399,6,9,68,42,91,1236,2756.0
horizon=140
