NODES,30
1,1,-,-
2,2,-,-
3,3,-,-
4,4,-,-
5,5,-,-
6,6,-,-
7,7,-,-
8,8,-,-
9,9,-,-
10,10,-,-
11,11,-,-
12,12,-,-
13,13,-,-
14,14,-,-
15,15,-,-
16,16,-,-
17,17,-,-
18,18,-,-
19,19,-,-
20,20,-,-
21,21,-,-
22,22,-,-
23,23,-,-
24,24,-,-
25,25,-,-
26,26,-,-
27,27,-,-
28,28,-,-
29,29,-,-
30,30,-,-
ARCS,520
0,1,14,2,1431,464,87,2602,2602.0
1,1,16,6,373,490,23,679,679.0
2,1,4,8,358,181,22,651,651.0
3,1,17,9,909,267,56,1653,1653.0
4,1,30,6,492,595,30,895,895.0
5,1,24,7,1118,496,68,2033,2033.0
6,1,12,6,895,430,55,1628,1628.0
7,1,29,3,701,232,43,1275,1275.0
8,1,21,4,1267,206,77,2304,2304.0
9,1,10,4,641,452,39,1166,1166.0
10,1,9,7,1148,452,70,2088,2088.0
11,1,25,5,507,593,31,922,922.0
12,1,11,8,626,550,38,1139,1139.0
13,1,13,8,790,417,48,1437,1437.0
14,1,6,6,1327,702,81,2413,2413.0
15,1,5,5,880,242,54,1600,1600.0
16,1,18,9,731,461,45,1330,1330.0
17,2,18,4,150,401,10,273,273.0
18,2,20,8,1476,651,90,2684,2684.0
19,2,26,1,1312,207,80,2386,2386.0
20,2,23,8,954,623,58,1735,1735.0
21,2,12,6,1133,149,69,2060,2060.0
22,2,4,5,1178,552,72,2142,2142.0
23,2,15,5,403,477,25,733,733.0
24,2,30,9,760,458,47,1382,1382.0
25,2,10,9,269,615,17,490,490.0
26,2,14,4,701,554,43,1275,1275.0
27,2,21,9,850,409,52,1546,1546.0
28,2,11,9,1178,285,72,2142,2142.0
29,2,9,2,492,245,30,895,895.0
30,2,28,4,835,175,51,1519,1519.0
31,2,5,4,1371,606,84,2493,2493.0
32,3,10,7,1431,710,87,2602,2602.0
33,3,9,5,522,225,32,950,950.0
34,3,4,3,656,357,40,1193,1193.0
35,3,19,8,880,339,54,1600,1600.0
36,3,27,9,209,447,13,380,380.0
37,3,2,7,492,578,30,895,895.0
38,3,17,2,820,172,50,1491,1491.0
39,3,12,1,865,323,53,1573,1573.0
40,3,28,8,1058,285,65,1924,1924.0
41,3,11,6,388,547,24,706,706.0
42,3,26,2,1356,603,83,2466,2466.0
43,3,7,6,239,642,15,435,435.0
44,4,26,9,1267,289,77,2304,2304.0
45,4,13,2,1178,628,72,2142,2142.0
46,4,29,3,656,431,40,1193,1193.0
47,4,30,1,194,220,12,353,353.0
48,4,6,2,537,698,33,977,977.0
49,4,10,6,1446,241,88,2630,2630.0
50,4,7,5,433,425,27,788,788.0
51,4,15,5,939,210,57,1708,1708.0
52,4,5,1,611,323,38,1111,1111.0
53,4,12,7,1252,632,76,2277,2277.0
54,4,20,5,462,250,28,840,840.0
55,4,28,9,656,201,40,1193,1193.0
56,4,1,7,835,629,51,1519,1519.0
57,4,21,8,284,282,18,517,517.0
58,4,16,7,716,316,44,1302,1302.0
59,4,19,7,1416,651,86,2575,2575.0
60,4,23,3,626,323,38,1139,1139.0
61,4,17,5,150,532,10,273,273.0
62,5,27,2,269,289,17,490,490.0
63,5,13,2,1088,679,66,1979,1979.0
64,5,25,8,567,178,35,1031,1031.0
65,5,9,8,328,664,20,597,597.0
66,5,28,6,880,248,54,1600,1600.0
67,5,16,3,239,631,15,435,435.0
68,5,18,6,1401,730,85,2548,2548.0
69,5,3,8,1401,335,85,2548,2548.0
70,5,6,7,999,178,61,1817,1817.0
71,5,4,9,1401,704,85,2548,2548.0
72,5,23,6,656,628,40,1193,1193.0
73,5,22,7,686,179,42,1248,1248.0
74,5,1,2,790,509,48,1437,1437.0
75,5,14,1,507,304,31,922,922.0
76,5,24,5,1029,546,63,1871,1871.0
77,5,29,8,1118,591,68,2033,2033.0
78,5,21,7,477,543,29,868,868.0
79,5,11,6,150,406,10,273,273.0
80,5,12,4,820,365,50,1491,1491.0
81,5,8,8,1446,658,88,2630,2630.0
82,5,30,8,1356,346,83,2466,2466.0
83,6,30,4,1148,245,70,2088,2088.0
84,6,13,1,865,159,53,1573,1573.0
85,6,17,5,418,150,26,760,760.0
86,6,12,9,388,364,24,706,706.0
87,6,11,1,418,566,26,760,760.0
88,6,25,7,1222,730,75,2222,2222.0
89,6,8,5,150,647,10,273,273.0
90,6,10,2,1431,553,87,2602,2602.0
91,6,15,6,880,730,54,1600,1600.0
92,6,28,6,567,553,35,1031,1031.0
93,6,27,7,1133,354,69,2060,2060.0
94,6,18,8,433,417,27,788,788.0
95,6,20,9,790,204,48,1437,1437.0
96,6,5,1,194,197,12,353,353.0
97,6,23,6,731,313,45,1330,1330.0
98,6,2,5,671,553,41,1220,1220.0
99,6,19,4,209,362,13,380,380.0
100,6,29,2,1401,255,85,2548,2548.0
101,6,1,3,1282,568,78,2331,2331.0
102,6,21,5,1148,222,70,2088,2088.0
103,6,3,4,1058,661,65,1924,1924.0
104,6,9,1,805,562,49,1464,1464.0
105,6,7,3,1014,255,62,1844,1844.0
106,7,5,5,462,289,28,840,840.0
107,7,2,5,1461,464,89,2657,2657.0
108,7,6,1,1148,382,70,2088,2088.0
109,7,16,8,403,402,25,733,733.0
110,7,4,8,984,365,60,1790,1790.0
111,7,29,2,448,720,28,815,815.0
112,7,3,2,239,474,15,435,435.0
113,7,22,6,954,316,58,1735,1735.0
114,7,23,2,731,458,45,1330,1330.0
115,7,8,5,522,153,32,950,950.0
116,7,28,9,209,727,13,380,380.0
117,7,11,9,552,573,34,1004,1004.0
118,7,21,7,403,226,25,733,733.0
119,7,15,3,492,528,30,895,895.0
120,7,19,1,269,625,17,490,490.0
121,7,24,3,1133,722,69,2060,2060.0
122,7,14,5,448,349,28,815,815.0
123,7,25,8,343,156,21,624,624.0
124,7,30,5,984,395,60,1790,1790.0
125,7,26,2,239,323,15,435,435.0
126,8,11,4,1163,234,71,2115,2115.0
127,8,13,5,820,675,50,1491,1491.0
128,8,23,4,343,484,21,624,624.0
129,8,5,1,1342,549,82,2440,2440.0
130,8,21,6,671,220,41,1220,1220.0
131,8,17,6,1297,379,79,2359,2359.0
132,8,1,8,164,393,10,299,299.0
133,8,12,6,1342,418,82,2440,2440.0
134,8,15,2,865,382,53,1573,1573.0
135,8,2,5,418,609,26,760,760.0
136,8,22,6,507,402,31,922,922.0
137,8,27,8,895,335,55,1628,1628.0
138,8,20,8,641,666,39,1166,1166.0
139,8,3,4,284,324,18,517,517.0
140,9,3,9,835,641,51,1519,1519.0
141,9,26,9,1103,720,67,2006,2006.0
142,9,19,7,194,368,12,353,353.0
143,9,10,2,1178,433,72,2142,2142.0
144,9,17,7,388,175,24,706,706.0
145,9,11,4,358,484,22,651,651.0
146,9,6,3,775,572,47,1410,1410.0
147,9,14,1,1267,710,77,2304,2304.0
148,9,12,6,448,556,28,815,815.0
149,9,15,9,1058,436,65,1924,1924.0
150,9,13,3,775,409,47,1410,1410.0
151,9,30,5,209,340,13,380,380.0
152,9,7,9,597,461,37,1086,1086.0
153,9,23,2,686,250,42,1248,1248.0
154,9,20,3,611,601,38,1111,1111.0
155,10,8,2,299,509,19,544,544.0
156,10,21,5,1401,713,85,2548,2548.0
157,10,20,4,1446,610,88,2630,2630.0
158,10,27,1,865,471,53,1573,1573.0
159,10,30,9,835,292,51,1519,1519.0
160,10,5,7,597,203,37,1086,1086.0
161,10,24,5,462,207,28,840,840.0
162,10,18,8,299,251,19,544,544.0
163,10,28,4,954,157,58,1735,1735.0
164,10,11,5,284,418,18,517,517.0
165,10,25,8,239,553,15,435,435.0
166,10,22,5,224,648,14,408,408.0
167,10,3,8,597,266,37,1086,1086.0
168,10,16,8,1193,310,73,2170,2170.0
169,10,12,9,954,190,58,1735,1735.0
170,11,13,2,1282,298,78,2331,2331.0
171,11,3,9,313,528,19,570,570.0
172,11,2,4,462,301,28,840,840.0
173,11,12,5,239,714,15,435,435.0
174,11,7,7,1237,250,75,2250,2250.0
175,11,5,4,924,355,56,1680,1680.0
176,11,8,2,656,308,40,1193,1193.0
177,11,1,9,760,581,47,1382,1382.0
178,11,26,3,150,510,10,273,273.0
179,11,14,1,984,584,60,1790,1790.0
180,11,28,3,1386,631,84,2520,2520.0
181,11,21,5,522,506,32,950,950.0
182,11,18,5,1267,483,77,2304,2304.0
183,11,20,9,239,273,15,435,435.0
184,11,22,9,1178,620,72,2142,2142.0
185,11,29,2,358,254,22,651,651.0
186,11,17,8,701,698,43,1275,1275.0
187,11,10,7,1252,631,76,2277,2277.0
188,11,9,7,1312,283,80,2386,2386.0
189,11,24,4,313,704,19,570,570.0
190,12,4,4,433,453,27,788,788.0
191,12,26,2,984,379,60,1790,1790.0
192,12,5,2,1044,402,64,1899,1899.0
193,12,7,2,269,556,17,490,490.0
194,12,15,9,835,467,51,1519,1519.0
195,12,10,6,969,377,59,1762,1762.0
196,12,21,6,1118,420,68,2033,2033.0
197,12,1,2,969,475,59,1762,1762.0
198,12,16,3,1193,154,73,2170,2170.0
199,12,11,5,284,566,18,517,517.0
200,12,2,4,924,651,56,1680,1680.0
201,12,3,2,954,192,58,1735,1735.0
202,12,19,3,403,289,25,733,733.0
203,12,29,7,895,714,55,1628,1628.0
204,12,23,2,269,159,17,490,490.0
205,12,6,4,567,603,35,1031,1031.0
206,12,22,8,1058,527,65,1924,1924.0
207,12,14,9,239,651,15,435,435.0
208,12,27,4,671,439,41,1220,1220.0
209,12,17,9,671,615,41,1220,1220.0
210,13,27,5,746,607,46,1357,1357.0
211,13,2,4,492,390,30,895,895.0
212,13,5,5,1207,367,74,2195,2195.0
213,13,14,2,1446,695,88,2630,2630.0
214,13,23,2,552,292,34,1004,1004.0
215,13,7,3,1133,447,69,2060,2060.0
216,13,10,4,164,226,10,299,299.0
217,13,16,3,299,417,19,544,544.0
218,13,15,4,954,537,58,1735,1735.0
219,13,6,9,716,370,44,1302,1302.0
220,13,25,2,790,449,48,1437,1437.0
221,13,18,9,1342,549,82,2440,2440.0
222,13,11,6,760,704,47,1382,1382.0
223,14,11,7,358,307,22,651,651.0
224,14,5,3,254,191,16,462,462.0
225,14,13,7,1386,481,84,2520,2520.0
226,14,1,7,1073,289,66,1951,1951.0
227,14,3,4,835,600,51,1519,1519.0
228,14,28,1,209,225,13,380,380.0
229,14,16,4,909,204,56,1653,1653.0
230,14,25,8,924,433,56,1680,1680.0
231,14,26,2,1103,162,67,2006,2006.0
232,14,10,6,299,286,19,544,544.0
233,14,27,1,1461,513,89,2657,2657.0
234,14,29,3,1371,420,84,2493,2493.0
235,14,15,7,1312,149,80,2386,2386.0
236,14,22,8,1356,179,83,2466,2466.0
237,14,9,4,1222,289,75,2222,2222.0
238,14,8,5,686,229,42,1248,1248.0
239,14,21,8,1237,639,75,2250,2250.0
240,14,7,9,984,433,60,1790,1790.0
241,14,4,1,164,502,10,299,299.0
242,14,12,5,746,412,46,1357,1357.0
243,15,23,5,656,276,40,1193,1193.0
244,15,27,3,1312,595,80,2386,2386.0
245,15,25,4,820,280,50,1491,1491.0
246,15,1,5,1118,239,68,2033,2033.0
247,15,22,5,1058,474,65,1924,1924.0
248,15,9,7,582,509,36,1059,1059.0
249,15,4,9,1416,610,86,2575,2575.0
250,15,26,3,939,326,57,1708,1708.0
251,15,19,9,477,355,29,868,868.0
252,15,21,7,254,336,16,462,462.0
253,15,20,7,448,689,28,815,815.0
254,15,11,8,507,338,31,922,922.0
255,15,13,9,954,462,58,1735,1735.0
256,15,24,3,731,658,45,1330,1330.0
257,15,17,1,224,683,14,408,408.0
258,15,28,6,448,579,28,815,815.0
259,15,5,2,850,544,52,1546,1546.0
260,15,7,4,597,379,37,1086,1086.0
261,15,2,9,507,417,31,922,922.0
262,15,10,4,567,480,35,1031,1031.0
263,15,6,7,373,534,23,679,679.0
264,15,29,1,1073,720,66,1951,1951.0
265,16,24,9,313,336,19,570,570.0
266,16,26,1,1133,519,69,2060,2060.0
267,16,30,5,1163,637,71,2115,2115.0
268,16,28,8,522,428,32,950,950.0
269,16,27,4,1029,343,63,1871,1871.0
270,16,3,5,1014,635,62,1844,1844.0
271,16,11,8,239,338,15,435,435.0
272,16,25,9,1014,286,62,1844,1844.0
273,16,4,1,1431,676,87,2602,2602.0
274,16,9,6,1282,701,78,2331,2331.0
275,16,20,1,462,612,28,840,840.0
276,16,19,4,1073,258,66,1951,1951.0
277,16,10,3,313,458,19,570,570.0
278,16,8,4,1476,387,90,2684,2684.0
279,16,15,7,522,716,32,950,950.0
280,16,17,6,552,635,34,1004,1004.0
281,17,27,6,1252,673,76,2277,2277.0
282,17,19,1,716,172,44,1302,1302.0
283,17,15,5,775,423,47,1410,1410.0
284,17,24,1,1044,266,64,1899,1899.0
285,17,14,8,1222,588,75,2222,2222.0
286,17,4,5,611,351,38,1111,1111.0
287,17,10,2,820,505,50,1491,1491.0
288,17,9,8,254,349,16,462,462.0
289,17,7,8,239,673,15,435,435.0
290,17,11,9,820,518,50,1491,1491.0
291,18,10,6,224,575,14,408,408.0
292,18,17,9,984,184,60,1790,1790.0
293,18,16,9,1476,232,90,2684,2684.0
294,18,26,4,522,354,32,950,950.0
295,18,28,6,895,474,55,1628,1628.0
296,18,29,3,433,299,27,788,788.0
297,18,9,1,775,198,47,1410,1410.0
298,18,5,4,1163,332,71,2115,2115.0
299,18,12,5,567,494,35,1031,1031.0
300,18,11,7,909,503,56,1653,1653.0
301,18,1,1,984,191,60,1790,1790.0
302,18,20,1,1103,534,67,2006,2006.0
303,18,19,7,775,695,47,1410,1410.0
304,18,24,4,895,207,55,1628,1628.0
305,19,4,1,522,264,32,950,950.0
306,19,9,3,850,606,52,1546,1546.0
307,19,22,5,209,510,13,380,380.0
308,19,15,2,746,450,46,1357,1357.0
309,19,6,4,999,697,61,1817,1817.0
310,19,18,3,775,147,47,1410,1410.0
311,19,3,4,1103,660,67,2006,2006.0
312,19,26,5,969,483,59,1762,1762.0
313,19,21,6,1193,194,73,2170,2170.0
314,19,11,7,462,566,28,840,840.0
315,19,28,1,1178,175,72,2142,2142.0
316,19,20,7,671,493,41,1220,1220.0
317,19,27,3,343,626,21,624,624.0
318,19,1,5,1088,447,66,1979,1979.0
319,19,17,6,537,206,33,977,977.0
320,19,29,8,343,704,21,624,624.0
321,19,23,2,1029,445,63,1871,1871.0
322,19,25,8,1327,415,81,2413,2413.0
323,20,13,7,850,241,52,1546,1546.0
324,20,22,2,1118,194,68,2033,2033.0
325,20,18,5,760,512,47,1382,1382.0
326,20,4,3,1371,286,84,2493,2493.0
327,20,11,6,1446,582,88,2630,2630.0
328,20,10,1,462,414,28,840,840.0
329,20,12,2,492,670,30,895,895.0
330,20,25,2,1431,314,87,2602,2602.0
331,20,19,2,284,727,18,517,517.0
332,20,24,5,880,483,54,1600,1600.0
333,20,26,5,1118,269,68,2033,2033.0
334,20,6,7,731,670,45,1330,1330.0
335,20,27,7,746,222,46,1357,1357.0
336,20,21,6,313,673,19,570,570.0
337,20,30,7,179,163,11,326,326.0
338,20,7,3,299,204,19,544,544.0
339,20,29,6,1029,623,63,1871,1871.0
340,21,14,9,1148,719,70,2088,2088.0
341,21,2,9,537,282,33,977,977.0
342,21,30,8,1356,619,83,2466,2466.0
343,21,10,8,626,437,38,1139,1139.0
344,21,12,7,299,497,19,544,544.0
345,21,20,2,1327,616,81,2413,2413.0
346,21,25,8,1073,678,66,1951,1951.0
347,21,9,2,1401,553,85,2548,2548.0
348,21,28,6,686,307,42,1248,1248.0
349,21,24,6,1297,267,79,2359,2359.0
350,21,1,8,597,393,37,1086,1086.0
351,21,16,1,507,697,31,922,922.0
352,21,5,8,984,670,60,1790,1790.0
353,21,23,5,1044,585,64,1899,1899.0
354,22,23,9,716,685,44,1302,1302.0
355,22,3,2,433,609,27,788,788.0
356,22,1,3,1014,255,62,1844,1844.0
357,22,14,4,1073,234,66,1951,1951.0
358,22,28,9,1148,464,70,2088,2088.0
359,22,30,5,880,540,54,1600,1600.0
360,22,10,5,1118,244,68,2033,2033.0
361,22,15,4,1386,724,84,2520,2520.0
362,22,19,4,1222,483,75,2222,2222.0
363,22,24,4,284,595,18,517,517.0
364,22,13,1,1133,390,69,2060,2060.0
365,22,18,3,209,417,13,380,380.0
366,22,7,3,254,452,16,462,462.0
367,22,16,7,835,436,51,1519,1519.0
368,22,4,1,224,528,14,408,408.0
369,22,6,9,984,383,60,1790,1790.0
370,22,25,5,1014,519,62,1844,1844.0
371,22,21,4,999,562,61,1817,1817.0
372,22,2,6,701,467,43,1275,1275.0
373,22,27,1,746,642,46,1357,1357.0
374,23,11,5,1163,678,71,2115,2115.0
375,23,26,4,850,332,52,1546,1546.0
376,23,16,4,1118,622,68,2033,2033.0
377,23,12,6,1103,569,67,2006,2006.0
378,23,30,8,1356,556,83,2466,2466.0
379,23,22,3,1029,273,63,1871,1871.0
380,23,18,7,1252,689,76,2277,2277.0
381,23,9,8,999,647,61,1817,1817.0
382,23,2,1,909,527,56,1653,1653.0
383,23,4,5,164,228,10,299,299.0
384,23,3,1,939,292,57,1708,1708.0
385,23,19,7,224,335,14,408,408.0
386,23,27,3,1148,702,70,2088,2088.0
387,23,7,2,1327,442,81,2413,2413.0
388,23,10,1,850,600,52,1546,1546.0
389,23,21,1,1327,537,81,2413,2413.0
390,24,16,3,1476,730,90,2684,2684.0
391,24,14,6,820,175,50,1491,1491.0
392,24,26,2,1118,376,68,2033,2033.0
393,24,28,5,939,239,57,1708,1708.0
394,24,20,6,209,663,13,380,380.0
395,24,6,1,552,722,34,1004,1004.0
396,24,22,6,775,302,47,1410,1410.0
397,24,13,7,1461,660,89,2657,2657.0
398,24,12,3,343,442,21,624,624.0
399,24,9,3,299,389,19,544,544.0
400,24,25,4,1029,257,63,1871,1871.0
401,24,19,9,1237,424,75,2250,2250.0
402,24,8,4,746,258,46,1357,1357.0
403,24,23,4,1058,698,65,1924,1924.0
404,24,1,1,1356,173,83,2466,2466.0
405,24,17,5,1461,301,89,2657,2657.0
406,24,15,7,686,415,42,1248,1248.0
407,25,15,4,209,165,13,380,380.0
408,25,7,7,507,348,31,922,922.0
409,25,11,5,1133,522,69,2060,2060.0
410,25,28,4,1371,527,84,2493,2493.0
411,25,4,8,1386,194,84,2520,2520.0
412,25,6,3,582,669,36,1059,1059.0
413,25,13,4,164,179,10,299,299.0
414,25,23,4,194,447,12,353,353.0
415,25,9,7,1133,512,69,2060,2060.0
416,25,29,4,1282,332,78,2331,2331.0
417,25,16,8,194,203,12,353,353.0
418,25,24,2,522,496,32,950,950.0
419,25,1,8,254,241,16,462,462.0
420,25,30,6,254,719,16,462,462.0
421,25,27,4,1476,587,90,2684,2684.0
422,25,10,2,686,291,42,1248,1248.0
423,25,17,2,343,228,21,624,624.0
424,25,8,1,269,367,17,490,490.0
425,25,19,1,1207,587,74,2195,2195.0
426,25,26,3,954,537,58,1735,1735.0
427,25,14,8,716,182,44,1302,1302.0
428,25,3,6,954,638,58,1735,1735.0
429,26,7,3,284,566,18,517,517.0
430,26,12,6,716,720,44,1302,1302.0
431,26,29,1,179,319,11,326,326.0
432,26,18,6,448,185,28,815,815.0
433,26,2,9,1193,433,73,2170,2170.0
434,26,24,6,567,411,35,1031,1031.0
435,26,16,8,1193,619,73,2170,2170.0
436,26,17,5,299,692,19,544,544.0
437,26,4,3,1014,565,62,1844,1844.0
438,26,1,7,820,238,50,1491,1491.0
439,26,25,3,552,436,34,1004,1004.0
440,26,6,2,522,601,32,950,950.0
441,26,22,6,969,499,59,1762,1762.0
442,26,21,4,939,506,57,1708,1708.0
443,26,28,8,1312,730,80,2386,2386.0
444,26,27,2,1178,661,72,2142,2142.0
445,26,11,7,1356,212,83,2466,2466.0
446,26,3,2,1327,673,81,2413,2413.0
447,27,22,1,954,700,58,1735,1735.0
448,27,3,7,909,510,56,1653,1653.0
449,27,25,6,224,417,14,408,408.0
450,27,2,3,939,382,57,1708,1708.0
451,27,16,8,179,415,11,326,326.0
452,27,13,5,1297,638,79,2359,2359.0
453,27,15,1,731,661,45,1330,1330.0
454,27,26,7,880,238,54,1600,1600.0
455,27,30,4,1342,286,82,2440,2440.0
456,27,19,6,239,508,15,435,435.0
457,27,12,2,790,173,48,1437,1437.0
458,27,14,9,1356,714,83,2466,2466.0
459,27,7,7,701,540,43,1275,1275.0
460,27,10,4,656,275,40,1193,1193.0
461,27,5,2,1446,481,88,2630,2630.0
462,27,11,2,552,667,34,1004,1004.0
463,27,6,8,507,275,31,922,922.0
464,27,8,1,716,431,44,1302,1302.0
465,27,23,6,343,377,21,624,624.0
466,27,20,3,731,537,45,1330,1330.0
467,27,24,9,1237,610,75,2250,2250.0
468,27,28,4,552,474,34,1004,1004.0
469,28,24,7,716,213,44,1302,1302.0
470,28,26,7,760,546,47,1382,1382.0
471,28,19,8,1431,228,87,2602,2602.0
472,28,22,7,1088,537,66,1979,1979.0
473,28,5,3,1267,714,77,2304,2304.0
474,28,12,7,1476,571,90,2684,2684.0
475,28,17,5,1476,634,90,2684,2684.0
476,28,27,8,1014,424,62,1844,1844.0
477,28,14,2,388,311,24,706,706.0
478,28,13,8,1401,490,85,2548,2548.0
479,28,9,3,671,333,41,1220,1220.0
480,28,4,6,418,600,26,760,760.0
481,28,3,3,150,468,10,273,273.0
482,28,2,4,746,154,46,1357,1357.0
483,28,7,2,850,528,52,1546,1546.0
484,28,6,7,746,219,46,1357,1357.0
485,28,30,2,686,280,42,1248,1248.0
486,28,21,9,671,568,41,1220,1220.0
487,28,18,6,895,423,55,1628,1628.0
488,28,25,4,760,629,47,1382,1382.0
489,28,1,4,477,288,29,868,868.0
490,29,24,2,1282,434,78,2331,2331.0
491,29,21,4,805,223,49,1464,1464.0
492,29,7,5,492,239,30,895,895.0
493,29,8,8,731,705,45,1330,1330.0
494,29,10,9,731,311,45,1330,1330.0
495,29,27,3,954,229,58,1735,1735.0
496,29,19,6,611,383,38,1111,1111.0
497,29,28,7,969,267,59,1762,1762.0
498,29,15,3,924,549,56,1680,1680.0
499,29,11,8,194,150,12,353,353.0
500,29,9,8,1282,565,78,2331,2331.0
501,29,1,8,567,260,35,1031,1031.0
502,29,25,5,701,425,43,1275,1275.0
503,29,14,8,537,534,33,977,977.0
504,30,13,5,1148,395,70,2088,2088.0
505,30,20,7,1148,188,70,2088,2088.0
506,30,9,6,150,440,10,273,273.0
507,30,25,7,299,475,19,544,544.0
508,30,5,1,1133,241,69,2060,2060.0
509,30,24,2,1461,280,89,2657,2657.0
510,30,7,4,1461,176,89,2657,2657.0
511,30,19,3,820,642,50,1491,1491.0
512,30,27,2,1297,192,79,2359,2359.0
513,30,11,8,224,541,14,408,408.0
514,30,12,2,1416,187,86,2575,2575.0
515,30,28,8,895,324,55,1628,1628.0
516,30,1,2,179,338,11,326,326.0
517,30,23,7,954,187,58,1735,1735.0
518,30,21,4,1193,453,73,2170,2170.0
519,30,3,2,388,231,24,706,706.0
COMMODITIES,400
0,24,1,44,38,91,1120,2757.0
1,15,20,27,39,79,1147,2396.0
2,10,26,31,37,79,1084,2370.0
3,9,16,73,31,98,901,2956.0
4,21,22,71,36,99,1062,2999.0
5,18,11,46,44,95,1308,2853.0
6,6,5,41,49,81,1454,2445.0
7,9,14,21,29,92,851,2780.0
8,30,4,64,40,92,1190,2761.0
9,8,29,46,38,105,1130,3151.0
10,19,30,70,39,97,1169,2919.0
11,23,29,68,37,84,1102,2535.0
12,16,15,74,38,83,1131,2504.0
13,22,26,19,44,84,1319,2547.0
14,14,6,18,40,99,1198,2995.0
15,25,7,64,42,87,1233,2630.0
16,18,17,31,33,99,981,2984.0
17,11,15,27,39,107,1163,3223.0
18,10,30,43,36,80,1052,2419.0
19,7,25,40,24,63,708,1919.0
20,5,20,64,34,75,1011,2265.0
21,23,12,35,31,94,919,2844.0
22,22,25,72,40,93,1191,2796.0
23,22,8,30,33,96,983,2891.0
24,8,4,53,36,84,1054,2541.0
25,26,16,18,30,88,899,2662.0
26,1,11,55,33,89,984,2678.0
27,26,18,51,30,75,898,2272.0
28,16,3,31,44,96,1316,2891.0
29,5,4,25,42,104,1250,3126.0
30,27,29,24,27,81,798,2433.0
31,23,30,32,44,83,1313,2502.0
32,12,9,63,34,91,1019,2746.0
33,14,13,69,25,86,744,2600.0
34,20,17,56,42,106,1254,3182.0
35,29,19,67,38,92,1119,2768.0
36,20,3,69,42,92,1234,2761.0
37,26,2,56,36,103,1077,3104.0
38,26,22,37,24,88,718,2658.0
39,5,22,53,33,93,972,2812.0
40,16,4,16,29,87,861,2615.0
41,3,30,69,28,88,829,2640.0
42,6,30,48,31,94,929,2849.0
43,14,16,73,35,83,1038,2493.0
44,8,16,56,34,79,998,2397.0
45,15,28,24,36,82,1077,2463.0
46,2,23,62,28,84,815,2531.0
47,17,2,65,43,116,1262,3480.0
48,24,20,57,34,65,1015,1953.0
49,25,13,60,33,59,969,1786.0
50,27,3,61,34,91,994,2758.0
51,7,17,71,49,100,1443,3009.0
52,20,18,73,39,98,1155,2945.0
53,11,14,47,28,74,834,2231.0
54,14,10,18,32,69,950,2093.0
55,25,6,72,39,91,1168,2730.0
56,10,19,19,36,96,1078,2904.0
57,22,15,34,31,93,904,2819.0
58,9,13,56,38,94,1140,2848.0
59,16,26,20,37,80,1082,2404.0
60,28,20,20,20,82,576,2470.0
61,12,11,15,42,74,1245,2247.0
62,15,3,37,38,95,1124,2852.0
63,12,17,41,34,86,1011,2580.0
64,8,6,73,33,109,976,3292.0
65,14,4,23,40,72,1190,2162.0
66,20,19,69,44,81,1317,2458.0
67,24,22,35,32,95,938,2859.0
68,28,19,50,31,82,927,2460.0
69,5,25,28,35,80,1050,2412.0
70,20,10,57,38,83,1132,2506.0
71,17,21,19,40,94,1195,2847.0
72,21,3,32,39,110,1154,3300.0
73,14,11,56,28,70,822,2101.0
74,15,18,28,38,91,1136,2750.0
75,18,8,41,41,93,1229,2806.0
76,2,4,35,34,94,1000,2822.0
77,17,29,56,34,90,1010,2724.0
78,7,30,46,36,85,1078,2566.0
79,15,9,26,35,80,1028,2408.0
80,22,27,67,36,89,1060,2697.0
81,27,16,32,30,61,876,1832.0
82,17,1,40,21,76,620,2304.0
83,12,21,64,34,90,1013,2717.0
84,9,4,15,28,80,837,2411.0
85,21,8,24,34,109,1006,3295.0
86,23,25,69,31,86,922,2587.0
87,22,21,15,38,89,1140,2671.0
88,18,4,53,30,86,879,2587.0
89,16,11,27,28,56,824,1708.0
90,2,11,16,39,92,1152,2763.0
91,26,30,37,26,91,779,2754.0
92,12,16,32,32,90,948,2710.0
93,25,18,51,33,88,962,2643.0
94,26,23,24,44,105,1318,3151.0
95,19,14,69,27,95,810,2862.0
96,19,15,74,45,111,1344,3332.0
97,19,21,19,27,87,786,2615.0
98,28,30,23,37,87,1095,2617.0
99,22,30,72,38,80,1138,2405.0
100,13,3,39,31,92,929,2773.0
101,28,17,45,50,105,1474,3154.0
102,18,22,37,38,82,1138,2464.0
103,24,14,56,35,82,1024,2464.0
104,4,19,39,35,84,1041,2533.0
105,2,12,30,36,96,1072,2892.0
106,17,25,18,31,80,924,2425.0
107,26,21,35,40,101,1189,3039.0
108,29,24,54,29,82,865,2467.0
109,26,24,17,32,82,941,2485.0
110,21,1,35,25,84,729,2521.0
111,15,25,19,37,103,1096,3112.0
112,1,30,70,33,81,962,2457.0
113,21,17,39,40,105,1176,3171.0
114,29,22,46,35,104,1048,3122.0
115,16,17,62,37,86,1084,2605.0
116,12,24,21,33,87,974,2629.0
117,4,13,20,47,102,1405,3069.0
118,5,18,49,43,103,1283,3098.0
119,1,2,16,26,103,763,3111.0
120,5,8,61,41,104,1221,3121.0
121,15,10,44,31,84,922,2543.0
122,12,8,51,32,92,960,2778.0
123,19,24,38,40,85,1195,2560.0
124,23,24,49,31,92,906,2779.0
125,16,29,50,36,85,1056,2574.0
126,3,26,50,50,95,1488,2863.0
127,3,4,74,34,93,992,2794.0
128,3,6,51,43,105,1274,3151.0
129,4,24,52,41,109,1216,3297.0
130,19,7,20,45,92,1345,2773.0
131,29,20,57,43,83,1280,2504.0
132,26,14,25,28,86,827,2604.0
133,3,27,56,34,64,996,1921.0
134,13,25,53,31,72,927,2185.0
135,22,14,30,28,84,818,2542.0
136,13,20,44,28,87,835,2630.0
137,21,11,25,41,93,1222,2813.0
138,12,29,51,35,88,1035,2643.0
139,9,19,18,43,70,1265,2122.0
140,10,6,73,45,115,1338,3456.0
141,9,3,74,32,80,952,2417.0
142,5,17,29,40,95,1182,2866.0
143,30,25,22,28,64,837,1934.0
144,20,11,22,35,72,1036,2179.0
145,7,27,45,48,86,1413,2591.0
146,28,27,70,34,71,1006,2158.0
147,27,25,25,42,68,1255,2063.0
148,22,4,26,30,57,890,1732.0
149,12,15,60,27,89,803,2673.0
150,3,15,58,36,89,1053,2671.0
151,22,2,54,39,92,1169,2767.0
152,19,5,16,29,101,852,3031.0
153,5,14,23,44,93,1308,2810.0
154,30,21,35,35,95,1026,2871.0
155,12,3,38,33,80,961,2421.0
156,26,9,37,39,89,1158,2686.0
157,5,1,36,27,88,786,2651.0
158,16,21,17,35,99,1043,2995.0
159,8,1,33,31,56,911,1698.0
160,2,20,55,37,101,1101,3032.0
161,20,15,62,28,86,826,2590.0
162,14,19,69,34,93,1006,2816.0
163,3,2,52,43,86,1282,2604.0
164,22,11,69,25,85,729,2552.0
165,30,14,20,41,104,1222,3134.0
166,3,16,22,36,75,1074,2261.0
167,9,17,48,28,68,823,2045.0
168,25,30,17,33,61,973,1839.0
169,27,22,42,30,77,891,2315.0
170,16,12,30,42,87,1249,2637.0
171,1,20,39,36,103,1060,3116.0
172,27,19,25,30,67,896,2032.0
173,30,9,46,31,57,903,1712.0
174,6,11,29,27,67,806,2014.0
175,6,4,30,36,93,1078,2817.0
176,22,28,65,40,85,1185,2575.0
177,9,15,37,36,96,1066,2894.0
178,28,6,25,32,93,953,2809.0
179,15,4,72,35,105,1036,3162.0
180,14,2,35,38,105,1113,3158.0
181,19,3,61,33,86,986,2596.0
182,16,28,71,31,81,912,2433.0
183,21,9,25,29,110,865,3326.0
184,14,26,40,39,89,1150,2671.0
185,18,9,50,26,91,759,2740.0
186,15,14,32,35,97,1036,2921.0
187,22,29,28,42,94,1247,2833.0
188,9,12,19,31,73,914,2197.0
189,10,15,47,30,76,872,2284.0
190,22,3,36,31,76,922,2280.0
191,16,2,50,37,98,1087,2962.0
192,30,6,50,33,103,969,3115.0
193,24,6,68,33,81,984,2450.0
194,26,7,21,33,61,987,1833.0
195,12,5,69,34,80,1018,2419.0
196,26,17,36,33,70,979,2118.0
197,22,1,66,37,86,1108,2599.0
198,22,6,44,33,100,974,3014.0
199,12,2,30,31,90,903,2721.0
200,2,15,33,48,89,1423,2699.0
201,23,9,19,32,79,956,2395.0
202,16,1,31,39,108,1164,3240.0
203,11,19,21,38,90,1114,2705.0
204,22,9,41,34,88,1009,2641.0
205,5,3,38,42,82,1236,2462.0
206,19,18,73,36,82,1069,2464.0
207,6,26,36,37,84,1097,2530.0
208,10,2,20,29,89,864,2695.0
209,6,24,44,34,88,1010,2658.0
210,6,8,74,37,62,1085,1885.0
211,4,9,36,42,83,1257,2497.0
212,28,23,61,43,100,1269,3017.0
213,20,29,43,30,85,896,2570.0
214,4,26,50,40,86,1188,2596.0
215,21,25,20,33,99,986,2996.0
216,12,1,28,45,112,1327,3385.0
217,24,2,37,34,115,993,3477.0
218,11,26,71,35,67,1036,2017.0
219,16,18,38,36,92,1078,2769.0
220,23,4,28,41,68,1205,2066.0
221,16,10,55,30,64,892,1941.0
222,14,5,30,43,73,1278,2196.0
223,12,18,72,40,110,1198,3321.0
224,3,17,70,33,97,968,2935.0
225,19,1,41,44,110,1320,3313.0
226,16,30,69,38,94,1129,2824.0
227,9,11,21,34,72,1000,2182.0
228,17,28,28,41,87,1215,2634.0
229,10,18,36,46,81,1355,2456.0
230,19,17,23,30,83,885,2503.0
231,3,9,31,38,86,1121,2595.0
232,20,16,23,28,88,822,2666.0
233,11,10,54,26,87,759,2615.0
234,3,10,31,40,102,1173,3089.0
235,19,27,74,27,66,792,2004.0
236,19,22,36,38,60,1122,1820.0
237,2,5,29,35,107,1024,3218.0
238,11,27,18,36,83,1080,2505.0
239,21,5,69,37,102,1103,3084.0
240,6,15,65,25,98,738,2947.0
241,18,16,60,42,101,1241,3030.0
242,29,12,52,40,81,1196,2443.0
243,21,2,33,42,93,1232,2799.0
244,30,23,44,36,87,1055,2618.0
245,14,9,73,35,82,1041,2488.0
246,1,3,48,40,110,1197,3308.0
247,2,24,62,39,102,1146,3062.0
248,29,1,34,29,81,854,2459.0
249,28,26,50,29,88,870,2656.0
250,29,14,42,28,77,814,2332.0
251,20,28,56,32,78,937,2355.0
252,12,14,39,35,66,1030,2005.0
253,3,20,34,30,86,885,2600.0
254,20,4,32,46,104,1365,3140.0
255,25,26,65,39,97,1151,2921.0
256,4,1,63,20,58,587,1748.0
257,21,20,40,40,105,1182,3172.0
258,3,28,73,27,77,790,2331.0
259,28,5,37,27,85,801,2562.0
260,28,4,34,37,77,1108,2311.0
261,30,27,50,40,89,1174,2688.0
262,6,27,29,35,79,1039,2383.0
263,17,10,74,33,102,989,3063.0
264,17,15,32,35,95,1034,2872.0
265,6,18,40,39,87,1163,2618.0
266,27,5,20,36,92,1078,2760.0
267,27,18,17,32,84,936,2545.0
268,24,29,41,37,105,1108,3159.0
269,3,18,46,37,90,1094,2705.0
270,10,23,70,30,73,897,2192.0
271,13,4,17,37,91,1099,2757.0
272,9,8,54,43,110,1286,3327.0
273,10,24,20,35,80,1027,2429.0
274,5,24,56,42,84,1251,2528.0
275,8,25,28,41,102,1204,3070.0
276,14,20,26,37,91,1089,2746.0
277,3,1,51,40,98,1199,2945.0
278,15,12,63,34,81,1003,2453.0
279,12,7,62,36,69,1060,2084.0
280,19,29,37,28,65,833,1966.0
281,25,11,40,30,75,900,2277.0
282,16,20,16,42,87,1245,2638.0
283,25,15,70,33,60,973,1811.0
284,22,16,71,34,90,1019,2720.0
285,12,13,33,36,93,1065,2790.0
286,2,7,60,33,97,980,2914.0
287,10,9,70,25,77,722,2327.0
288,6,16,41,39,83,1159,2491.0
289,22,13,39,34,101,1014,3039.0
290,18,30,46,42,102,1233,3083.0
291,21,18,36,38,96,1123,2900.0
292,11,17,37,48,86,1417,2599.0
293,17,7,59,40,72,1171,2181.0
294,2,16,50,43,99,1281,2996.0
295,20,1,52,35,79,1024,2380.0
296,24,8,67,46,106,1363,3201.0
297,26,27,57,34,97,992,2922.0
298,18,12,64,36,87,1065,2632.0
299,28,22,46,39,105,1142,3151.0
300,1,7,64,42,105,1259,3179.0
301,10,11,55,32,70,933,2101.0
302,10,4,25,35,80,1021,2400.0
303,1,13,54,45,100,1328,3014.0
304,2,17,74,29,84,865,2536.0
305,3,25,30,36,83,1069,2504.0
306,10,3,43,27,76,791,2300.0
307,3,7,37,38,68,1118,2052.0
308,13,9,57,48,117,1432,3520.0
309,13,22,20,32,77,933,2337.0
310,21,23,36,32,87,952,2633.0
311,9,7,53,29,78,851,2361.0
312,2,27,20,28,107,833,3222.0
313,18,14,68,31,96,907,2884.0
314,18,29,48,26,68,775,2040.0
315,16,6,27,42,108,1245,3248.0
316,3,13,58,30,85,883,2571.0
317,19,12,53,42,102,1243,3083.0
318,12,27,23,35,93,1046,2809.0
319,19,25,66,41,90,1209,2710.0
320,26,5,60,35,97,1029,2929.0
321,10,22,26,36,71,1070,2134.0
322,7,23,50,40,92,1194,2765.0
323,13,7,69,37,94,1096,2847.0
324,2,14,15,35,96,1047,2888.0
325,5,2,28,28,81,812,2457.0
326,21,30,56,37,109,1110,3295.0
327,3,19,49,35,75,1041,2276.0
328,6,21,44,31,92,924,2776.0
329,2,9,36,43,90,1262,2721.0
330,20,14,36,33,91,980,2758.0
331,18,24,61,32,88,943,2650.0
332,28,3,38,40,69,1197,2090.0
333,16,19,70,47,110,1395,3310.0
334,18,27,51,32,108,938,3258.0
335,19,6,67,42,110,1255,3302.0
336,28,7,47,39,78,1160,2351.0
337,15,1,74,26,82,766,2476.0
338,9,22,52,44,85,1314,2560.0
339,15,11,33,39,88,1147,2647.0
340,29,17,61,24,77,691,2328.0
341,7,16,53,32,73,949,2214.0
342,30,5,46,31,106,927,3201.0
343,3,14,22,34,97,992,2937.0
344,7,8,36,36,82,1055,2478.0
345,23,11,26,37,87,1095,2636.0
346,4,25,35,43,92,1289,2767.0
347,15,30,42,31,85,902,2576.0
348,25,16,68,34,58,1004,1741.0
349,29,9,38,39,103,1151,3112.0
350,7,21,54,39,78,1160,2346.0
351,29,10,58,37,95,1103,2864.0
352,1,16,15,37,78,1092,2367.0
353,25,22,42,43,98,1268,2943.0
354,22,19,20,48,97,1412,2931.0
355,30,17,27,37,88,1094,2649.0
356,26,6,72,30,75,874,2264.0
357,22,12,22,32,85,933,2564.0
358,18,7,29,29,89,867,2676.0
359,27,28,71,42,98,1253,2946.0
360,16,5,42,39,112,1149,3383.0
361,25,10,30,42,75,1246,2278.0
362,13,23,60,44,91,1304,2731.0
363,5,23,20,37,92,1081,2771.0
364,7,5,62,50,87,1482,2633.0
365,30,3,23,27,64,805,1948.0
366,15,19,65,31,79,916,2385.0
367,19,28,30,31,85,912,2555.0
368,7,18,68,31,87,919,2623.0
369,27,6,25,37,82,1106,2488.0
370,19,11,22,34,77,1016,2326.0
371,9,21,40,36,109,1069,3281.0
372,3,11,33,44,86,1320,2604.0
373,7,2,35,33,93,980,2811.0
374,20,6,20,30,95,898,2858.0
375,14,22,44,27,78,804,2358.0
376,9,24,65,40,95,1200,2879.0
377,6,25,32,21,83,609,2503.0
378,26,3,55,39,94,1169,2846.0
379,28,2,47,24,84,707,2524.0
380,1,27,46,35,117,1029,3511.0
381,20,23,27,37,94,1098,2835.0
382,24,17,25,39,94,1161,2836.0
383,7,19,31,39,73,1170,2214.0
384,24,12,56,49,87,1445,2632.0
385,7,26,40,46,82,1367,2470.0
386,8,30,57,40,93,1171,2818.0
387,25,23,59,38,74,1111,2236.0
388,8,18,58,33,82,972,2469.0
389,27,14,22,34,104,1005,3125.0
390,18,15,71,29,90,849,2702.0
391,6,28,46,31,82,928,2478.0
392,25,9,48,26,69,752,2074.0
393,29,3,68,33,84,968,2536.0
394,27,10,36,37,86,1108,2596.0
395,24,23,59,28,83,831,2508.0
396,22,7,38,39,74,1169,2230.0
397,15,17,24,41,72,1220,2160.0
398,3,22,21,30,90,894,2704.0
399,6,9,68,25,75,738,2260.0
horizon=117
