NODES,30
1,1,-,-
2,2,-,-
3,3,-,-
4,4,-,-
5,5,-,-
6,6,-,-
7,7,-,-
8,8,-,-
9,9,-,-
10,10,-,-
11,11,-,-
12,12,-,-
13,13,-,-
14,14,-,-
15,15,-,-
16,16,-,-
17,17,-,-
18,18,-,-
19,19,-,-
20,20,-,-
21,21,-,-
22,22,-,-
23,23,-,-
24,24,-,-
25,25,-,-
26,26,-,-
27,27,-,-
28,28,-,-
29,29,-,-
30,30,-,-
ARCS,520
0,1,14,2,1431,464,87,2602,2602.0
1,1,16,6,373,490,23,679,679.0
2,1,4,8,358,181,22,651,651.0
3,1,17,9,909,267,56,1653,1653.0
4,1,30,6,492,595,30,895,895.0
5,1,24,7,1118,496,68,2033,2033.0
6,1,12,6,895,430,55,1628,1628.0
7,1,29,3,701,232,43,1275,1275.0
8,1,21,4,1267,206,77,2304,2304.0
9,1,10,4,641,452,39,1166,1166.0
10,1,9,7,1148,452,70,2088,2088.0
11,1,25,5,507,593,31,922,922.0
12,1,11,8,626,550,38,1139,1139.0
13,1,13,8,790,417,48,1437,1437.0
14,1,6,6,1327,702,81,2413,2413.0
15,1,5,5,880,242,54,1600,1600.0
16,1,18,9,731,461,45,1330,1330.0
17,2,18,4,150,401,10,273,273.0
18,2,20,8,1476,651,90,2684,2684.0
19,2,26,1,1312,207,80,2386,2386.0
20,2,23,8,954,623,58,1735,1735.0
21,2,12,6,1133,149,69,2060,2060.0
22,2,4,5,1178,552,72,2142,2142.0
23,2,15,5,403,477,25,733,733.0
24,2,30,9,760,458,47,1382,1382.0
25,2,10,9,269,615,17,490,490.0
26,2,14,4,701,554,43,1275,1275.0
27,2,21,9,850,409,52,1546,1546.0
28,2,11,9,1178,285,72,2142,2142.0
29,2,9,2,492,245,30,895,895.0
30,2,28,4,835,175,51,1519,1519.0
31,2,5,4,1371,606,84,2493,2493.0
32,3,10,7,1431,710,87,2602,2602.0
33,3,9,5,522,225,32,950,950.0
34,3,4,3,656,357,40,1193,1193.0
35,3,19,8,880,339,54,1600,1600.0
36,3,27,9,209,447,13,380,380.0
37,3,2,7,492,578,30,895,895.0
38,3,17,2,820,172,50,1491,1491.0
39,3,12,1,865,323,53,1573,1573.0
40,3,28,8,1058,285,65,1924,1924.0
41,3,11,6,388,547,24,706,706.0
42,3,26,2,1356,603,83,2466,2466.0
43,3,7,6,239,642,15,435,435.0
44,4,26,9,1267,289,77,2304,2304.0
45,4,13,2,1178,628,72,2142,2142.0
46,4,29,3,656,431,40,1193,1193.0
47,4,30,1,194,220,12,353,353.0
48,4,6,2,537,698,33,977,977.0
49,4,10,6,1446,241,88,2630,2630.0
50,4,7,5,433,425,27,788,788.0
51,4,15,5,939,210,57,1708,1708.0
52,4,5,1,611,323,38,1111,1111.0
53,4,12,7,1252,632,76,2277,2277.0
54,4,20,5,462,250,28,840,840.0
55,4,28,9,656,201,40,1193,1193.0
56,4,1,7,835,629,51,1519,1519.0
57,4,21,8,284,282,18,517,517.0
58,4,16,7,716,316,44,1302,1302.0
59,4,19,7,1416,651,86,2575,2575.0
60,4,23,3,626,323,38,1139,1139.0
61,4,17,5,150,532,10,273,273.0
62,5,27,2,269,289,17,490,490.0
63,5,13,2,1088,679,66,1979,1979.0
64,5,25,8,567,178,35,1031,1031.0
65,5,9,8,328,664,20,597,597.0
66,5,28,6,880,248,54,1600,1600.0
67,5,16,3,239,631,15,435,435.0
68,5,18,6,1401,730,85,2548,2548.0
69,5,3,8,1401,335,85,2548,2548.0
70,5,6,7,999,178,61,1817,1817.0
71,5,4,9,1401,704,85,2548,2548.0
72,5,23,6,656,628,40,1193,1193.0
73,5,22,7,686,179,42,1248,1248.0
74,5,1,2,790,509,48,1437,1437.0
75,5,14,1,507,304,31,922,922.0
76,5,24,5,1029,546,63,1871,1871.0
77,5,29,8,1118,591,68,2033,2033.0
78,5,21,7,477,543,29,868,868.0
79,5,11,6,150,406,10,273,273.0
80,5,12,4,820,365,50,1491,1491.0
81,5,8,8,1446,658,88,2630,2630.0
82,5,30,8,1356,346,83,2466,2466.0
83,6,30,4,1148,245,70,2088,2088.0
84,6,13,1,865,159,53,1573,1573.0
85,6,17,5,418,150,26,760,760.0
86,6,12,9,388,364,24,706,706.0
87,6,11,1,418,566,26,760,760.0
88,6,25,7,1222,730,75,2222,2222.0
89,6,8,5,150,647,10,273,273.0
90,6,10,2,1431,553,87,2602,2602.0
91,6,15,6,880,730,54,1600,1600.0
92,6,28,6,567,553,35,1031,1031.0
93,6,27,7,1133,354,69,2060,2060.0
94,6,18,8,433,417,27,788,788.0
95,6,20,9,790,204,48,1437,1437.0
96,6,5,1,194,197,12,353,353.0
97,6,23,6,731,313,45,1330,1330.0
98,6,2,5,671,553,41,1220,1220.0
99,6,19,4,209,362,13,380,380.0
100,6,29,2,1401,255,85,2548,2548.0
101,6,1,3,1282,568,78,2331,2331.0
102,6,21,5,1148,222,70,2088,2088.0
103,6,3,4,1058,661,65,1924,1924.0
104,6,9,1,805,562,49,1464,1464.0
105,6,7,3,1014,255,62,1844,1844.0
106,7,5,5,462,289,28,840,840.0
107,7,2,5,1461,464,89,2657,2657.0
108,7,6,1,1148,382,70,2088,2088.0
109,7,16,8,403,402,25,733,733.0
110,7,4,8,984,365,60,1790,1790.0
111,7,29,2,448,720,28,815,815.0
112,7,3,2,239,474,15,435,435.0
113,7,22,6,954,316,58,1735,1735.0
114,7,23,2,731,458,45,1330,1330.0
115,7,8,5,522,153,32,950,950.0
116,7,28,9,209,727,13,380,380.0
117,7,11,9,552,573,34,1004,1004.0
118,7,21,7,403,226,25,733,733.0
119,7,15,3,492,528,30,895,895.0
120,7,19,1,269,625,17,490,490.0
121,7,24,3,1133,722,69,2060,2060.0
122,7,14,5,448,349,28,815,815.0
123,7,25,8,343,156,21,624,624.0
124,7,30,5,984,395,60,1790,1790.0
125,7,26,2,239,323,15,435,435.0
126,8,11,4,1163,234,71,2115,2115.0
127,8,13,5,820,675,50,1491,1491.0
128,8,23,4,343,484,21,624,624.0
129,8,5,1,1342,549,82,2440,2440.0
130,8,21,6,671,220,41,1220,1220.0
131,8,17,6,1297,379,79,2359,2359.0
132,8,1,8,164,393,10,299,299.0
133,8,12,6,1342,418,82,2440,2440.0
134,8,15,2,865,382,53,1573,1573.0
135,8,2,5,418,609,26,760,760.0
136,8,22,6,507,402,31,922,922.0
137,8,27,8,895,335,55,1628,1628.0
138,8,20,8,641,666,39,1166,1166.0
139,8,3,4,284,324,18,517,517.0
140,9,3,9,835,641,51,1519,1519.0
141,9,26,9,1103,720,67,2006,2006.0
142,9,19,7,194,368,12,353,353.0
143,9,10,2,1178,433,72,2142,2142.0
144,9,17,7,388,175,24,706,706.0
145,9,11,4,358,484,22,651,651.0
146,9,6,3,775,572,47,1410,1410.0
147,9,14,1,1267,710,77,2304,2304.0
148,9,12,6,448,556,28,815,815.0
149,9,15,9,1058,436,65,1924,1924.0
150,9,13,3,775,409,47,1410,1410.0
151,9,30,5,209,340,13,380,380.0
152,9,7,9,597,461,37,1086,1086.0
153,9,23,2,686,250,42,1248,1248.0
154,9,20,3,611,601,38,1111,1111.0
155,10,8,2,299,509,19,544,544.0
156,10,21,5,1401,713,85,2548,2548.0
157,10,20,4,1446,610,88,2630,2630.0
158,10,27,1,865,471,53,1573,1573.0
159,10,30,9,835,292,51,1519,1519.0
160,10,5,7,597,203,37,1086,1086.0
161,10,24,5,462,207,28,840,840.0
162,10,18,8,299,251,19,544,544.0
163,10,28,4,954,157,58,1735,1735.0
164,10,11,5,284,418,18,517,517.0
165,10,25,8,239,553,15,435,435.0
166,10,22,5,224,648,14,408,408.0
167,10,3,8,597,266,37,1086,1086.0
168,10,16,8,1193,310,73,2170,2170.0
169,10,12,9,954,190,58,1735,1735.0
170,11,13,2,1282,298,78,2331,2331.0
171,11,3,9,313,528,19,570,570.0
172,11,2,4,462,301,28,840,840.0
173,11,12,5,239,714,15,435,435.0
174,11,7,7,1237,250,75,2250,2250.0
175,11,5,4,924,355,56,1680,1680.0
176,11,8,2,656,308,40,1193,1193.0
177,11,1,9,760,581,47,1382,1382.0
178,11,26,3,150,510,10,273,273.0
179,11,14,1,984,584,60,1790,1790.0
180,11,28,3,1386,631,84,2520,2520.0
181,11,21,5,522,506,32,950,950.0
182,11,18,5,1267,483,77,2304,2304.0
183,11,20,9,239,273,15,435,435.0
184,11,22,9,1178,620,72,2142,2142.0
185,11,29,2,358,254,22,651,651.0
186,11,17,8,701,698,43,1275,1275.0
187,11,10,7,1252,631,76,2277,2277.0
188,11,9,7,1312,283,80,2386,2386.0
189,11,24,4,313,704,19,570,570.0
190,12,4,4,433,453,27,788,788.0
191,12,26,2,984,379,60,1790,1790.0
192,12,5,2,1044,402,64,1899,1899.0
193,12,7,2,269,556,17,490,490.0
194,12,15,9,835,467,51,1519,1519.0
195,12,10,6,969,377,59,1762,1762.0
196,12,21,6,1118,420,68,2033,2033.0
197,12,1,2,969,475,59,1762,1762.0
198,12,16,3,1193,154,73,2170,2170.0
199,12,11,5,284,566,18,517,517.0
200,12,2,4,924,651,56,1680,1680.0
201,12,3,2,954,192,58,1735,1735.0
202,12,19,3,403,289,25,733,733.0
203,12,29,7,895,714,55,1628,1628.0
204,12,23,2,269,159,17,490,490.0
205,12,6,4,567,603,35,1031,1031.0
206,12,22,8,1058,527,65,1924,1924.0
207,12,14,9,239,651,15,435,435.0
208,12,27,4,671,439,41,1220,1220.0
209,12,17,9,671,615,41,1220,1220.0
210,13,27,5,746,607,46,1357,1357.0
211,13,2,4,492,390,30,895,895.0
212,13,5,5,1207,367,74,2195,2195.0
213,13,14,2,1446,695,88,2630,2630.0
214,13,23,2,552,292,34,1004,1004.0
215,13,7,3,1133,447,69,2060,2060.0
216,13,10,4,164,226,10,299,299.0
217,13,16,3,299,417,19,544,544.0
218,13,15,4,954,537,58,1735,1735.0
219,13,6,9,716,370,44,1302,1302.0
220,13,25,2,790,449,48,1437,1437.0
221,13,18,9,1342,549,82,2440,2440.0
222,13,11,6,760,704,47,1382,1382.0
223,14,11,7,358,307,22,651,651.0
224,14,5,3,254,191,16,462,462.0
225,14,13,7,1386,481,84,2520,2520.0
226,14,1,7,1073,289,66,1951,1951.0
227,14,3,4,835,600,51,1519,1519.0
228,14,28,1,209,225,13,380,380.0
229,14,16,4,909,204,56,1653,1653.0
230,14,25,8,924,433,56,1680,1680.0
231,14,26,2,1103,162,67,2006,2006.0
232,14,10,6,299,286,19,544,544.0
233,14,27,1,1461,513,89,2657,2657.0
234,14,29,3,1371,420,84,2493,2493.0
235,14,15,7,1312,149,80,2386,2386.0
236,14,22,8,1356,179,83,2466,2466.0
237,14,9,4,1222,289,75,2222,2222.0
238,14,8,5,686,229,42,1248,1248.0
239,14,21,8,1237,639,75,2250,2250.0
240,14,7,9,984,433,60,1790,1790.0
241,14,4,1,164,502,10,299,299.0
242,14,12,5,746,412,46,1357,1357.0
243,15,23,5,656,276,40,1193,1193.0
244,15,27,3,1312,595,80,2386,2386.0
245,15,25,4,820,280,50,1491,1491.0
246,15,1,5,1118,239,68,2033,2033.0
247,15,22,5,1058,474,65,1924,1924.0
248,15,9,7,582,509,36,1059,1059.0
249,15,4,9,1416,610,86,2575,2575.0
250,15,26,3,939,326,57,1708,1708.0
251,15,19,9,477,355,29,868,868.0
252,15,21,7,254,336,16,462,462.0
253,15,20,7,448,689,28,815,815.0
254,15,11,8,507,338,31,922,922.0
255,15,13,9,954,462,58,1735,1735.0
256,15,24,3,731,658,45,1330,1330.0
257,15,17,1,224,683,14,408,408.0
258,15,28,6,448,579,28,815,815.0
259,15,5,2,850,544,52,1546,1546.0
260,15,7,4,597,379,37,1086,1086.0
261,15,2,9,507,417,31,922,922.0
262,15,10,4,567,480,35,1031,1031.0
263,15,6,7,373,534,23,679,679.0
264,15,29,1,1073,720,66,1951,1951.0
265,16,24,9,313,336,19,570,570.0
266,16,26,1,1133,519,69,2060,2060.0
267,16,30,5,1163,637,71,2115,2115.0
268,16,28,8,522,428,32,950,950.0
269,16,27,4,1029,343,63,1871,1871.0
270,16,3,5,1014,635,62,1844,1844.0
271,16,11,8,239,338,15,435,435.0
272,16,25,9,1014,286,62,1844,1844.0
273,16,4,1,1431,676,87,2602,2602.0
274,16,9,6,1282,701,78,2331,2331.0
275,16,20,1,462,612,28,840,840.0
276,16,19,4,1073,258,66,1951,1951.0
277,16,10,3,313,458,19,570,570.0
278,16,8,4,1476,387,90,2684,2684.0
279,16,15,7,522,716,32,950,950.0
280,16,17,6,552,635,34,1004,1004.0
281,17,27,6,1252,673,76,2277,2277.0
282,17,19,1,716,172,44,1302,1302.0
283,17,15,5,775,423,47,1410,1410.0
284,17,24,1,1044,266,64,1899,1899.0
285,17,14,8,1222,588,75,2222,2222.0
286,17,4,5,611,351,38,1111,1111.0
287,17,10,2,820,505,50,1491,1491.0
288,17,9,8,254,349,16,462,462.0
289,17,7,8,239,673,15,435,435.0
290,17,11,9,820,518,50,1491,1491.0
291,18,10,6,224,575,14,408,408.0
292,18,17,9,984,184,60,1790,1790.0
293,18,16,9,1476,232,90,2684,2684.0
294,18,26,4,522,354,32,950,950.0
295,18,28,6,895,474,55,1628,1628.0
296,18,29,3,433,299,27,788,788.0
297,18,9,1,775,198,47,1410,1410.0
298,18,5,4,1163,332,71,2115,2115.0
299,18,12,5,567,494,35,1031,1031.0
300,18,11,7,909,503,56,1653,1653.0
301,18,1,1,984,191,60,1790,1790.0
302,18,20,1,1103,534,67,2006,2006.0
303,18,19,7,775,695,47,1410,1410.0
304,18,24,4,895,207,55,1628,1628.0
305,19,4,1,522,264,32,950,950.0
306,19,9,3,850,606,52,1546,1546.0
307,19,22,5,209,510,13,380,380.0
308,19,15,2,746,450,46,1357,1357.0
309,19,6,4,999,697,61,1817,1817.0
310,19,18,3,775,147,47,1410,1410.0
311,19,3,4,1103,660,67,2006,2006.0
312,19,26,5,969,483,59,1762,1762.0
313,19,21,6,1193,194,73,2170,2170.0
314,19,11,7,462,566,28,840,840.0
315,19,28,1,1178,175,72,2142,2142.0
316,19,20,7,671,493,41,1220,1220.0
317,19,27,3,343,626,21,624,624.0
318,19,1,5,1088,447,66,1979,1979.0
319,19,17,6,537,206,33,977,977.0
320,19,29,8,343,704,21,624,624.0
321,19,23,2,1029,445,63,1871,1871.0
322,19,25,8,1327,415,81,2413,2413.0
323,20,13,7,850,241,52,1546,1546.0
324,20,22,2,1118,194,68,2033,2033.0
325,20,18,5,760,512,47,1382,1382.0
326,20,4,3,1371,286,84,2493,2493.0
327,20,11,6,1446,582,88,2630,2630.0
328,20,10,1,462,414,28,840,840.0
329,20,12,2,492,670,30,895,895.0
330,20,25,2,1431,314,87,2602,2602.0
331,20,19,2,284,727,18,517,517.0
332,20,24,5,880,483,54,1600,1600.0
333,20,26,5,1118,269,68,2033,2033.0
334,20,6,7,731,670,45,1330,1330.0
335,20,27,7,746,222,46,1357,1357.0
336,20,21,6,313,673,19,570,570.0
337,20,30,7,179,163,11,326,326.0
338,20,7,3,299,204,19,544,544.0
339,20,29,6,1029,623,63,1871,1871.0
340,21,14,9,1148,719,70,2088,2088.0
341,21,2,9,537,282,33,977,977.0
342,21,30,8,1356,619,83,2466,2466.0
343,21,10,8,626,437,38,1139,1139.0
344,21,12,7,299,497,19,544,544.0
345,21,20,2,1327,616,81,2413,2413.0
346,21,25,8,1073,678,66,1951,1951.0
347,21,9,2,1401,553,85,2548,2548.0
348,21,28,6,686,307,42,1248,1248.0
349,21,24,6,1297,267,79,2359,2359.0
350,21,1,8,597,393,37,1086,1086.0
351,21,16,1,507,697,31,922,922.0
352,21,5,8,984,670,60,1790,1790.0
353,21,23,5,1044,585,64,1899,1899.0
354,22,23,9,716,685,44,1302,1302.0
355,22,3,2,433,609,27,788,788.0
356,22,1,3,1014,255,62,1844,1844.0
357,22,14,4,1073,234,66,1951,1951.0
358,22,28,9,1148,464,70,2088,2088.0
359,22,30,5,880,540,54,1600,1600.0
360,22,10,5,1118,244,68,2033,2033.0
361,22,15,4,1386,724,84,2520,2520.0
362,22,19,4,1222,483,75,2222,2222.0
363,22,24,4,284,595,18,517,517.0
364,22,13,1,1133,390,69,2060,2060.0
365,22,18,3,209,417,13,380,380.0
366,22,7,3,254,452,16,462,462.0
367,22,16,7,835,436,51,1519,1519.0
368,22,4,1,224,528,14,408,408.0
369,22,6,9,984,383,60,1790,1790.0
370,22,25,5,1014,519,62,1844,1844.0
371,22,21,4,999,562,61,1817,1817.0
372,22,2,6,701,467,43,1275,1275.0
373,22,27,1,746,642,46,1357,1357.0
374,23,11,5,1163,678,71,2115,2115.0
375,23,26,4,850,332,52,1546,1546.0
376,23,16,4,1118,622,68,2033,2033.0
377,23,12,6,1103,569,67,2006,2006.0
378,23,30,8,1356,556,83,2466,2466.0
379,23,22,3,1029,273,63,1871,1871.0
380,23,18,7,1252,689,76,2277,2277.0
381,23,9,8,999,647,61,1817,1817.0
382,23,2,1,909,527,56,1653,1653.0
383,23,4,5,164,228,10,299,299.0
384,23,3,1,939,292,57,1708,1708.0
385,23,19,7,224,335,14,408,408.0
386,23,27,3,1148,702,70,2088,2088.0
387,23,7,2,1327,442,81,2413,2413.0
388,23,10,1,850,600,52,1546,1546.0
389,23,21,1,1327,537,81,2413,2413.0
390,24,16,3,1476,730,90,2684,2684.0
391,24,14,6,820,175,50,1491,1491.0
392,24,26,2,1118,376,68,2033,2033.0
393,24,28,5,939,239,57,1708,1708.0
394,24,20,6,209,663,13,380,380.0
395,24,6,1,552,722,34,1004,1004.0
396,24,22,6,775,302,47,1410,1410.0
397,24,13,7,1461,660,89,2657,2657.0
398,24,12,3,343,442,21,624,624.0
399,24,9,3,299,389,19,544,544.0
400,24,25,4,1029,257,63,1871,1871.0
401,24,19,9,1237,424,75,2250,2250.0
402,24,8,4,746,258,46,1357,1357.0
403,24,23,4,1058,698,65,1924,1924.0
404,24,1,1,1356,173,83,2466,2466.0
405,24,17,5,1461,301,89,2657,2657.0
406,24,15,7,686,415,42,1248,1248.0
407,25,15,4,209,165,13,380,380.0
408,25,7,7,507,348,31,922,922.0
409,25,11,5,1133,522,69,2060,2060.0
410,25,28,4,1371,527,84,2493,2493.0
411,25,4,8,1386,194,84,2520,2520.0
412,25,6,3,582,669,36,1059,1059.0
413,25,13,4,164,179,10,299,299.0
414,25,23,4,194,447,12,353,353.0
415,25,9,7,1133,512,69,2060,2060.0
416,25,29,4,1282,332,78,2331,2331.0
417,25,16,8,194,203,12,353,353.0
418,25,24,2,522,496,32,950,950.0
419,25,1,8,254,241,16,462,462.0
420,25,30,6,254,719,16,462,462.0
421,25,27,4,1476,587,90,2684,2684.0
422,25,10,2,686,291,42,1248,1248.0
423,25,17,2,343,228,21,624,624.0
424,25,8,1,269,367,17,490,490.0
425,25,19,1,1207,587,74,2195,2195.0
426,25,26,3,954,537,58,1735,1735.0
427,25,14,8,716,182,44,1302,1302.0
428,25,3,6,954,638,58,1735,1735.0
429,26,7,3,284,566,18,517,517.0
430,26,12,6,716,720,44,1302,1302.0
431,26,29,1,179,319,11,326,326.0
432,26,18,6,448,185,28,815,815.0
433,26,2,9,1193,433,73,2170,2170.0
434,26,24,6,567,411,35,1031,1031.0
435,26,16,8,1193,619,73,2170,2170.0
436,26,17,5,299,692,19,544,544.0
437,26,4,3,1014,565,62,1844,1844.0
438,26,1,7,820,238,50,1491,1491.0
439,26,25,3,552,436,34,1004,1004.0
440,26,6,2,522,601,32,950,950.0
441,26,22,6,969,499,59,1762,1762.0
442,26,21,4,939,506,57,1708,1708.0
443,26,28,8,1312,730,80,2386,2386.0
444,26,27,2,1178,661,72,2142,2142.0
445,26,11,7,1356,212,83,2466,2466.0
446,26,3,2,1327,673,81,2413,2413.0
447,27,22,1,954,700,58,1735,1735.0
448,27,3,7,909,510,56,1653,1653.0
449,27,25,6,224,417,14,408,408.0
450,27,2,3,939,382,57,1708,1708.0
451,27,16,8,179,415,11,326,326.0
452,27,13,5,1297,638,79,2359,2359.0
453,27,15,1,731,661,45,1330,1330.0
454,27,26,7,880,238,54,1600,1600.0
455,27,30,4,1342,286,82,2440,2440.0
456,27,19,6,239,508,15,435,435.0
457,27,12,2,790,173,48,1437,1437.0
458,27,14,9,1356,714,83,2466,2466.0
459,27,7,7,701,540,43,1275,1275.0
460,27,10,4,656,275,40,1193,1193.0
461,27,5,2,1446,481,88,2630,2630.0
462,27,11,2,552,667,34,1004,1004.0
463,27,6,8,507,275,31,922,922.0
464,27,8,1,716,431,44,1302,1302.0
465,27,23,6,343,377,21,624,624.0
466,27,20,3,731,537,45,1330,1330.0
467,27,24,9,1237,610,75,2250,2250.0
468,27,28,4,552,474,34,1004,1004.0
469,28,24,7,716,213,44,1302,1302.0
470,28,26,7,760,546,47,1382,1382.0
471,28,19,8,1431,228,87,2602,2602.0
472,28,22,7,1088,537,66,1979,1979.0
473,28,5,3,1267,714,77,2304,2304.0
474,28,12,7,1476,571,90,2684,2684.0
475,28,17,5,1476,634,90,2684,2684.0
476,28,27,8,1014,424,62,1844,1844.0
477,28,14,2,388,311,24,706,706.0
478,28,13,8,1401,490,85,2548,2548.0
479,28,9,3,671,333,41,1220,1220.0
480,28,4,6,418,600,26,760,760.0
481,28,3,3,150,468,10,273,273.0
482,28,2,4,746,154,46,1357,1357.0
483,28,7,2,850,528,52,1546,1546.0
484,28,6,7,746,219,46,1357,1357.0
485,28,30,2,686,280,42,1248,1248.0
486,28,21,9,671,568,41,1220,1220.0
487,28,18,6,895,423,55,1628,1628.0
488,28,25,4,760,629,47,1382,1382.0
489,28,1,4,477,288,29,868,868.0
490,29,24,2,1282,434,78,2331,2331.0
491,29,21,4,805,223,49,1464,1464.0
492,29,7,5,492,239,30,895,895.0
493,29,8,8,731,705,45,1330,1330.0
494,29,10,9,731,311,45,1330,1330.0
495,29,27,3,954,229,58,1735,1735.0
496,29,19,6,611,383,38,1111,1111.0
497,29,28,7,969,267,59,1762,1762.0
498,29,15,3,924,549,56,1680,1680.0
499,29,11,8,194,150,12,353,353.0
500,29,9,8,1282,565,78,2331,2331.0
501,29,1,8,567,260,35,1031,1031.0
502,29,25,5,701,425,43,1275,1275.0
503,29,14,8,537,534,33,977,977.0
504,30,13,5,1148,395,70,2088,2088.0
505,30,20,7,1148,188,70,2088,2088.0
506,30,9,6,150,440,10,273,273.0
507,30,25,7,299,475,19,544,544.0
508,30,5,1,1133,241,69,2060,2060.0
509,30,24,2,1461,280,89,2657,2657.0
510,30,7,4,1461,176,89,2657,2657.0
511,30,19,3,820,642,50,1491,1491.0
512,30,27,2,1297,192,79,2359,2359.0
513,30,11,8,224,541,14,408,408.0
514,30,12,2,1416,187,86,2575,2575.0
515,30,28,8,895,324,55,1628,1628.0
516,30,1,2,179,338,11,326,326.0
517,30,23,7,954,187,58,1735,1735.0
518,30,21,4,1193,453,73,2170,2170.0
519,30,3,2,388,231,24,706,706.0
COMMODITIES,400
0,24,1,44,39,93,1146,2818.0
1,15,20,27,30,70,899,2125.0
2,10,26,31,35,77,1039,2314.0
3,9,16,73,34,93,1003,2818.0
4,21,22,71,38,108,1124,3250.0
5,18,11,46,34,81,1020,2453.0
6,6,5,41,38,65,1121,1959.0
7,9,14,21,35,95,1027,2874.0
8,30,4,64,39,93,1157,2798.0
9,8,29,46,39,106,1155,3196.0
10,19,30,70,33,90,970,2716.0
11,23,29,68,35,86,1043,2580.0
12,16,15,74,36,84,1075,2523.0
13,22,26,19,36,79,1051,2378.0
14,14,6,18,42,101,1251,3048.0
15,25,7,64,38,86,1120,2592.0
16,18,17,31,32,94,932,2825.0
17,11,15,27,34,103,1001,3105.0
18,10,30,43,39,82,1146,2475.0
19,7,25,40,36,77,1052,2314.0
20,5,20,64,33,72,962,2161.0
21,23,12,35,35,97,1050,2916.0
22,22,25,72,35,85,1048,2551.0
23,22,8,30,39,101,1165,3058.0
24,8,4,53,34,78,996,2367.0
25,26,16,18,35,91,1049,2745.0
26,1,11,55,39,94,1141,2824.0
27,26,18,51,31,78,930,2355.0
28,16,3,31,33,82,970,2487.0
29,5,4,25,40,94,1190,2841.0
30,27,29,24,36,90,1059,2717.0
31,23,30,32,34,74,996,2238.0
32,12,9,63,39,95,1143,2863.0
33,14,13,69,37,95,1090,2865.0
34,20,17,56,41,105,1210,3176.0
35,29,19,67,41,93,1217,2798.0
36,20,3,69,29,80,857,2423.0
37,26,2,56,38,103,1124,3094.0
38,26,22,37,33,97,967,2921.0
39,5,22,53,35,96,1047,2897.0
40,16,4,16,35,95,1040,2854.0
41,3,30,69,39,99,1144,2980.0
42,6,30,48,36,99,1066,2978.0
43,14,16,73,37,79,1105,2372.0
44,8,16,56,35,83,1023,2509.0
45,15,28,24,40,83,1179,2518.0
46,2,23,62,32,90,957,2703.0
47,17,2,65,36,110,1054,3318.0
48,24,20,57,41,72,1205,2175.0
49,25,13,60,40,74,1194,2241.0
50,27,3,61,35,100,1026,3012.0
51,7,17,71,46,98,1351,2954.0
52,20,18,73,38,97,1127,2912.0
53,11,14,47,38,83,1134,2491.0
54,14,10,18,34,69,1001,2098.0
55,25,6,72,38,94,1124,2835.0
56,10,19,19,38,94,1111,2827.0
57,22,15,34,34,100,1014,3021.0
58,9,13,56,35,91,1030,2745.0
59,16,26,20,36,69,1075,2091.0
60,28,20,20,36,99,1051,2973.0
61,12,11,15,33,73,972,2218.0
62,15,3,37,34,87,992,2631.0
63,12,17,41,37,87,1089,2610.0
64,8,6,73,32,110,944,3319.0
65,14,4,23,39,61,1147,1836.0
66,20,19,69,29,61,854,1856.0
67,24,22,35,36,98,1052,2955.0
68,28,19,50,36,91,1074,2739.0
69,5,25,28,38,90,1112,2718.0
70,20,10,57,35,81,1045,2453.0
71,17,21,19,33,92,989,2772.0
72,21,3,32,42,106,1253,3206.0
73,14,11,56,34,76,1017,2304.0
74,15,18,28,45,101,1340,3047.0
75,18,8,41,35,81,1036,2458.0
76,2,4,35,39,94,1152,2838.0
77,17,29,56,37,94,1110,2829.0
78,7,30,46,36,91,1062,2738.0
79,15,9,26,34,81,1008,2430.0
80,22,27,67,39,92,1156,2780.0
81,27,16,32,39,68,1148,2044.0
82,17,1,40,35,91,1027,2730.0
83,12,21,64,33,91,985,2737.0
84,9,4,15,39,95,1158,2879.0
85,21,8,24,40,116,1177,3489.0
86,23,25,69,41,100,1219,3012.0
87,22,21,15,27,74,801,2246.0
88,18,4,53,37,91,1088,2757.0
89,16,11,27,38,74,1122,2247.0
90,2,11,16,32,85,946,2558.0
91,26,30,37,32,89,934,2699.0
92,12,16,32,38,93,1120,2813.0
93,25,18,51,40,94,1190,2824.0
94,26,23,24,39,104,1146,3124.0
95,19,14,69,29,102,842,3060.0
96,19,15,74,35,96,1027,2882.0
97,19,21,19,39,101,1151,3058.0
98,28,30,23,34,87,998,2639.0
99,22,30,72,30,73,898,2191.0
100,13,3,39,41,104,1230,3125.0
101,28,17,45,35,82,1042,2472.0
102,18,22,37,27,71,793,2158.0
103,24,14,56,34,86,1016,2584.0
104,4,19,39,42,91,1245,2746.0
105,2,12,30,39,101,1156,3041.0
106,17,25,18,36,89,1062,2690.0
107,26,21,35,33,87,973,2612.0
108,29,24,54,35,82,1038,2471.0
109,26,24,17,43,93,1264,2805.0
110,21,1,35,37,86,1096,2607.0
111,15,25,19,41,109,1211,3299.0
112,1,30,70,41,88,1218,2658.0
113,21,17,39,38,107,1129,3210.0
114,29,22,46,35,96,1024,2906.0
115,16,17,62,38,88,1112,2661.0
116,12,24,21,36,93,1059,2808.0
117,4,13,20,32,89,932,2681.0
118,5,18,49,37,101,1104,3040.0
119,1,2,16,33,116,986,3491.0
120,5,8,61,34,101,996,3058.0
121,15,10,44,35,89,1045,2697.0
122,12,8,51,34,94,1000,2843.0
123,19,24,38,34,80,998,2404.0
124,23,24,49,40,105,1189,3164.0
125,16,29,50,29,80,853,2403.0
126,3,26,50,32,80,932,2412.0
127,3,4,74,37,95,1098,2853.0
128,3,6,51,31,91,928,2742.0
129,4,24,52,39,97,1158,2926.0
130,19,7,20,37,78,1093,2351.0
131,29,20,57,33,78,976,2341.0
132,26,14,25,34,95,1005,2875.0
133,3,27,56,39,66,1150,2005.0
134,13,25,53,42,81,1233,2444.0
135,22,14,30,42,103,1247,3096.0
136,13,20,44,37,97,1100,2926.0
137,21,11,25,35,92,1039,2766.0
138,12,29,51,30,86,895,2590.0
139,9,19,18,34,67,1014,2019.0
140,10,6,73,32,97,945,2937.0
141,9,3,74,34,91,1007,2740.0
142,5,17,29,37,92,1109,2777.0
143,30,25,22,33,69,986,2078.0
144,20,11,22,36,78,1078,2349.0
145,7,27,45,34,78,1002,2361.0
146,28,27,70,31,63,929,1903.0
147,27,25,25,34,67,1009,2035.0
148,22,4,26,37,66,1093,1990.0
149,12,15,60,37,101,1087,3047.0
150,3,15,58,37,89,1084,2698.0
151,22,2,54,38,99,1134,2972.0
152,19,5,16,36,110,1067,3329.0
153,5,14,23,42,93,1234,2805.0
154,30,21,35,36,96,1078,2895.0
155,12,3,38,47,95,1402,2870.0
156,26,9,37,38,87,1127,2627.0
157,5,1,36,31,91,914,2746.0
158,16,21,17,45,107,1321,3226.0
159,8,1,33,42,69,1242,2093.0
160,2,20,55,33,100,990,3003.0
161,20,15,62,32,94,944,2823.0
162,14,19,69,35,95,1038,2851.0
163,3,2,52,38,89,1129,2670.0
164,22,11,69,36,92,1076,2777.0
165,30,14,20,40,105,1190,3152.0
166,3,16,22,36,80,1061,2402.0
167,9,17,48,34,73,1005,2212.0
168,25,30,17,36,70,1063,2104.0
169,27,22,42,35,80,1047,2402.0
170,16,12,30,29,76,860,2285.0
171,1,20,39,44,110,1295,3303.0
172,27,19,25,39,71,1143,2147.0
173,30,9,46,41,65,1206,1965.0
174,6,11,29,36,74,1058,2231.0
175,6,4,30,33,82,985,2465.0
176,22,28,65,37,80,1084,2401.0
177,9,15,37,41,105,1227,3163.0
178,28,6,25,31,88,919,2654.0
179,15,4,72,30,94,880,2837.0
180,14,2,35,35,102,1042,3075.0
181,19,3,61,34,92,1006,2768.0
182,16,28,71,36,88,1080,2661.0
183,21,9,25,39,120,1148,3616.0
184,14,26,40,36,86,1065,2580.0
185,18,9,50,34,101,1020,3035.0
186,15,14,32,35,98,1042,2948.0
187,22,29,28,31,86,922,2607.0
188,9,12,19,34,72,1005,2189.0
189,10,15,47,33,77,969,2333.0
190,22,3,36,35,78,1048,2354.0
191,16,2,50,40,98,1184,2966.0
192,30,6,50,40,113,1200,3413.0
193,24,6,68,34,85,1015,2570.0
194,26,7,21,26,57,773,1711.0
195,12,5,69,39,90,1148,2708.0
196,26,17,36,41,75,1203,2262.0
197,22,1,66,38,90,1124,2713.0
198,22,6,44,33,93,977,2805.0
199,12,2,30,42,103,1237,3093.0
200,2,15,33,39,84,1159,2545.0
201,23,9,19,42,92,1233,2778.0
202,16,1,31,38,106,1137,3202.0
203,11,19,21,40,89,1199,2695.0
204,22,9,41,39,88,1156,2651.0
205,5,3,38,37,83,1095,2512.0
206,19,18,73,35,76,1045,2293.0
207,6,26,36,30,76,894,2288.0
208,10,2,20,30,91,894,2742.0
209,6,24,44,38,91,1137,2749.0
210,6,8,74,38,61,1114,1830.0
211,4,9,36,28,65,829,1970.0
212,28,23,61,34,94,1015,2832.0
213,20,29,43,41,92,1227,2773.0
214,4,26,50,32,89,951,2699.0
215,21,25,20,35,102,1033,3080.0
216,12,1,28,41,105,1219,3168.0
217,24,2,37,37,122,1101,3686.0
218,11,26,71,39,67,1167,2010.0
219,16,18,38,43,98,1269,2947.0
220,23,4,28,31,58,915,1753.0
221,16,10,55,32,72,949,2176.0
222,14,5,30,30,61,898,1853.0
223,12,18,72,32,94,942,2841.0
224,3,17,70,31,96,921,2906.0
225,19,1,41,31,97,919,2925.0
226,16,30,69,36,88,1077,2667.0
227,9,11,21,35,79,1047,2392.0
228,17,28,28,32,74,954,2241.0
229,10,18,36,34,69,1020,2099.0
230,19,17,23,42,94,1236,2841.0
231,3,9,31,35,84,1049,2549.0
232,20,16,23,41,95,1211,2863.0
233,11,10,54,37,96,1087,2908.0
234,3,10,31,37,97,1088,2931.0
235,19,27,74,35,70,1045,2113.0
236,19,22,36,33,62,967,1866.0
237,2,5,29,41,110,1218,3314.0
238,11,27,18,39,87,1149,2627.0
239,21,5,69,41,106,1227,3205.0
240,6,15,65,38,106,1126,3206.0
241,18,16,60,38,96,1138,2890.0
242,29,12,52,44,85,1303,2562.0
243,21,2,33,32,78,940,2368.0
244,30,23,44,41,82,1205,2470.0
245,14,9,73,31,78,922,2342.0
246,1,3,48,38,112,1140,3368.0
247,2,24,62,40,101,1194,3034.0
248,29,1,34,31,83,921,2492.0
249,28,26,50,37,93,1094,2816.0
250,29,14,42,34,85,1009,2560.0
251,20,28,56,34,87,1016,2627.0
252,12,14,39,38,69,1139,2086.0
253,3,20,34,37,88,1081,2640.0
254,20,4,32,42,101,1260,3052.0
255,25,26,65,40,89,1173,2676.0
256,4,1,63,34,70,1008,2127.0
257,21,20,40,36,103,1066,3108.0
258,3,28,73,38,82,1128,2486.0
259,28,5,37,40,94,1180,2838.0
260,28,4,34,38,81,1136,2440.0
261,30,27,50,36,91,1064,2757.0
262,6,27,29,39,84,1153,2534.0
263,17,10,74,36,108,1075,3262.0
264,17,15,32,38,101,1122,3054.0
265,6,18,40,38,77,1126,2339.0
266,27,5,20,37,96,1087,2883.0
267,27,18,17,35,91,1033,2738.0
268,24,29,41,41,110,1224,3310.0
269,3,18,46,38,92,1122,2788.0
270,10,23,70,36,80,1058,2412.0
271,13,4,17,38,92,1135,2781.0
272,9,8,54,36,98,1078,2945.0
273,10,24,20,28,71,821,2135.0
274,5,24,56,32,75,957,2264.0
275,8,25,28,36,92,1077,2787.0
276,14,20,26,39,95,1141,2855.0
277,3,1,51,36,94,1056,2828.0
278,15,12,63,33,85,981,2579.0
279,12,7,62,34,71,1014,2152.0
280,19,29,37,31,71,929,2149.0
281,25,11,40,38,87,1122,2610.0
282,16,20,16,40,83,1191,2497.0
283,25,15,70,37,64,1091,1935.0
284,22,16,71,36,88,1070,2659.0
285,12,13,33,38,105,1112,3170.0
286,2,7,60,38,99,1117,2970.0
287,10,9,70,35,88,1041,2643.0
288,6,16,41,37,82,1092,2480.0
289,22,13,39,33,97,978,2921.0
290,18,30,46,34,98,992,2960.0
291,21,18,36,41,97,1218,2931.0
292,11,17,37,38,83,1130,2497.0
293,17,7,59,38,68,1125,2055.0
294,2,16,50,34,94,1008,2836.0
295,20,1,52,35,75,1048,2263.0
296,24,8,67,41,101,1210,3039.0
297,26,27,57,36,97,1063,2930.0
298,18,12,64,38,90,1133,2712.0
299,28,22,46,36,101,1079,3038.0
300,1,7,64,43,110,1261,3310.0
301,10,11,55,32,67,956,2032.0
302,10,4,25,36,79,1063,2385.0
303,1,13,54,41,99,1224,2984.0
304,2,17,74,42,98,1235,2941.0
305,3,25,30,29,72,857,2184.0
306,10,3,43,39,95,1154,2852.0
307,3,7,37,31,64,912,1930.0
308,13,9,57,34,105,992,3162.0
309,13,22,20,39,79,1151,2395.0
310,21,23,36,42,90,1242,2719.0
311,9,7,53,39,88,1147,2657.0
312,2,27,20,36,113,1055,3419.0
313,18,14,68,38,106,1133,3207.0
314,18,29,48,34,75,1008,2274.0
315,16,6,27,35,106,1022,3184.0
316,3,13,58,36,91,1067,2737.0
317,19,12,53,37,94,1095,2840.0
318,12,27,23,38,94,1137,2842.0
319,19,25,66,43,95,1270,2874.0
320,26,5,60,38,92,1118,2763.0
321,10,22,26,41,70,1204,2104.0
322,7,23,50,38,87,1121,2633.0
323,13,7,69,36,89,1053,2677.0
324,2,14,15,37,98,1094,2947.0
325,5,2,28,39,88,1152,2641.0
326,21,30,56,37,111,1106,3352.0
327,3,19,49,29,76,842,2290.0
328,6,21,44,34,93,1013,2809.0
329,2,9,36,37,83,1099,2490.0
330,20,14,36,32,91,932,2746.0
331,18,24,61,30,87,890,2639.0
332,28,3,38,40,67,1174,2030.0
333,16,19,70,31,87,930,2616.0
334,18,27,51,31,111,910,3353.0
335,19,6,67,33,96,977,2908.0
336,28,7,47,37,80,1088,2404.0
337,15,1,74,41,100,1211,3011.0
338,9,22,52,34,75,1015,2256.0
339,15,11,33,38,85,1116,2575.0
340,29,17,61,38,96,1130,2895.0
341,7,16,53,37,74,1102,2226.0
342,30,5,46,38,112,1117,3370.0
343,3,14,22,30,87,887,2618.0
344,7,8,36,33,80,984,2401.0
345,23,11,26,31,78,925,2368.0
346,4,25,35,37,79,1085,2397.0
347,15,30,42,34,89,997,2692.0
348,25,16,68,35,70,1029,2124.0
349,29,9,38,34,96,998,2893.0
350,7,21,54,37,79,1094,2398.0
351,29,10,58,30,85,900,2564.0
352,1,16,15,38,77,1120,2338.0
353,25,22,42,44,92,1309,2785.0
354,22,19,20,31,76,930,2309.0
355,30,17,27,29,79,855,2393.0
356,26,6,72,32,77,935,2322.0
357,22,12,22,38,89,1114,2695.0
358,18,7,29,31,86,913,2597.0
359,27,28,71,30,81,891,2435.0
360,16,5,42,34,110,1011,3322.0
361,25,10,30,35,72,1029,2174.0
362,13,23,60,34,85,1004,2554.0
363,5,23,20,35,86,1039,2584.0
364,7,5,62,35,83,1032,2506.0
365,30,3,23,38,79,1127,2373.0
366,15,19,65,35,73,1045,2198.0
367,19,28,30,42,97,1257,2926.0
368,7,18,68,38,96,1122,2888.0
369,27,6,25,37,85,1102,2556.0
370,19,11,22,40,84,1190,2528.0
371,9,21,40,38,106,1139,3188.0
372,3,11,33,39,81,1165,2450.0
373,7,2,35,34,96,1018,2897.0
374,20,6,20,34,96,996,2884.0
375,14,22,44,37,85,1086,2561.0
376,9,24,65,35,91,1041,2751.0
377,6,25,32,40,97,1172,2923.0
378,26,3,55,40,90,1186,2705.0
379,28,2,47,41,95,1215,2863.0
380,1,27,46,37,120,1100,3617.0
381,20,23,27,44,103,1297,3095.0
382,24,17,25,36,90,1051,2702.0
383,7,19,31,33,62,977,1869.0
384,24,12,56,39,76,1161,2297.0
385,7,26,40,38,75,1131,2258.0
386,8,30,57,39,96,1158,2884.0
387,25,23,59,35,62,1030,1878.0
388,8,18,58,37,91,1083,2739.0
389,27,14,22,39,109,1160,3288.0
390,18,15,71,34,89,1020,2699.0
391,6,28,46,36,85,1078,2558.0
392,25,9,48,39,78,1141,2358.0
393,29,3,68,35,85,1031,2578.0
394,27,10,36,43,88,1284,2643.0
395,24,23,59,29,79,870,2378.0
396,22,7,38,29,60,847,1825.0
397,15,17,24,41,71,1220,2147.0
398,3,22,21,39,94,1164,2830.0
399,6,9,68,32,80,943,2423.0
horizon=122
