NODES,30
1,1,-,-
2,2,-,-
3,3,-,-
4,4,-,-
5,5,-,-
6,6,-,-
7,7,-,-
8,8,-,-
9,9,-,-
10,10,-,-
11,11,-,-
12,12,-,-
13,13,-,-
14,14,-,-
15,15,-,-
16,16,-,-
17,17,-,-
18,18,-,-
19,19,-,-
20,20,-,-
21,21,-,-
22,22,-,-
23,23,-,-
24,24,-,-
25,25,-,-
26,26,-,-
27,27,-,-
28,28,-,-
29,29,-,-
30,30,-,-
ARCS,518
0,1,15,8,267,196,17,486,486.0
1,1,28,1,947,182,58,1722,1722.0
2,1,13,7,656,583,40,1193,1193.0
3,1,12,7,995,377,61,1810,1810.0
4,1,6,4,874,363,53,1590,1590.0
5,1,2,9,401,569,25,730,730.0
6,1,22,6,825,593,50,1500,1500.0
7,1,18,7,510,574,31,928,928.0
8,1,20,9,765,442,47,1391,1391.0
9,1,21,2,1080,554,66,1964,1964.0
10,1,16,7,146,256,9,266,266.0
11,1,7,4,668,482,41,1215,1215.0
12,1,14,6,158,136,10,288,288.0
13,1,24,4,862,273,53,1568,1568.0
14,1,3,6,631,396,39,1148,1148.0
15,1,26,2,534,289,33,971,971.0
16,1,4,6,304,508,19,553,553.0
17,2,9,8,401,243,25,730,730.0
18,2,16,5,546,475,34,993,993.0
19,2,12,4,971,376,59,1766,1766.0
20,2,5,7,1129,289,69,2053,2053.0
21,2,6,7,862,505,53,1568,1568.0
22,2,1,2,182,192,12,331,331.0
23,2,11,1,983,288,60,1788,1788.0
24,2,24,2,352,552,22,640,640.0
25,2,23,9,1020,331,62,1855,1855.0
26,2,27,4,716,478,44,1302,1302.0
27,2,10,6,340,530,21,619,619.0
28,2,29,2,1032,211,63,1877,1877.0
29,2,3,5,947,201,58,1722,1722.0
30,2,26,6,1104,488,67,2008,2008.0
31,2,20,4,498,172,31,906,906.0
32,2,17,3,656,264,40,1193,1193.0
33,2,15,3,1165,450,71,2119,2119.0
34,3,21,1,292,566,18,531,531.0
35,3,9,2,401,183,25,730,730.0
36,3,19,3,741,131,45,1348,1348.0
37,3,2,1,158,509,10,288,288.0
38,3,7,1,983,275,60,1788,1788.0
39,3,25,6,1044,286,64,1899,1899.0
40,3,12,4,680,310,42,1237,1237.0
41,3,10,9,983,310,60,1788,1788.0
42,3,20,4,801,580,49,1457,1457.0
43,3,30,4,801,293,49,1457,1457.0
44,3,4,5,413,209,26,751,751.0
45,3,18,6,850,201,52,1546,1546.0
46,3,26,6,668,170,41,1215,1215.0
47,3,22,3,534,430,33,971,971.0
48,3,28,6,389,264,24,708,708.0
49,3,11,5,389,389,24,708,708.0
50,3,16,2,219,134,14,399,399.0
51,4,24,8,1153,467,70,2097,2097.0
52,4,23,1,304,512,19,553,553.0
53,4,28,7,1141,328,70,2075,2075.0
54,4,27,5,522,170,32,950,950.0
55,4,9,5,607,498,37,1104,1104.0
56,4,26,2,728,574,45,1324,1324.0
57,4,13,4,1117,490,68,2031,2031.0
58,4,7,4,838,577,51,1524,1524.0
59,4,25,9,825,502,50,1500,1500.0
60,4,8,7,935,370,57,1700,1700.0
61,4,6,2,437,318,27,795,795.0
62,4,5,9,898,473,55,1633,1633.0
63,4,29,2,1044,557,64,1899,1899.0
64,4,30,5,741,298,45,1348,1348.0
65,4,2,2,474,155,29,862,862.0
66,5,19,3,959,265,59,1744,1744.0
67,5,15,4,340,391,21,619,619.0
68,5,24,6,559,466,34,1017,1017.0
69,5,9,3,850,280,52,1546,1546.0
70,5,14,1,1032,430,63,1877,1877.0
71,5,8,7,255,375,16,464,464.0
72,5,25,6,377,317,23,686,686.0
73,5,17,3,486,428,30,884,884.0
74,5,6,9,134,413,9,244,244.0
75,5,30,2,1007,312,62,1831,1831.0
76,5,21,1,1153,261,70,2097,2097.0
77,5,10,4,765,431,47,1391,1391.0
78,5,27,7,328,215,20,597,597.0
79,5,7,6,280,345,17,510,510.0
80,5,28,7,1056,363,64,1920,1920.0
81,5,29,9,728,574,45,1324,1324.0
82,5,11,1,789,239,48,1435,1435.0
83,6,13,4,862,456,53,1568,1568.0
84,6,25,6,522,474,32,950,950.0
85,6,27,1,874,524,53,1590,1590.0
86,6,3,7,983,276,60,1788,1788.0
87,6,17,5,1153,476,70,2097,2097.0
88,6,12,8,716,207,44,1302,1302.0
89,6,7,8,486,160,30,884,884.0
90,6,26,8,656,315,40,1193,1193.0
91,6,19,4,534,135,33,971,971.0
92,6,8,9,280,132,17,510,510.0
93,6,9,6,292,415,18,531,531.0
94,6,10,6,231,203,14,420,420.0
95,6,20,6,923,282,56,1679,1679.0
96,6,2,7,134,384,9,244,244.0
97,6,29,1,959,288,59,1744,1744.0
98,6,24,6,267,439,17,486,486.0
99,6,23,8,741,514,45,1348,1348.0
100,6,21,2,449,348,28,817,817.0
101,6,16,1,280,415,17,510,510.0
102,7,20,1,546,372,34,993,993.0
103,7,24,7,207,491,13,377,377.0
104,7,28,2,838,327,51,1524,1524.0
105,7,8,1,158,205,10,288,288.0
106,7,2,3,935,379,57,1700,1700.0
107,7,22,3,619,184,38,1126,1126.0
108,7,30,2,813,538,50,1479,1479.0
109,7,6,3,631,582,39,1148,1148.0
110,7,14,2,170,391,11,310,310.0
111,7,27,8,316,234,20,575,575.0
112,7,4,4,328,243,20,597,597.0
113,7,5,5,656,587,40,1193,1193.0
114,7,16,1,704,304,43,1280,1280.0
115,7,29,9,510,385,31,928,928.0
116,7,15,7,546,410,34,993,993.0
117,7,23,2,619,392,38,1126,1126.0
118,7,25,9,680,341,42,1237,1237.0
119,7,26,2,753,467,46,1370,1370.0
120,7,3,7,219,215,14,399,399.0
121,7,1,2,546,510,34,993,993.0
122,8,7,1,789,257,48,1435,1435.0
123,8,28,6,583,468,36,1060,1060.0
124,8,20,9,583,149,36,1060,1060.0
125,8,13,9,292,288,18,531,531.0
126,8,14,6,607,422,37,1104,1104.0
127,8,15,7,195,363,12,355,355.0
128,8,10,5,170,494,11,310,310.0
129,8,5,7,437,292,27,795,795.0
130,8,21,3,1153,406,70,2097,2097.0
131,8,30,9,182,488,12,331,331.0
132,8,27,7,292,580,18,531,531.0
133,8,17,1,619,136,38,1126,1126.0
134,8,22,9,413,262,26,751,751.0
135,8,4,8,474,279,29,862,862.0
136,8,9,8,534,351,33,971,971.0
137,8,18,9,631,419,39,1148,1148.0
138,8,6,8,377,231,23,686,686.0
139,8,3,3,704,497,43,1280,1280.0
140,8,16,7,267,303,17,486,486.0
141,8,29,6,971,280,59,1766,1766.0
142,9,11,1,838,574,51,1524,1524.0
143,9,7,3,559,355,34,1017,1017.0
144,9,3,2,886,442,54,1611,1611.0
145,9,18,4,959,265,59,1744,1744.0
146,9,14,6,813,488,50,1479,1479.0
147,9,10,5,1068,547,65,1942,1942.0
148,9,29,2,1165,140,71,2119,2119.0
149,9,22,6,777,545,48,1413,1413.0
150,9,1,5,389,359,24,708,708.0
151,10,5,7,583,414,36,1060,1060.0
152,10,14,6,486,347,30,884,884.0
153,10,21,9,1007,478,62,1831,1831.0
154,10,28,6,352,342,22,640,640.0
155,10,2,8,413,448,26,751,751.0
156,10,11,4,182,318,12,331,331.0
157,10,4,8,352,498,22,640,640.0
158,10,29,8,935,210,57,1700,1700.0
159,10,25,5,207,353,13,377,377.0
160,10,7,5,959,443,59,1744,1744.0
161,10,8,7,704,557,43,1280,1280.0
162,10,6,5,122,381,8,222,222.0
163,10,15,8,486,146,30,884,884.0
164,10,13,1,437,184,27,795,795.0
165,10,24,6,122,443,8,222,222.0
166,10,3,4,1117,551,68,2031,2031.0
167,10,30,9,546,330,34,993,993.0
168,11,3,1,559,472,34,1017,1017.0
169,11,6,3,122,463,8,222,222.0
170,11,7,3,1177,410,72,2140,2140.0
171,11,4,9,656,275,40,1193,1193.0
172,11,15,6,656,170,40,1193,1193.0
173,11,22,2,571,557,35,1039,1039.0
174,11,18,6,364,538,23,662,662.0
175,11,23,9,231,235,14,420,420.0
176,11,14,4,449,522,28,817,817.0
177,11,26,2,401,534,25,730,730.0
178,11,13,6,1117,215,68,2031,2031.0
179,11,10,3,231,508,14,420,420.0
180,11,29,1,765,464,47,1391,1391.0
181,11,1,9,474,413,29,862,862.0
182,11,12,1,959,226,59,1744,1744.0
183,12,20,4,825,419,50,1500,1500.0
184,12,22,7,728,196,45,1324,1324.0
185,12,7,4,656,366,40,1193,1193.0
186,12,13,3,389,197,24,708,708.0
187,12,28,9,850,373,52,1546,1546.0
188,12,23,9,765,433,47,1391,1391.0
189,12,25,3,146,135,9,266,266.0
190,12,10,7,462,576,28,840,840.0
191,12,4,4,413,377,26,751,751.0
192,12,5,2,656,331,40,1193,1193.0
193,12,26,2,813,132,50,1479,1479.0
194,12,15,5,1080,271,66,1964,1964.0
195,12,17,8,328,451,20,597,597.0
196,12,2,2,158,205,10,288,288.0
197,12,11,6,546,211,34,993,993.0
198,12,19,5,413,349,26,751,751.0
199,12,30,7,656,354,40,1193,1193.0
200,12,29,4,316,168,20,575,575.0
201,12,18,4,352,348,22,640,640.0
202,12,16,5,170,346,11,310,310.0
203,13,23,1,741,468,45,1348,1348.0
204,13,18,2,134,251,9,244,244.0
205,13,10,9,522,137,32,950,950.0
206,13,2,8,340,400,21,619,619.0
207,13,20,3,534,364,33,971,971.0
208,13,22,5,1129,124,69,2053,2053.0
209,13,6,9,777,400,48,1413,1413.0
210,13,17,9,243,470,15,442,442.0
211,13,21,9,643,257,39,1170,1170.0
212,13,1,4,462,462,28,840,840.0
213,13,4,2,838,285,51,1524,1524.0
214,13,16,7,158,188,10,288,288.0
215,13,27,2,182,508,12,331,331.0
216,13,25,7,134,246,9,244,244.0
217,13,3,6,1129,192,69,2053,2053.0
218,13,7,2,838,239,51,1524,1524.0
219,13,19,2,534,273,33,971,971.0
220,13,12,5,765,261,47,1391,1391.0
221,13,11,9,971,346,59,1766,1766.0
222,13,9,8,377,191,23,686,686.0
223,14,22,2,280,304,17,510,510.0
224,14,8,9,1104,569,67,2008,2008.0
225,14,5,7,462,588,28,840,840.0
226,14,23,1,122,552,8,222,222.0
227,14,1,2,437,458,27,795,795.0
228,14,24,5,1092,138,67,1986,1986.0
229,14,28,7,947,593,58,1722,1722.0
230,14,30,8,559,210,34,1017,1017.0
231,14,25,1,825,473,50,1500,1500.0
232,14,19,1,595,529,37,1082,1082.0
233,14,26,6,1044,180,64,1899,1899.0
234,14,13,6,498,233,31,906,906.0
235,14,9,4,207,234,13,377,377.0
236,14,4,6,546,415,34,993,993.0
237,15,7,8,534,478,33,971,971.0
238,15,22,5,510,426,31,928,928.0
239,15,21,6,983,548,60,1788,1788.0
240,15,1,7,328,468,20,597,597.0
241,15,6,1,1141,263,70,2075,2075.0
242,15,11,2,741,388,45,1348,1348.0
243,15,12,2,668,468,41,1215,1215.0
244,15,14,2,449,559,28,817,817.0
245,15,10,9,898,480,55,1633,1633.0
246,15,2,8,1032,147,63,1877,1877.0
247,15,24,4,643,404,39,1170,1170.0
248,15,19,6,449,443,28,817,817.0
249,15,3,1,1032,213,63,1877,1877.0
250,16,18,5,874,120,53,1590,1590.0
251,16,17,4,777,570,48,1413,1413.0
252,16,24,4,898,494,55,1633,1633.0
253,16,28,1,656,235,40,1193,1193.0
254,16,29,6,1153,375,70,2097,2097.0
255,16,21,5,255,261,16,464,464.0
256,16,23,8,801,582,49,1457,1457.0
257,16,9,8,1189,379,73,2162,2162.0
258,16,12,9,304,347,19,553,553.0
259,16,27,5,304,466,19,553,553.0
260,16,19,6,1153,384,70,2097,2097.0
261,16,10,8,583,474,36,1060,1060.0
262,16,15,9,255,203,16,464,464.0
263,16,6,9,583,331,36,1060,1060.0
264,16,5,5,122,520,8,222,222.0
265,16,7,4,995,454,61,1810,1810.0
266,16,8,2,631,234,39,1148,1148.0
267,16,26,8,462,499,28,840,840.0
268,16,14,4,995,297,61,1810,1810.0
269,17,9,7,631,553,39,1148,1148.0
270,17,22,2,971,377,59,1766,1766.0
271,17,24,1,340,207,21,619,619.0
272,17,29,3,328,130,20,597,597.0
273,17,21,5,1202,307,73,2186,2186.0
274,17,30,4,255,137,16,464,464.0
275,17,10,8,146,551,9,266,266.0
276,17,6,2,1032,421,63,1877,1877.0
277,17,2,3,716,148,44,1302,1302.0
278,17,1,1,716,565,44,1302,1302.0
279,17,27,6,207,528,13,377,377.0
280,17,5,1,364,527,23,662,662.0
281,17,25,7,935,438,57,1700,1700.0
282,17,16,6,462,199,28,840,840.0
283,17,13,8,643,268,39,1170,1170.0
284,18,2,5,243,360,15,442,442.0
285,18,22,8,437,120,27,795,795.0
286,18,1,7,134,464,9,244,244.0
287,18,9,9,777,357,48,1413,1413.0
288,18,30,1,886,371,54,1611,1611.0
289,18,21,8,474,367,29,862,862.0
290,18,16,9,1007,288,62,1831,1831.0
291,18,19,2,534,171,33,971,971.0
292,18,12,8,1104,293,67,2008,2008.0
293,18,24,5,534,150,33,971,971.0
294,18,6,7,1177,198,72,2140,2140.0
295,18,15,4,546,438,34,993,993.0
296,18,3,5,595,297,37,1082,1082.0
297,19,4,9,643,451,39,1170,1170.0
298,19,22,4,947,208,58,1722,1722.0
299,19,24,9,1032,164,63,1877,1877.0
300,19,9,2,825,126,50,1500,1500.0
301,19,14,5,389,456,24,708,708.0
302,19,3,2,838,241,51,1524,1524.0
303,19,28,3,850,245,52,1546,1546.0
304,19,10,2,255,565,16,464,464.0
305,19,8,9,825,512,50,1500,1500.0
306,19,29,4,1202,494,73,2186,2186.0
307,19,7,1,243,538,15,442,442.0
308,19,25,2,898,191,55,1633,1633.0
309,19,12,5,462,410,28,840,840.0
310,19,26,1,498,282,31,906,906.0
311,19,18,4,364,162,23,662,662.0
312,20,26,5,716,394,44,1302,1302.0
313,20,4,5,146,510,9,266,266.0
314,20,8,5,377,264,23,686,686.0
315,20,10,2,571,336,35,1039,1039.0
316,20,29,2,486,474,30,884,884.0
317,20,15,8,1104,316,67,2008,2008.0
318,20,21,4,1032,202,63,1877,1877.0
319,20,6,7,583,506,36,1060,1060.0
320,20,30,5,910,171,56,1655,1655.0
321,20,5,8,874,509,53,1590,1590.0
322,20,2,3,316,219,20,575,575.0
323,20,24,4,583,190,36,1060,1060.0
324,20,9,4,449,138,28,817,817.0
325,20,13,8,267,473,17,486,486.0
326,20,28,5,668,390,41,1215,1215.0
327,20,18,2,304,580,19,553,553.0
328,20,23,8,935,458,57,1700,1700.0
329,20,7,7,534,590,33,971,971.0
330,20,14,4,643,518,39,1170,1170.0
331,21,19,1,498,419,31,906,906.0
332,21,15,4,862,140,53,1568,1568.0
333,21,7,7,328,274,20,597,597.0
334,21,28,3,862,323,53,1568,1568.0
335,21,20,6,267,279,17,486,486.0
336,21,1,4,413,419,26,751,751.0
337,21,3,6,316,472,20,575,575.0
338,21,2,6,474,577,29,862,862.0
339,21,30,2,692,251,42,1259,1259.0
340,21,24,2,1007,388,62,1831,1831.0
341,21,25,7,777,166,48,1413,1413.0
342,21,10,7,947,442,58,1722,1722.0
343,21,18,4,413,526,26,751,751.0
344,21,26,5,777,234,48,1413,1413.0
345,22,26,4,692,199,42,1259,1259.0
346,22,15,7,753,343,46,1370,1370.0
347,22,19,1,546,324,34,993,993.0
348,22,30,9,1104,333,67,2008,2008.0
349,22,6,3,340,180,21,619,619.0
350,22,17,7,1177,371,72,2140,2140.0
351,22,18,5,522,558,32,950,950.0
352,22,3,3,595,588,37,1082,1082.0
353,22,11,2,377,391,23,686,686.0
354,22,28,4,134,343,9,244,244.0
355,22,25,8,898,325,55,1633,1633.0
356,22,1,9,231,440,14,420,420.0
357,22,29,1,1189,122,73,2162,2162.0
358,22,12,4,619,552,38,1126,1126.0
359,22,8,9,789,470,48,1435,1435.0
360,22,20,4,474,280,29,862,862.0
361,22,14,3,158,231,10,288,288.0
362,22,7,6,983,485,60,1788,1788.0
363,22,13,3,825,381,50,1500,1500.0
364,22,9,2,243,505,15,442,442.0
365,22,24,2,195,161,12,355,355.0
366,22,5,6,1020,510,62,1855,1855.0
367,23,28,4,959,553,59,1744,1744.0
368,23,13,5,425,358,26,773,773.0
369,23,14,6,389,328,24,708,708.0
370,23,3,8,1165,173,71,2119,2119.0
371,23,7,9,1056,542,64,1920,1920.0
372,23,10,5,886,304,54,1611,1611.0
373,23,5,6,704,522,43,1280,1280.0
374,23,17,9,825,384,50,1500,1500.0
375,23,27,9,389,545,24,708,708.0
376,23,25,3,801,282,49,1457,1457.0
377,23,4,7,1020,490,62,1855,1855.0
378,23,18,8,510,273,31,928,928.0
379,23,26,6,862,538,53,1568,1568.0
380,23,6,4,923,387,56,1679,1679.0
381,23,22,5,474,289,29,862,862.0
382,23,19,8,1104,231,67,2008,2008.0
383,23,20,4,134,451,9,244,244.0
384,23,24,9,1080,565,66,1964,1964.0
385,23,30,1,959,463,59,1744,1744.0
386,23,9,9,158,240,10,288,288.0
387,24,30,1,1141,324,70,2075,2075.0
388,24,3,7,1153,323,70,2097,2097.0
389,24,8,8,741,381,45,1348,1348.0
390,24,13,7,643,208,39,1170,1170.0
391,24,16,4,813,140,50,1479,1479.0
392,24,29,3,619,544,38,1126,1126.0
393,24,6,1,583,414,36,1060,1060.0
394,24,10,8,971,599,59,1766,1766.0
395,24,5,7,158,333,10,288,288.0
396,24,2,4,195,521,12,355,355.0
397,24,14,1,716,396,44,1302,1302.0
398,24,23,5,413,313,26,751,751.0
399,24,18,3,389,404,24,708,708.0
400,24,7,4,862,312,53,1568,1568.0
401,24,28,7,280,258,17,510,510.0
402,24,4,9,462,299,28,840,840.0
403,24,11,4,862,342,53,1568,1568.0
404,24,17,2,862,371,53,1568,1568.0
405,25,14,7,352,443,22,640,640.0
406,25,9,8,971,306,59,1766,1766.0
407,25,12,6,825,462,50,1500,1500.0
408,25,13,7,413,208,26,751,751.0
409,25,21,2,352,273,22,640,640.0
410,25,1,2,1032,577,63,1877,1877.0
411,25,5,7,607,319,37,1104,1104.0
412,25,22,3,1044,409,64,1899,1899.0
413,25,16,5,486,208,30,884,884.0
414,25,28,8,1153,217,70,2097,2097.0
415,25,19,3,231,408,14,420,420.0
416,25,8,5,947,138,58,1722,1722.0
417,25,26,1,898,588,55,1633,1633.0
418,25,29,2,1141,454,70,2075,2075.0
419,25,6,5,1141,340,70,2075,2075.0
420,25,3,7,1177,335,72,2140,2140.0
421,25,2,6,195,164,12,355,355.0
422,25,10,9,377,289,23,686,686.0
423,26,16,4,425,463,26,773,773.0
424,26,2,9,267,246,17,486,486.0
425,26,30,9,304,223,19,553,553.0
426,26,20,9,255,468,16,464,464.0
427,26,23,8,971,571,59,1766,1766.0
428,26,28,2,886,486,54,1611,1611.0
429,26,18,5,874,493,53,1590,1590.0
430,26,22,9,1165,161,71,2119,2119.0
431,26,13,9,753,476,46,1370,1370.0
432,26,29,7,462,468,28,840,840.0
433,26,9,4,692,183,42,1259,1259.0
434,26,17,9,1104,318,67,2008,2008.0
435,26,11,1,243,184,15,442,442.0
436,27,23,7,741,388,45,1348,1348.0
437,27,1,8,923,510,56,1679,1679.0
438,27,12,6,534,282,33,971,971.0
439,27,5,6,158,367,10,288,288.0
440,27,30,7,377,379,23,686,686.0
441,27,4,9,389,257,24,708,708.0
442,27,15,5,923,170,56,1679,1679.0
443,27,28,4,546,394,34,993,993.0
444,27,13,8,935,315,57,1700,1700.0
445,27,14,5,146,234,9,266,266.0
446,27,16,5,910,530,56,1655,1655.0
447,27,9,3,1056,577,64,1920,1920.0
448,27,11,3,207,185,13,377,377.0
449,27,2,5,474,587,29,862,862.0
450,27,17,1,947,226,58,1722,1722.0
451,27,19,3,643,533,39,1170,1170.0
452,27,29,3,813,473,50,1479,1479.0
453,27,3,7,158,309,10,288,288.0
454,27,21,6,995,347,61,1810,1810.0
455,27,7,6,413,413,26,751,751.0
456,27,20,9,716,358,44,1302,1302.0
457,27,22,5,510,214,31,928,928.0
458,28,23,1,292,256,18,531,531.0
459,28,19,8,1068,557,65,1942,1942.0
460,28,14,2,486,327,30,884,884.0
461,28,24,5,340,490,21,619,619.0
462,28,2,7,692,597,42,1259,1259.0
463,28,8,4,389,545,24,708,708.0
464,28,4,6,1165,205,71,2119,2119.0
465,28,16,9,328,281,20,597,597.0
466,28,26,3,704,294,43,1280,1280.0
467,28,1,8,219,585,14,399,399.0
468,28,21,4,449,331,28,817,817.0
469,28,9,3,243,538,15,442,442.0
470,28,15,4,959,208,59,1744,1744.0
471,28,6,2,486,354,30,884,884.0
472,28,12,5,462,245,28,840,840.0
473,28,13,2,886,551,54,1611,1611.0
474,28,25,7,1165,311,71,2119,2119.0
475,28,7,2,1177,400,72,2140,2140.0
476,29,21,4,1044,279,64,1899,1899.0
477,29,12,7,643,168,39,1170,1170.0
478,29,23,4,219,147,14,399,399.0
479,29,17,9,292,289,18,531,531.0
480,29,24,2,910,416,56,1655,1655.0
481,29,11,4,631,564,39,1148,1148.0
482,29,19,8,898,295,55,1633,1633.0
483,29,16,8,704,484,43,1280,1280.0
484,29,25,6,1153,396,70,2097,2097.0
485,29,26,9,134,475,9,244,244.0
486,29,5,4,571,428,35,1039,1039.0
487,29,28,7,1141,159,70,2075,2075.0
488,29,20,1,753,198,46,1370,1370.0
489,29,14,7,1020,185,62,1855,1855.0
490,29,27,6,631,292,39,1148,1148.0
491,29,6,7,559,182,34,1017,1017.0
492,29,8,8,1007,194,62,1831,1831.0
493,29,22,6,643,164,39,1170,1170.0
494,29,9,1,413,563,26,751,751.0
495,29,30,4,498,408,31,906,906.0
496,29,15,5,1092,502,67,1986,1986.0
497,30,21,8,364,584,23,662,662.0
498,30,15,6,838,401,51,1524,1524.0
499,30,13,8,995,307,61,1810,1810.0
500,30,27,1,680,403,42,1237,1237.0
501,30,1,5,401,392,25,730,730.0
502,30,4,4,1032,541,63,1877,1877.0
503,30,7,9,510,210,31,928,928.0
504,30,10,2,1007,437,62,1831,1831.0
505,30,9,5,1177,251,72,2140,2140.0
506,30,20,1,656,414,40,1193,1193.0
507,30,29,2,207,397,13,377,377.0
508,30,8,6,364,156,23,662,662.0
509,30,25,6,1202,360,73,2186,2186.0
510,30,26,6,1202,480,73,2186,2186.0
511,30,22,4,498,463,31,906,906.0
512,30,5,4,716,286,44,1302,1302.0
513,30,18,6,680,570,42,1237,1237.0
514,30,2,2,571,387,35,1039,1039.0
515,30,17,4,983,288,60,1788,1788.0
516,30,14,7,923,430,56,1679,1679.0
517,30,19,1,910,148,56,1655,1655.0
COMMODITIES,400
0,20,3,34,40,96,1178,2886.0
1,12,18,55,43,77,1283,2325.0
2,25,29,64,29,101,847,3038.0
3,2,6,57,25,71,736,2134.0
4,12,17,58,24,56,692,1680.0
5,18,11,72,37,100,1089,3015.0
6,30,8,33,40,74,1189,2248.0
7,19,5,15,33,81,963,2435.0
8,6,23,33,23,76,680,2282.0
9,1,10,59,33,85,988,2567.0
10,4,10,22,35,89,1024,2675.0
11,12,25,49,49,73,1460,2197.0
12,9,7,39,29,82,844,2461.0
13,28,15,72,38,85,1117,2575.0
14,13,11,50,20,55,585,1677.0
15,27,10,36,28,71,839,2137.0
16,20,27,58,33,77,962,2322.0
17,4,29,19,40,115,1183,3461.0
18,20,25,74,39,77,1142,2335.0
19,11,17,32,40,108,1192,3249.0
20,1,8,30,55,104,1643,3120.0
21,17,28,21,38,83,1115,2496.0
22,4,23,74,22,51,641,1553.0
23,16,28,66,27,86,810,2603.0
24,3,8,29,34,87,1000,2631.0
25,15,16,67,26,68,775,2069.0
26,1,3,59,40,97,1191,2914.0
27,9,27,28,36,105,1076,3162.0
28,13,22,68,29,79,867,2399.0
29,7,1,62,42,90,1252,2711.0
30,1,2,59,31,69,906,2072.0
31,9,29,54,47,126,1393,3791.0
32,11,5,36,38,81,1132,2452.0
33,24,12,27,46,108,1369,3266.0
34,21,5,17,16,71,479,2152.0
35,13,25,43,27,47,808,1412.0
36,15,13,43,42,115,1258,3467.0
37,5,19,54,55,103,1626,3112.0
38,22,11,57,22,55,636,1677.0
39,19,12,31,44,89,1320,2699.0
40,29,19,43,29,95,852,2868.0
41,29,22,71,30,83,875,2517.0
42,2,14,48,43,80,1281,2400.0
43,17,5,27,40,80,1188,2400.0
44,15,25,39,30,96,885,2904.0
45,26,1,36,49,90,1451,2728.0
46,20,29,26,19,67,556,2028.0
47,21,25,55,36,96,1067,2905.0
48,4,8,53,46,104,1363,3135.0
49,21,8,19,28,75,835,2255.0
50,12,7,24,49,98,1455,2961.0
51,7,10,69,26,60,767,1815.0
52,30,21,72,23,62,669,1864.0
53,26,28,64,34,100,1003,3011.0
54,16,9,17,32,78,948,2354.0
55,2,5,70,19,60,566,1816.0
56,27,7,46,55,96,1633,2892.0
57,2,10,61,23,56,690,1691.0
58,14,24,73,42,88,1249,2667.0
59,11,1,19,18,61,534,1843.0
60,3,19,26,35,99,1046,2988.0
61,27,9,72,9,44,270,1345.0
62,15,28,23,17,69,492,2072.0
63,26,18,58,39,91,1162,2740.0
64,27,23,37,44,72,1311,2167.0
65,6,7,46,36,85,1051,2567.0
66,30,12,40,27,92,781,2781.0
67,12,9,36,48,98,1434,2966.0
68,13,14,34,36,74,1067,2248.0
69,16,4,26,48,104,1423,3123.0
70,19,30,51,15,69,447,2096.0
71,5,4,28,28,78,839,2362.0
72,26,23,45,39,84,1170,2536.0
73,16,2,70,27,69,796,2093.0
74,24,16,52,11,59,327,1793.0
75,19,9,53,36,92,1068,2782.0
76,17,2,45,15,55,435,1666.0
77,6,15,26,37,81,1106,2434.0
78,22,20,19,38,80,1133,2422.0
79,5,17,29,33,72,976,2187.0
80,16,26,31,40,81,1177,2445.0
81,4,12,46,38,120,1121,3621.0
82,8,28,45,42,91,1235,2735.0
83,18,1,53,26,50,758,1523.0
84,2,9,36,27,65,801,1971.0
85,30,1,39,28,67,816,2017.0
86,2,26,26,46,109,1371,3292.0
87,10,19,19,33,78,990,2354.0
88,29,8,53,33,94,977,2830.0
89,3,20,38,22,69,649,2092.0
90,1,16,68,27,53,805,1619.0
91,1,26,22,32,78,951,2355.0
92,4,2,20,30,76,882,2303.0
93,23,10,63,27,84,809,2541.0
94,28,10,55,32,81,955,2449.0
95,3,6,30,6,47,168,1430.0
96,11,18,68,41,78,1216,2346.0
97,11,23,50,41,71,1215,2151.0
98,3,26,40,35,93,1044,2792.0
99,6,11,65,34,70,1016,2113.0
100,16,10,63,23,65,687,1964.0
101,26,6,16,40,81,1188,2443.0
102,8,23,28,41,89,1221,2681.0
103,28,1,66,23,52,669,1581.0
104,23,24,53,43,99,1287,2978.0
105,7,13,34,13,57,379,1732.0
106,3,30,51,29,94,861,2834.0
107,2,22,46,49,105,1450,3178.0
108,17,4,43,33,79,980,2398.0
109,11,6,19,46,67,1352,2015.0
110,27,21,49,37,78,1081,2343.0
111,1,20,15,41,80,1203,2400.0
112,2,16,27,36,73,1053,2212.0
113,2,7,52,26,88,761,2648.0
114,12,21,42,49,86,1461,2592.0
115,10,1,53,35,81,1021,2432.0
116,2,20,24,33,78,979,2359.0
117,23,18,37,19,59,569,1770.0
118,15,18,61,28,90,831,2717.0
119,4,20,43,42,86,1232,2599.0
120,27,13,27,38,93,1123,2813.0
121,9,10,58,35,106,1028,3203.0
122,30,15,48,47,96,1381,2897.0
123,21,1,29,20,61,582,1842.0
124,13,9,62,36,75,1069,2279.0
125,26,9,16,48,100,1421,3022.0
126,5,12,34,35,95,1042,2856.0
127,9,22,73,29,93,862,2802.0
128,20,22,47,64,124,1892,3725.0
129,14,23,30,33,52,981,1574.0
130,25,11,50,21,71,607,2140.0
131,19,17,49,28,90,835,2724.0
132,28,29,33,36,96,1078,2898.0
133,2,19,26,38,100,1124,3026.0
134,17,24,51,17,54,503,1642.0
135,25,30,42,39,103,1166,3097.0
136,28,16,39,40,77,1195,2323.0
137,29,15,74,29,91,850,2740.0
138,28,13,53,46,104,1359,3123.0
139,25,22,63,33,84,981,2524.0
140,4,19,41,34,108,1016,3262.0
141,5,2,44,22,53,654,1604.0
142,30,10,43,45,89,1337,2695.0
143,8,16,54,26,60,769,1818.0
144,3,18,57,30,88,899,2658.0
145,21,3,73,39,72,1160,2173.0
146,3,28,69,53,90,1589,2726.0
147,26,24,47,39,89,1158,2685.0
148,8,15,60,32,60,941,1806.0
149,1,15,59,21,53,625,1605.0
150,23,21,46,35,104,1048,3133.0
151,30,7,50,27,78,806,2344.0
152,25,8,55,39,88,1162,2669.0
153,5,13,38,39,87,1169,2620.0
154,5,23,25,58,106,1714,3197.0
155,22,7,59,36,93,1055,2798.0
156,14,25,48,38,87,1116,2615.0
157,21,20,46,42,75,1256,2258.0
158,11,20,64,32,72,952,2169.0
159,9,4,53,42,101,1247,3039.0
160,3,2,57,33,56,969,1680.0
161,14,6,67,34,85,1011,2575.0
162,9,8,61,12,69,337,2084.0
163,21,19,25,27,72,783,2177.0
164,21,9,30,39,100,1160,3005.0
165,1,5,40,32,61,949,1855.0
166,1,7,52,14,64,413,1924.0
167,23,7,18,54,113,1606,3398.0
168,9,12,53,52,121,1557,3643.0
169,26,11,40,19,53,568,1595.0
170,13,10,18,34,74,1007,2223.0
171,5,20,63,44,101,1302,3040.0
172,17,25,47,14,50,413,1525.0
173,18,6,28,13,65,387,1977.0
174,3,27,51,32,76,944,2286.0
175,12,29,23,28,65,823,1966.0
176,15,14,64,38,76,1116,2290.0
177,20,13,26,58,92,1737,2787.0
178,2,4,74,35,77,1050,2324.0
179,8,21,48,11,60,327,1808.0
180,26,2,29,32,63,933,1908.0
181,24,7,21,27,67,795,2020.0
182,23,4,46,38,72,1137,2171.0
183,14,11,26,14,71,420,2145.0
184,25,10,44,18,53,522,1606.0
185,25,16,42,13,55,362,1665.0
186,13,21,51,47,88,1385,2663.0
187,23,19,17,39,103,1167,3106.0
188,12,23,61,15,59,442,1779.0
189,26,21,43,40,98,1200,2959.0
190,19,7,19,26,56,761,1706.0
191,5,7,15,44,79,1297,2370.0
192,6,16,58,34,67,1006,2031.0
193,30,19,16,28,98,811,2952.0
194,2,28,31,23,75,669,2278.0
195,21,14,35,29,73,849,2209.0
196,19,4,21,23,75,683,2261.0
197,15,19,65,20,64,579,1930.0
198,30,24,32,25,81,745,2444.0
199,7,28,61,51,95,1509,2870.0
200,27,19,31,25,78,723,2368.0
201,20,14,63,26,74,770,2234.0
202,16,15,73,36,66,1080,1985.0
203,17,7,33,30,80,871,2414.0
204,27,30,51,48,83,1430,2509.0
205,16,22,41,51,113,1513,3410.0
206,25,12,46,22,81,645,2434.0
207,18,2,35,38,67,1117,2036.0
208,25,14,48,34,70,1009,2103.0
209,13,7,18,17,69,502,2085.0
210,20,2,49,36,74,1073,2230.0
211,20,26,24,33,86,962,2582.0
212,10,8,69,34,72,994,2165.0
213,17,10,65,33,54,965,1630.0
214,11,2,54,40,71,1180,2156.0
215,1,22,49,32,73,950,2209.0
216,14,2,23,40,92,1186,2776.0
217,16,14,23,47,91,1385,2739.0
218,17,29,72,31,66,901,1981.0
219,4,17,21,46,120,1365,3609.0
220,3,24,67,45,92,1322,2788.0
221,9,13,32,18,99,522,2983.0
222,30,13,42,37,95,1097,2875.0
223,15,20,67,13,69,385,2070.0
224,12,24,72,34,78,997,2362.0
225,11,29,26,34,101,1017,3039.0
226,17,9,19,35,82,1031,2484.0
227,18,16,24,31,65,922,1958.0
228,14,18,22,31,83,916,2494.0
229,9,18,20,30,102,871,3068.0
230,6,25,45,24,64,702,1920.0
231,7,5,41,37,73,1091,2209.0
232,14,12,46,26,94,756,2826.0
233,1,27,62,42,83,1237,2503.0
234,20,4,40,51,74,1528,2249.0
235,21,29,52,24,84,711,2548.0
236,19,18,35,45,85,1343,2555.0
237,23,30,18,47,103,1386,3091.0
238,6,14,68,33,75,969,2264.0
239,16,12,63,18,50,526,1515.0
240,30,3,60,32,92,938,2779.0
241,19,6,53,42,79,1234,2377.0
242,12,1,17,27,62,787,1867.0
243,20,15,67,40,94,1200,2831.0
244,19,2,36,35,81,1027,2451.0
245,15,7,47,48,99,1412,2980.0
246,25,5,29,43,90,1273,2711.0
247,30,14,73,31,82,906,2489.0
248,3,25,28,36,90,1079,2716.0
249,11,9,17,10,50,289,1510.0
250,25,6,22,29,74,845,2228.0
251,19,16,33,21,80,616,2410.0
252,25,28,51,29,87,860,2637.0
253,17,22,39,41,95,1217,2879.0
254,25,26,38,48,103,1431,3092.0
255,9,21,52,33,93,963,2801.0
256,5,27,42,38,69,1128,2098.0
257,1,18,17,35,76,1031,2291.0
258,18,9,16,33,75,975,2274.0
259,22,26,35,25,80,734,2411.0
260,25,24,56,46,89,1355,2673.0
261,11,26,50,28,65,811,1965.0
262,5,22,39,30,88,896,2646.0
263,21,22,16,33,97,971,2917.0
264,9,19,56,50,133,1478,3991.0
265,16,17,48,27,81,797,2448.0
266,18,7,61,43,105,1277,3162.0
267,10,25,49,20,48,584,1459.0
268,10,28,24,41,75,1217,2269.0
269,14,22,37,21,53,605,1609.0
270,22,27,52,36,95,1071,2852.0
271,22,25,67,50,109,1488,3283.0
272,5,21,55,38,89,1123,2686.0
273,6,26,40,26,81,760,2438.0
274,1,12,72,22,63,631,1902.0
275,18,12,37,44,98,1306,2958.0
276,8,5,30,8,47,232,1437.0
277,16,11,59,53,97,1582,2915.0
278,30,6,52,24,75,718,2274.0
279,2,13,36,27,85,784,2555.0
280,3,17,30,25,88,734,2664.0
281,3,23,47,40,92,1198,2778.0
282,30,4,27,49,110,1451,3318.0
283,4,28,72,28,99,829,2988.0
284,1,6,56,38,77,1131,2313.0
285,1,29,50,42,106,1246,3182.0
286,19,14,32,16,56,473,1704.0
287,11,3,58,20,68,583,2043.0
288,26,14,50,15,71,422,2130.0
289,21,18,65,34,72,998,2161.0
290,24,23,62,45,83,1332,2500.0
291,30,11,33,44,97,1308,2934.0
292,18,4,56,31,77,906,2312.0
293,13,12,34,20,60,585,1823.0
294,10,7,40,32,85,954,2554.0
295,17,15,56,24,75,705,2271.0
296,22,8,23,20,61,580,1854.0
297,4,30,24,18,78,519,2369.0
298,25,17,55,32,89,958,2670.0
299,29,14,15,20,71,597,2130.0
300,1,28,50,44,94,1318,2833.0
301,4,25,58,47,119,1388,3572.0
302,21,16,39,38,87,1136,2612.0
303,29,1,71,46,96,1374,2896.0
304,20,10,62,24,76,716,2301.0
305,6,12,59,31,76,923,2295.0
306,2,11,48,28,76,840,2290.0
307,26,12,36,32,87,942,2613.0
308,27,25,55,41,92,1209,2788.0
309,16,20,21,39,86,1144,2584.0
310,25,21,44,19,52,548,1573.0
311,15,9,71,28,84,815,2524.0
312,12,26,66,44,91,1299,2747.0
313,8,2,29,45,79,1323,2384.0
314,24,26,48,31,86,905,2592.0
315,15,2,52,42,98,1251,2940.0
316,20,9,62,58,103,1716,3107.0
317,22,6,31,9,40,254,1228.0
318,8,14,19,46,89,1373,2689.0
319,26,30,26,35,70,1030,2108.0
320,30,5,22,37,93,1094,2819.0
321,26,15,37,44,101,1296,3031.0
322,8,22,36,24,61,713,1854.0
323,25,27,63,26,82,777,2470.0
324,2,12,58,30,87,894,2618.0
325,26,13,30,34,83,1020,2507.0
326,15,23,42,29,80,868,2407.0
327,7,30,64,38,70,1118,2109.0
328,26,19,61,40,110,1183,3304.0
329,7,15,49,39,78,1143,2347.0
330,22,5,35,33,69,975,2096.0
331,12,2,35,22,47,633,1411.0
332,29,21,60,38,102,1127,3061.0
333,28,3,58,29,89,856,2692.0
334,2,29,49,36,114,1080,3445.0
335,23,8,74,52,98,1541,2942.0
336,29,10,41,37,80,1091,2418.0
337,7,3,23,36,66,1065,1995.0
338,14,20,49,23,54,661,1634.0
339,1,23,67,30,62,873,1876.0
340,17,23,46,31,74,926,2249.0
341,13,23,31,30,67,884,2028.0
342,18,10,53,31,80,918,2400.0
343,29,7,36,25,92,727,2767.0
344,22,4,38,39,89,1153,2675.0
345,7,21,62,39,84,1161,2524.0
346,18,23,55,26,69,780,2082.0
347,4,6,65,31,70,902,2113.0
348,16,13,63,47,105,1387,3172.0
349,18,28,41,27,78,789,2354.0
350,11,8,74,12,50,337,1509.0
351,3,11,17,33,68,975,2062.0
352,27,15,43,29,77,860,2320.0
353,9,1,53,60,98,1798,2954.0
354,6,4,68,45,97,1336,2926.0
355,23,22,70,40,79,1173,2392.0
356,15,5,63,25,80,746,2404.0
357,27,24,61,33,85,983,2567.0
358,16,1,73,29,78,857,2360.0
359,27,28,67,24,76,713,2285.0
360,9,23,25,11,66,310,2006.0
361,4,15,35,31,106,921,3193.0
362,23,3,48,33,81,984,2437.0
363,20,18,18,18,50,535,1511.0
364,23,6,62,16,76,477,2293.0
365,30,9,17,33,81,962,2458.0
366,17,27,40,25,57,724,1710.0
367,7,11,56,36,83,1065,2512.0
368,8,30,71,49,76,1450,2306.0
369,21,26,60,26,87,762,2637.0
370,22,24,64,18,47,526,1417.0
371,18,26,70,26,83,772,2493.0
372,25,1,20,31,70,930,2108.0
373,20,23,70,33,79,963,2373.0
374,12,20,59,9,66,243,2007.0
375,10,26,35,35,84,1034,2525.0
376,30,26,16,18,56,538,1704.0
377,4,18,44,38,96,1121,2903.0
378,4,13,33,21,77,612,2328.0
379,8,27,54,27,63,809,1908.0
380,11,27,71,32,86,957,2580.0
381,13,8,22,50,95,1476,2868.0
382,26,8,40,33,87,970,2627.0
383,17,13,74,27,73,809,2206.0
384,29,24,58,41,90,1208,2721.0
385,17,26,48,26,71,769,2133.0
386,7,4,56,31,67,929,2036.0
387,5,9,71,36,75,1080,2264.0
388,15,30,16,18,87,526,2617.0
389,28,30,63,13,59,367,1798.0
390,1,14,31,44,69,1291,2083.0
391,24,2,67,30,55,900,1664.0
392,17,8,71,45,96,1340,2885.0
393,16,7,65,18,55,524,1661.0
394,16,18,33,34,93,1018,2791.0
395,27,11,74,39,65,1149,1979.0
396,26,22,16,36,98,1073,2951.0
397,16,25,47,38,79,1135,2374.0
398,28,12,65,16,54,476,1626.0
399,10,24,18,38,62,1114,1882.0
horizon=133
