NODES,30
1,1,-,-
2,2,-,-
3,3,-,-
4,4,-,-
5,5,-,-
6,6,-,-
7,7,-,-
8,8,-,-
9,9,-,-
10,10,-,-
11,11,-,-
12,12,-,-
13,13,-,-
14,14,-,-
15,15,-,-
16,16,-,-
17,17,-,-
18,18,-,-
19,19,-,-
20,20,-,-
21,21,-,-
22,22,-,-
23,23,-,-
24,24,-,-
25,25,-,-
26,26,-,-
27,27,-,-
28,28,-,-
29,29,-,-
30,30,-,-
ARCS,685
0,1,18,5,418,214,26,760,760.0
1,1,16,5,485,623,30,882,882.0
2,1,28,1,515,431,32,937,937.0
3,1,12,5,351,555,22,639,639.0
4,1,7,7,358,578,22,651,651.0
5,1,29,4,209,450,13,380,380.0
6,1,30,8,478,299,29,870,870.0
7,1,21,2,150,244,10,273,273.0
8,1,20,3,299,417,19,544,544.0
9,1,5,1,344,160,21,626,626.0
10,1,24,1,299,539,19,544,544.0
11,1,9,9,179,297,11,326,326.0
12,1,4,6,157,163,10,286,286.0
13,1,6,7,552,532,34,1004,1004.0
14,1,23,2,440,584,27,800,800.0
15,1,2,7,150,701,10,273,273.0
16,1,8,7,344,720,21,626,626.0
17,1,27,1,440,691,27,800,800.0
18,1,26,2,105,318,7,191,191.0
19,2,19,4,120,528,8,219,219.0
20,2,1,2,120,521,8,219,219.0
21,2,27,9,97,155,6,177,177.0
22,2,7,3,739,705,45,1344,1344.0
23,2,28,2,224,277,14,408,408.0
24,2,11,9,254,646,16,462,462.0
25,2,9,8,537,483,33,977,977.0
26,2,20,6,165,652,10,300,300.0
27,2,21,8,381,483,24,693,693.0
28,2,8,6,344,261,21,626,626.0
29,2,16,4,455,361,28,828,828.0
30,2,4,4,97,661,6,177,177.0
31,2,14,8,314,194,20,571,571.0
32,2,22,2,426,532,26,775,775.0
33,2,15,6,142,692,9,259,259.0
34,2,5,5,739,684,45,1344,1344.0
35,2,25,4,112,452,7,204,204.0
36,2,17,3,187,682,12,340,340.0
37,2,24,7,433,489,27,788,788.0
38,2,26,2,724,637,44,1317,1317.0
39,2,6,2,314,528,20,571,571.0
40,3,16,7,619,519,38,1126,1126.0
41,3,10,6,224,635,14,408,408.0
42,3,9,4,388,538,24,706,706.0
43,3,29,6,448,287,28,815,815.0
44,3,12,2,388,469,24,706,706.0
45,3,11,7,165,280,10,300,300.0
46,3,18,7,440,404,27,800,800.0
47,3,4,3,679,191,42,1235,1235.0
48,3,27,3,560,659,34,1019,1019.0
49,3,21,5,545,573,34,991,991.0
50,3,14,2,597,578,37,1086,1086.0
51,3,25,1,411,705,25,748,748.0
52,3,8,9,351,162,22,639,639.0
53,3,24,2,224,668,14,408,408.0
54,3,19,8,634,537,39,1153,1153.0
55,3,17,4,351,496,22,639,639.0
56,3,1,3,321,665,20,584,584.0
57,3,7,6,716,182,44,1302,1302.0
58,3,28,2,127,284,8,231,231.0
59,3,6,9,75,539,5,137,137.0
60,3,15,2,90,645,6,164,164.0
61,3,5,4,187,297,12,340,340.0
62,3,2,6,709,237,43,1290,1290.0
63,3,26,3,448,287,28,815,815.0
64,3,13,2,105,315,7,191,191.0
65,3,23,7,463,678,29,842,842.0
66,3,30,2,619,472,38,1126,1126.0
67,3,22,5,455,365,28,828,828.0
68,4,29,2,187,600,12,340,340.0
69,4,13,2,314,463,20,571,571.0
70,4,27,2,358,421,22,651,651.0
71,4,2,2,612,280,38,1113,1113.0
72,4,14,1,552,467,34,1004,1004.0
73,4,15,1,276,279,17,502,502.0
74,4,1,8,642,614,39,1168,1168.0
75,4,12,8,262,182,16,477,477.0
76,4,16,2,590,715,36,1073,1073.0
77,4,19,3,724,343,44,1317,1317.0
78,4,24,1,262,509,16,477,477.0
79,4,28,2,396,179,24,720,720.0
80,4,20,7,232,479,15,422,422.0
81,4,25,1,426,591,26,775,775.0
82,4,11,6,523,208,32,951,951.0
83,4,3,6,105,338,7,191,191.0
84,4,7,6,150,447,10,273,273.0
85,4,8,8,597,645,37,1086,1086.0
86,4,5,8,314,704,20,571,571.0
87,4,26,4,157,313,10,286,286.0
88,4,18,7,612,457,38,1113,1113.0
89,4,23,3,590,640,36,1073,1073.0
90,4,30,8,75,509,5,137,137.0
91,4,22,4,344,717,21,626,626.0
92,4,9,8,150,576,10,273,273.0
93,4,17,4,590,534,36,1073,1073.0
94,5,21,5,329,601,20,599,599.0
95,5,8,4,664,349,41,1208,1208.0
96,5,24,1,358,596,22,651,651.0
97,5,14,5,75,332,5,137,137.0
98,5,15,1,179,359,11,326,326.0
99,5,3,6,649,332,40,1180,1180.0
100,5,1,6,344,576,21,626,626.0
101,5,25,2,455,300,28,828,828.0
102,5,20,9,127,459,8,231,231.0
103,5,30,3,373,550,23,679,679.0
104,5,16,4,619,320,38,1126,1126.0
105,5,7,4,165,407,10,300,300.0
106,5,22,2,657,577,40,1195,1195.0
107,5,6,4,649,678,40,1180,1180.0
108,5,18,9,262,355,16,477,477.0
109,5,2,4,500,240,31,910,910.0
110,5,10,8,75,524,5,137,137.0
111,5,9,6,612,332,38,1113,1113.0
112,5,13,3,83,478,6,151,151.0
113,5,17,2,388,560,24,706,706.0
114,5,23,4,403,351,25,733,733.0
115,5,26,4,627,208,38,1140,1140.0
116,6,12,9,83,418,6,151,151.0
117,6,9,2,731,341,45,1330,1330.0
118,6,3,6,403,601,25,733,733.0
119,6,18,8,657,315,40,1195,1195.0
120,6,1,3,291,578,18,530,530.0
121,6,21,2,217,447,14,395,395.0
122,6,8,1,440,459,27,800,800.0
123,6,15,8,381,610,24,693,693.0
124,6,28,8,597,290,37,1086,1086.0
125,6,27,9,426,372,26,775,775.0
126,6,4,5,75,632,5,137,137.0
127,6,19,7,336,184,21,611,611.0
128,6,13,2,440,283,27,800,800.0
129,6,16,2,83,708,6,151,151.0
130,6,10,8,388,263,24,706,706.0
131,6,30,2,731,717,45,1330,1330.0
132,6,11,2,694,149,43,1262,1262.0
133,6,5,9,694,348,43,1262,1262.0
134,6,29,7,440,610,27,800,800.0
135,6,22,9,120,508,8,219,219.0
136,6,2,9,276,571,17,502,502.0
137,6,17,8,739,443,45,1344,1344.0
138,6,25,5,269,312,17,490,490.0
139,6,14,7,284,163,18,517,517.0
140,6,7,1,314,286,20,571,571.0
141,6,26,5,120,698,8,219,219.0
142,7,16,7,672,539,41,1222,1222.0
143,7,22,6,381,251,24,693,693.0
144,7,14,6,716,478,44,1302,1302.0
145,7,11,2,634,312,39,1153,1153.0
146,7,30,2,373,394,23,679,679.0
147,7,24,5,157,306,10,286,286.0
148,7,17,2,291,495,18,530,530.0
149,7,1,7,634,331,39,1153,1153.0
150,7,21,3,426,274,26,775,775.0
151,7,4,8,634,378,39,1153,1153.0
152,7,29,3,142,620,9,259,259.0
153,7,15,5,552,175,34,1004,1004.0
154,7,2,8,470,345,29,855,855.0
155,7,25,8,344,490,21,626,626.0
156,7,9,5,291,542,18,530,530.0
157,7,8,8,209,616,13,380,380.0
158,7,23,7,194,274,12,353,353.0
159,7,19,8,373,309,23,679,679.0
160,7,28,3,657,653,40,1195,1195.0
161,7,6,2,426,580,26,775,775.0
162,7,12,1,165,705,10,300,300.0
163,7,13,8,381,147,24,693,693.0
164,8,22,3,634,460,39,1153,1153.0
165,8,1,3,135,441,9,246,246.0
166,8,28,6,344,503,21,626,626.0
167,8,21,7,485,368,30,882,882.0
168,8,12,6,142,362,9,259,259.0
169,8,4,1,560,184,34,1019,1019.0
170,8,15,1,321,407,20,584,584.0
171,8,10,1,388,184,24,706,706.0
172,8,5,6,590,421,36,1073,1073.0
173,8,2,6,239,394,15,435,435.0
174,8,16,6,179,147,11,326,326.0
175,8,19,6,731,315,45,1330,1330.0
176,8,7,6,262,310,16,477,477.0
177,8,3,4,679,153,42,1235,1235.0
178,8,14,6,314,362,20,571,571.0
179,8,13,5,590,639,36,1073,1073.0
180,8,6,1,97,692,6,177,177.0
181,8,26,1,329,423,20,599,599.0
182,8,11,2,209,284,13,380,380.0
183,8,23,2,716,267,44,1302,1302.0
184,8,30,7,165,293,10,300,300.0
185,8,29,4,731,431,45,1330,1330.0
186,9,2,9,470,594,29,855,855.0
187,9,4,5,157,351,10,286,286.0
188,9,25,3,545,581,34,991,991.0
189,9,23,6,508,707,31,924,924.0
190,9,15,8,344,454,21,626,626.0
191,9,12,7,545,256,34,991,991.0
192,9,8,4,530,263,33,964,964.0
193,9,16,1,590,454,36,1073,1073.0
194,9,24,3,276,501,17,502,502.0
195,9,22,1,358,380,22,651,651.0
196,9,14,7,634,146,39,1153,1153.0
197,9,29,8,440,225,27,800,800.0
198,9,17,9,605,221,37,1100,1100.0
199,9,27,1,97,147,6,177,177.0
200,9,19,8,478,655,29,870,870.0
201,9,21,7,239,479,15,435,435.0
202,9,1,2,224,493,14,408,408.0
203,9,13,8,239,480,15,435,435.0
204,9,10,3,537,460,33,977,977.0
205,9,28,3,105,441,7,191,191.0
206,9,20,5,560,299,34,1019,1019.0
207,9,11,7,560,341,34,1019,1019.0
208,9,3,2,232,274,15,422,422.0
209,10,22,1,358,207,22,651,651.0
210,10,30,3,187,359,12,340,340.0
211,10,28,8,142,316,9,259,259.0
212,10,19,5,403,377,25,733,733.0
213,10,18,9,276,502,17,502,502.0
214,10,12,4,552,309,34,1004,1004.0
215,10,4,6,262,681,16,477,477.0
216,10,13,6,179,248,11,326,326.0
217,10,17,3,358,296,22,651,651.0
218,10,15,8,537,678,33,977,977.0
219,10,5,9,112,645,7,204,204.0
220,10,9,3,627,459,38,1140,1140.0
221,10,8,2,649,675,40,1180,1180.0
222,10,26,5,440,247,27,800,800.0
223,10,16,2,455,385,28,828,828.0
224,10,1,7,448,424,28,815,815.0
225,10,27,1,537,705,33,977,977.0
226,10,14,9,373,712,23,679,679.0
227,11,28,6,426,173,26,775,775.0
228,11,24,4,739,368,45,1344,1344.0
229,11,29,7,597,429,37,1086,1086.0
230,11,25,6,224,459,14,408,408.0
231,11,21,8,75,476,5,137,137.0
232,11,18,2,508,539,31,924,924.0
233,11,14,1,739,195,45,1344,1344.0
234,11,8,7,75,349,5,137,137.0
235,11,22,2,351,492,22,639,639.0
236,11,3,9,619,172,38,1126,1126.0
237,11,10,8,388,668,24,706,706.0
238,11,4,2,157,607,10,286,286.0
239,11,9,6,105,666,7,191,191.0
240,11,13,5,716,368,44,1302,1302.0
241,11,20,5,403,194,25,733,733.0
242,11,12,7,537,576,33,977,977.0
243,11,5,6,523,626,32,951,951.0
244,11,15,7,358,538,22,651,651.0
245,11,23,4,262,518,16,477,477.0
246,11,7,9,470,421,29,855,855.0
247,11,17,5,642,695,39,1168,1168.0
248,11,26,6,224,325,14,408,408.0
249,11,1,3,455,459,28,828,828.0
250,11,6,2,120,583,8,219,219.0
251,11,2,9,165,616,10,300,300.0
252,11,16,9,373,218,23,679,679.0
253,11,30,6,381,443,24,693,693.0
254,12,8,5,426,531,26,775,775.0
255,12,15,2,194,185,12,353,353.0
256,12,28,5,530,622,33,964,964.0
257,12,29,2,358,323,22,651,651.0
258,12,21,2,657,678,40,1195,1195.0
259,12,17,7,179,485,11,326,326.0
260,12,23,5,276,620,17,502,502.0
261,12,3,4,135,593,9,246,246.0
262,12,9,3,254,155,16,462,462.0
263,12,4,9,403,666,25,733,733.0
264,12,2,2,433,626,27,788,788.0
265,12,26,5,165,612,10,300,300.0
266,12,18,8,537,612,33,977,977.0
267,12,1,9,448,247,28,815,815.0
268,12,16,7,291,188,18,530,530.0
269,12,14,7,411,290,25,748,748.0
270,12,24,2,194,225,12,353,353.0
271,12,5,7,224,712,14,408,408.0
272,12,7,5,165,545,10,300,300.0
273,12,27,2,314,418,20,571,571.0
274,12,30,6,679,237,42,1235,1235.0
275,12,6,2,358,273,22,651,651.0
276,12,11,7,209,400,13,380,380.0
277,12,25,5,194,635,12,353,353.0
278,12,22,2,351,565,22,639,639.0
279,12,10,2,433,354,27,788,788.0
280,12,19,8,105,310,7,191,191.0
281,12,20,2,381,649,24,693,693.0
282,12,13,2,590,257,36,1073,1073.0
283,13,12,1,284,398,18,517,517.0
284,13,24,1,209,567,13,380,380.0
285,13,16,8,448,478,28,815,815.0
286,13,18,6,500,463,31,910,910.0
287,13,14,8,485,496,30,882,882.0
288,13,23,3,702,211,43,1277,1277.0
289,13,6,2,142,185,9,259,259.0
290,13,22,6,179,424,11,326,326.0
291,13,28,6,694,450,43,1262,1262.0
292,13,20,5,90,625,6,164,164.0
293,13,4,9,75,440,5,137,137.0
294,13,8,8,500,578,31,910,910.0
295,13,10,7,567,293,35,1031,1031.0
296,13,2,7,433,485,27,788,788.0
297,13,27,1,269,410,17,490,490.0
298,13,15,6,388,146,24,706,706.0
299,13,11,7,575,221,35,1046,1046.0
300,13,1,2,493,495,30,897,897.0
301,13,3,7,463,552,29,842,842.0
302,13,25,8,135,217,9,246,246.0
303,13,29,6,262,356,16,477,477.0
304,13,9,2,440,211,27,800,800.0
305,13,26,7,478,699,29,870,870.0
306,13,7,2,724,391,44,1317,1317.0
307,13,19,7,702,348,43,1277,1277.0
308,13,5,5,575,374,35,1046,1046.0
309,13,30,7,411,456,25,748,748.0
310,13,17,4,657,182,40,1195,1195.0
311,14,29,7,336,675,21,611,611.0
312,14,30,7,485,273,30,882,882.0
313,14,11,2,291,626,18,530,530.0
314,14,6,8,284,452,18,517,517.0
315,14,9,8,284,234,18,517,517.0
316,14,16,3,150,457,10,273,273.0
317,14,3,5,284,512,18,517,517.0
318,14,19,7,105,160,7,191,191.0
319,14,25,3,284,290,18,517,517.0
320,14,22,6,716,488,44,1302,1302.0
321,14,20,5,440,512,27,800,800.0
322,14,15,7,299,300,19,544,544.0
323,14,8,6,642,535,39,1168,1168.0
324,14,26,5,724,355,44,1317,1317.0
325,14,2,2,426,254,26,775,775.0
326,14,27,8,485,617,30,882,882.0
327,14,7,9,664,426,41,1208,1208.0
328,14,28,9,329,545,20,599,599.0
329,14,17,2,537,182,33,977,977.0
330,14,5,5,366,490,23,666,666.0
331,14,18,5,202,270,13,368,368.0
332,14,10,9,448,335,28,815,815.0
333,14,4,6,75,258,5,137,137.0
334,14,1,7,642,186,39,1168,1168.0
335,14,23,3,187,488,12,340,340.0
336,14,21,2,75,594,5,137,137.0
337,14,24,9,426,264,26,775,775.0
338,15,25,4,269,283,17,490,490.0
339,15,27,9,217,303,14,395,395.0
340,15,13,1,672,405,41,1222,1222.0
341,15,11,1,716,629,44,1302,1302.0
342,15,26,8,634,377,39,1153,1153.0
343,15,3,9,90,505,6,164,164.0
344,15,24,2,388,267,24,706,706.0
345,15,29,9,112,561,7,204,204.0
346,15,19,1,694,447,43,1262,1262.0
347,15,12,9,634,411,39,1153,1153.0
348,15,18,6,299,398,19,544,544.0
349,15,8,6,209,212,13,380,380.0
350,15,14,4,329,460,20,599,599.0
351,15,21,5,142,333,9,259,259.0
352,15,7,7,433,332,27,788,788.0
353,15,2,1,560,196,34,1019,1019.0
354,15,16,4,247,329,15,450,450.0
355,15,4,3,254,708,16,462,462.0
356,15,22,5,314,457,20,571,571.0
357,15,17,5,142,714,9,259,259.0
358,15,20,6,672,476,41,1222,1222.0
359,15,9,2,232,653,15,422,422.0
360,15,28,2,388,571,24,706,706.0
361,15,6,7,396,669,24,720,720.0
362,15,23,4,709,443,43,1290,1290.0
363,15,5,7,537,441,33,977,977.0
364,15,1,5,351,574,22,639,639.0
365,16,24,8,687,548,42,1250,1250.0
366,16,25,5,605,248,37,1100,1100.0
367,16,27,7,411,273,25,748,748.0
368,16,23,5,418,580,26,760,760.0
369,16,1,1,590,686,36,1073,1073.0
370,16,30,6,344,479,21,626,626.0
371,16,2,6,455,472,28,828,828.0
372,16,28,8,105,201,7,191,191.0
373,16,9,9,634,591,39,1153,1153.0
374,16,21,7,463,224,29,842,842.0
375,16,3,9,358,326,22,651,651.0
376,16,14,1,545,338,34,991,991.0
377,16,10,6,515,162,32,937,937.0
378,16,7,6,239,168,15,435,435.0
379,16,18,9,687,457,42,1250,1250.0
380,16,12,2,344,541,21,626,626.0
381,16,8,7,172,361,11,313,313.0
382,16,22,9,433,384,27,788,788.0
383,16,29,5,344,614,21,626,626.0
384,16,20,7,709,609,43,1290,1290.0
385,16,6,8,366,312,23,666,666.0
386,17,19,3,314,636,20,571,571.0
387,17,30,5,455,614,28,828,828.0
388,17,13,8,381,155,24,693,693.0
389,17,11,9,351,228,22,639,639.0
390,17,22,5,97,486,6,177,177.0
391,17,1,2,448,410,28,815,815.0
392,17,23,2,224,476,14,408,408.0
393,17,4,9,75,372,5,137,137.0
394,17,27,4,627,443,38,1140,1140.0
395,17,9,8,545,522,34,991,991.0
396,17,5,1,276,646,17,502,502.0
397,17,26,6,440,508,27,800,800.0
398,17,10,8,470,503,29,855,855.0
399,17,29,6,418,568,26,760,760.0
400,17,20,6,291,331,18,530,530.0
401,17,14,3,418,199,26,760,760.0
402,17,7,9,217,341,14,395,395.0
403,17,25,2,664,152,41,1208,1208.0
404,17,16,2,597,392,37,1086,1086.0
405,17,21,6,426,544,26,775,775.0
406,17,15,4,508,188,31,924,924.0
407,18,24,9,351,604,22,639,639.0
408,18,21,3,329,248,20,599,599.0
409,18,11,2,291,194,18,530,530.0
410,18,12,6,530,184,33,964,964.0
411,18,22,4,411,616,25,748,748.0
412,18,30,8,545,401,34,991,991.0
413,18,17,2,291,479,18,530,530.0
414,18,16,1,426,251,26,775,775.0
415,18,1,1,552,191,34,1004,1004.0
416,18,9,8,716,688,44,1302,1302.0
417,18,14,5,120,528,8,219,219.0
418,18,5,4,702,299,43,1277,1277.0
419,18,7,6,306,149,19,557,557.0
420,18,8,6,463,658,29,842,842.0
421,18,29,2,530,514,33,964,964.0
422,18,28,2,373,260,23,679,679.0
423,18,15,3,590,329,36,1073,1073.0
424,18,10,6,523,235,32,951,951.0
425,18,13,4,463,622,29,842,842.0
426,18,25,7,157,472,10,286,286.0
427,18,23,8,202,333,13,368,368.0
428,18,20,6,321,375,20,584,584.0
429,18,2,1,90,258,6,164,164.0
430,18,27,1,463,646,29,842,842.0
431,18,3,5,478,411,29,870,870.0
432,19,18,3,202,165,13,368,368.0
433,19,29,2,247,609,15,450,450.0
434,19,23,4,284,395,18,517,517.0
435,19,4,7,336,479,21,611,611.0
436,19,5,6,239,436,15,435,435.0
437,19,21,6,269,485,17,490,490.0
438,19,9,6,657,365,40,1195,1195.0
439,19,25,8,440,532,27,800,800.0
440,19,11,3,269,215,17,490,490.0
441,19,24,4,448,369,28,815,815.0
442,19,17,3,440,622,27,800,800.0
443,19,20,4,455,276,28,828,828.0
444,19,7,3,672,718,41,1222,1222.0
445,19,8,9,179,434,11,326,326.0
446,19,27,8,649,509,40,1180,1180.0
447,20,30,4,97,509,6,177,177.0
448,20,22,8,373,260,23,679,679.0
449,20,2,4,582,276,36,1059,1059.0
450,20,16,4,224,369,14,408,408.0
451,20,13,7,433,202,27,788,788.0
452,20,15,1,597,552,37,1086,1086.0
453,20,29,1,209,718,13,380,380.0
454,20,10,6,232,385,15,422,422.0
455,20,21,6,657,508,40,1195,1195.0
456,20,14,4,634,674,39,1153,1153.0
457,20,17,1,649,675,40,1180,1180.0
458,20,24,1,276,614,17,502,502.0
459,20,11,6,672,240,41,1222,1222.0
460,20,8,1,515,257,32,937,937.0
461,20,12,7,396,563,24,720,720.0
462,20,1,1,321,430,20,584,584.0
463,20,28,8,217,509,14,395,395.0
464,20,25,8,679,475,42,1235,1235.0
465,20,19,1,314,362,20,571,571.0
466,20,5,9,426,184,26,775,775.0
467,20,23,2,291,254,18,530,530.0
468,20,9,2,194,646,12,353,353.0
469,20,26,4,299,328,19,544,544.0
470,20,6,2,687,221,42,1250,1250.0
471,20,18,3,381,702,24,693,693.0
472,20,3,2,739,447,45,1344,1344.0
473,21,6,7,545,632,34,991,991.0
474,21,24,7,411,359,25,748,748.0
475,21,25,9,575,519,35,1046,1046.0
476,21,1,7,515,666,32,937,937.0
477,21,3,2,493,583,30,897,897.0
478,21,5,1,329,705,20,599,599.0
479,21,7,5,179,388,11,326,326.0
480,21,28,1,575,320,35,1046,1046.0
481,21,20,1,515,561,32,937,937.0
482,21,4,1,694,702,43,1262,1262.0
483,21,27,7,478,563,29,870,870.0
484,21,18,1,657,414,40,1195,1195.0
485,21,8,2,403,431,25,733,733.0
486,21,19,2,515,430,32,937,937.0
487,21,2,5,463,283,29,842,842.0
488,21,12,3,508,196,31,924,924.0
489,21,16,8,612,198,38,1113,1113.0
490,21,11,1,403,535,25,733,733.0
491,21,10,6,344,466,21,626,626.0
492,21,17,3,716,315,44,1302,1302.0
493,21,15,7,679,483,42,1235,1235.0
494,21,9,7,254,580,16,462,462.0
495,21,13,3,500,172,31,910,910.0
496,21,22,6,209,338,13,380,380.0
497,22,2,9,403,613,25,733,733.0
498,22,3,4,269,336,17,490,490.0
499,22,24,3,239,290,15,435,435.0
500,22,21,3,269,674,17,490,490.0
501,22,6,7,194,555,12,353,353.0
502,22,5,2,619,247,38,1126,1126.0
503,22,10,5,269,247,17,490,490.0
504,22,11,4,433,225,27,788,788.0
505,22,13,5,239,505,15,435,435.0
506,22,29,6,702,287,43,1277,1277.0
507,22,1,3,90,475,6,164,164.0
508,22,18,3,478,408,29,870,870.0
509,22,7,7,679,672,42,1235,1235.0
510,22,27,2,358,555,22,651,651.0
511,22,28,7,269,313,17,490,490.0
512,22,26,4,478,630,29,870,870.0
513,22,23,5,142,323,9,259,259.0
514,22,4,8,187,339,12,340,340.0
515,22,9,7,306,258,19,557,557.0
516,23,30,8,224,384,14,408,408.0
517,23,5,1,664,418,41,1208,1208.0
518,23,9,5,657,173,40,1195,1195.0
519,23,19,6,440,707,27,800,800.0
520,23,15,7,321,147,20,584,584.0
521,23,6,9,649,534,40,1180,1180.0
522,23,2,2,500,629,31,910,910.0
523,23,27,2,142,470,9,259,259.0
524,23,24,3,157,194,10,286,286.0
525,23,25,9,702,228,43,1277,1277.0
526,23,8,4,284,643,18,517,517.0
527,23,20,9,560,296,34,1019,1019.0
528,23,18,8,657,328,40,1195,1195.0
529,23,10,1,314,388,20,571,571.0
530,23,28,1,478,707,29,870,870.0
531,23,11,6,314,524,20,571,571.0
532,23,12,9,403,335,25,733,733.0
533,23,14,6,381,322,24,693,693.0
534,23,16,7,530,626,33,964,964.0
535,23,21,3,105,715,7,191,191.0
536,24,9,8,523,489,32,951,951.0
537,24,13,5,329,593,20,599,599.0
538,24,6,9,560,492,34,1019,1019.0
539,24,11,7,575,668,35,1046,1046.0
540,24,21,2,575,178,35,1046,1046.0
541,24,1,7,172,439,11,313,313.0
542,24,10,2,90,663,6,164,164.0
543,24,12,2,411,235,25,748,748.0
544,24,8,8,605,387,37,1100,1100.0
545,24,29,5,232,637,15,422,422.0
546,24,20,5,239,173,15,435,435.0
547,24,14,8,135,552,9,246,246.0
548,24,16,7,254,516,16,462,462.0
549,24,15,7,284,437,18,517,517.0
550,24,5,1,187,460,12,340,340.0
551,24,18,8,351,499,22,639,639.0
552,24,27,4,649,568,40,1180,1180.0
553,24,17,2,679,493,42,1235,1235.0
554,24,26,4,239,712,15,435,435.0
555,25,23,2,262,672,16,477,477.0
556,25,20,6,433,604,27,788,788.0
557,25,2,8,440,345,27,800,800.0
558,25,28,8,344,671,21,626,626.0
559,25,6,8,739,534,45,1344,1344.0
560,25,8,3,418,640,26,760,760.0
561,25,29,7,105,699,7,191,191.0
562,25,3,1,478,166,29,870,870.0
563,25,22,2,232,429,15,422,422.0
564,25,26,1,314,158,20,571,571.0
565,25,24,6,388,470,24,706,706.0
566,25,18,6,545,205,34,991,991.0
567,25,1,6,381,531,24,693,693.0
568,25,5,3,702,371,43,1277,1277.0
569,25,14,4,515,351,32,937,937.0
570,25,11,7,396,544,24,720,720.0
571,25,19,9,470,358,29,855,855.0
572,25,7,9,433,233,27,788,788.0
573,25,27,6,649,260,40,1180,1180.0
574,25,9,9,284,449,18,517,517.0
575,25,30,6,194,296,12,353,353.0
576,25,4,5,314,508,20,571,571.0
577,25,13,8,239,447,15,435,435.0
578,25,21,4,202,233,13,368,368.0
579,25,17,8,664,171,41,1208,1208.0
580,25,10,4,157,689,10,286,286.0
581,26,11,3,329,150,20,599,599.0
582,26,27,4,597,707,37,1086,1086.0
583,26,6,2,575,509,35,1046,1046.0
584,26,23,1,709,430,43,1290,1290.0
585,26,22,5,373,521,23,679,679.0
586,26,9,8,515,263,32,937,937.0
587,26,2,7,209,303,13,380,380.0
588,26,29,3,381,263,24,693,693.0
589,26,15,4,314,238,20,571,571.0
590,26,17,8,224,558,14,408,408.0
591,26,10,3,545,577,34,991,991.0
592,26,21,2,687,597,42,1250,1250.0
593,26,13,9,239,699,15,435,435.0
594,26,24,1,150,527,10,273,273.0
595,26,5,7,724,228,44,1317,1317.0
596,26,12,7,470,720,29,855,855.0
597,26,28,9,373,323,23,679,679.0
598,26,8,4,179,147,11,326,326.0
599,26,16,8,731,577,45,1330,1330.0
600,26,14,2,552,593,34,1004,1004.0
601,26,18,1,381,506,24,693,693.0
602,26,20,8,254,604,16,462,462.0
603,26,3,9,172,411,11,313,313.0
604,26,1,1,276,515,17,502,502.0
605,27,16,2,239,636,15,435,435.0
606,27,23,4,411,424,25,748,748.0
607,27,21,4,455,704,28,828,828.0
608,27,18,5,403,661,25,733,733.0
609,27,19,2,702,527,43,1277,1277.0
610,27,25,3,306,506,19,557,557.0
611,27,28,1,97,630,6,177,177.0
612,27,10,6,537,672,33,977,977.0
613,27,29,6,90,463,6,164,164.0
614,27,5,1,329,162,20,599,599.0
615,27,3,5,731,652,45,1330,1330.0
616,27,4,8,642,440,39,1168,1168.0
617,27,11,6,97,176,6,177,177.0
618,27,26,6,299,414,19,544,544.0
619,27,20,2,418,417,26,760,760.0
620,27,9,3,165,325,10,300,300.0
621,27,14,7,411,567,25,748,748.0
622,27,7,9,724,648,44,1317,1317.0
623,27,17,9,366,452,23,666,666.0
624,27,15,8,336,576,21,611,611.0
625,28,14,4,165,315,10,300,300.0
626,28,23,9,731,695,45,1330,1330.0
627,28,30,3,687,516,42,1250,1250.0
628,28,13,8,470,385,29,855,855.0
629,28,27,4,664,333,41,1208,1208.0
630,28,6,1,179,195,11,326,326.0
631,28,24,1,575,454,35,1046,1046.0
632,28,16,5,254,539,16,462,462.0
633,28,4,3,433,411,27,788,788.0
634,28,7,6,485,322,30,882,882.0
635,28,9,8,426,228,26,775,775.0
636,28,2,6,508,688,31,924,924.0
637,28,10,6,396,563,24,720,720.0
638,28,18,7,344,319,21,626,626.0
639,28,5,8,202,392,13,368,368.0
640,28,1,1,716,387,44,1302,1302.0
641,28,22,5,366,717,23,666,666.0
642,28,8,4,194,665,12,353,353.0
643,28,21,2,388,486,24,706,706.0
644,28,20,7,426,560,26,775,775.0
645,28,17,1,90,152,6,164,164.0
646,28,3,3,582,534,36,1059,1059.0
647,28,11,3,209,323,13,380,380.0
648,28,12,6,597,307,37,1086,1086.0
649,28,19,5,83,356,6,151,151.0
650,29,30,4,455,251,28,828,828.0
651,29,18,5,575,465,35,1046,1046.0
652,29,26,5,493,152,30,897,897.0
653,29,12,8,329,394,20,599,599.0
654,29,23,3,403,349,25,733,733.0
655,29,11,1,523,204,32,951,951.0
656,29,1,9,254,172,16,462,462.0
657,29,28,2,262,292,16,477,477.0
658,29,22,3,619,175,38,1126,1126.0
659,29,27,3,478,472,29,870,870.0
660,29,21,4,336,444,21,611,611.0
661,29,20,2,165,405,10,300,300.0
662,29,9,1,276,486,17,502,502.0
663,29,6,6,455,329,28,828,828.0
664,29,4,1,530,646,33,964,964.0
665,29,5,6,530,441,33,964,964.0
666,29,15,8,217,488,14,395,395.0
667,30,11,6,75,512,5,137,137.0
668,30,12,6,344,224,21,626,626.0
669,30,5,4,135,672,9,246,246.0
670,30,14,8,463,479,29,842,842.0
671,30,8,3,418,274,26,760,760.0
672,30,7,9,545,581,34,991,991.0
673,30,9,6,411,649,25,748,748.0
674,30,21,1,366,176,23,666,666.0
675,30,28,3,463,365,29,842,842.0
676,30,17,5,642,473,39,1168,1168.0
677,30,26,9,672,339,41,1222,1222.0
678,30,16,3,83,294,6,151,151.0
679,30,10,7,276,365,17,502,502.0
680,30,15,7,500,147,31,910,910.0
681,30,29,5,306,649,19,557,557.0
682,30,27,2,329,714,20,599,599.0
683,30,6,4,105,503,7,191,191.0
684,30,19,1,366,712,23,666,666.0
COMMODITIES,400
0,22,23,48,18,30,520,918.0
1,9,15,28,22,44,646,1347.0
2,25,19,70,13,39,387,1194.0
3,1,16,51,17,40,489,1200.0
4,15,7,25,19,42,545,1267.0
5,26,3,52,18,32,535,976.0
6,6,3,74,12,26,354,780.0
7,22,10,18,15,34,440,1039.0
8,14,10,49,16,41,465,1239.0
9,29,20,35,17,31,492,932.0
10,1,4,63,17,30,502,916.0
11,6,21,34,16,33,473,1011.0
12,15,22,20,14,32,398,969.0
13,15,8,54,24,40,705,1217.0
14,15,12,38,21,39,625,1190.0
15,27,9,54,19,33,570,1000.0
16,28,9,22,22,45,654,1368.0
17,28,14,74,19,32,556,983.0
18,12,15,22,15,30,423,909.0
19,9,14,26,16,36,477,1092.0
20,20,13,24,17,38,489,1169.0
21,18,1,61,18,34,529,1035.0
22,24,21,17,13,28,378,868.0
23,23,13,46,17,46,482,1389.0
24,3,1,39,18,40,535,1221.0
25,3,28,59,19,31,569,944.0
26,29,17,16,18,44,539,1333.0
27,22,21,62,20,37,576,1122.0
28,12,25,44,18,34,535,1029.0
29,20,8,25,16,33,463,1018.0
30,15,5,70,17,38,508,1152.0
31,5,19,52,22,36,645,1099.0
32,1,28,15,18,37,512,1131.0
33,29,4,16,20,48,592,1450.0
34,24,18,44,22,47,645,1411.0
35,30,27,47,19,37,541,1138.0
36,15,17,43,18,30,512,919.0
37,7,10,59,17,34,499,1046.0
38,3,14,67,12,32,348,981.0
39,25,17,19,13,39,369,1184.0
40,30,23,27,14,37,411,1139.0
41,16,9,52,11,41,329,1230.0
42,22,18,61,16,46,455,1408.0
43,11,4,62,15,28,441,840.0
44,20,2,47,17,40,491,1216.0
45,30,29,41,17,39,500,1176.0
46,26,19,20,16,39,454,1197.0
47,7,13,59,13,38,381,1166.0
48,27,6,48,14,30,405,923.0
49,27,3,30,18,43,520,1296.0
50,10,7,47,14,33,403,1011.0
51,23,17,64,15,38,423,1152.0
52,24,7,15,22,47,650,1437.0
53,10,15,48,16,37,455,1137.0
54,20,21,20,15,33,439,1005.0
55,22,5,19,20,47,588,1434.0
56,8,19,42,19,38,561,1143.0
57,15,28,30,18,35,525,1050.0
58,5,1,33,19,44,568,1342.0
59,19,21,53,15,34,450,1043.0
60,17,19,68,15,37,450,1132.0
61,20,1,22,19,42,555,1283.0
62,15,29,22,17,27,501,822.0
63,2,9,45,17,35,509,1075.0
64,29,15,44,12,28,345,864.0
65,26,23,47,18,49,525,1485.0
66,7,22,63,18,44,518,1335.0
67,25,11,29,17,37,500,1122.0
68,2,13,59,22,43,631,1293.0
69,21,26,17,16,43,462,1313.0
70,2,18,72,21,45,621,1366.0
71,18,8,45,15,40,432,1226.0
72,18,9,18,14,37,398,1136.0
73,14,20,61,16,39,469,1170.0
74,12,4,51,19,37,568,1133.0
75,1,8,41,19,39,552,1187.0
76,27,14,22,13,31,380,939.0
77,16,12,74,13,35,372,1061.0
78,9,7,41,22,45,647,1351.0
79,12,30,40,20,44,592,1330.0
80,7,15,63,20,45,599,1371.0
81,8,4,39,13,26,372,783.0
82,12,14,71,16,38,452,1152.0
83,29,21,29,20,43,578,1305.0
84,19,27,72,14,41,416,1251.0
85,17,28,15,14,35,401,1079.0
86,13,19,25,15,38,428,1146.0
87,21,8,45,20,48,598,1446.0
88,7,4,27,15,40,428,1228.0
89,3,10,52,18,34,531,1049.0
90,29,14,46,18,49,539,1474.0
91,12,17,45,16,29,452,879.0
92,21,5,69,18,41,522,1256.0
93,29,13,72,13,42,388,1264.0
94,17,24,21,18,41,531,1252.0
95,20,29,63,19,36,570,1100.0
96,16,26,40,19,45,542,1373.0
97,14,12,15,19,44,542,1320.0
98,16,19,24,14,30,418,903.0
99,2,5,19,19,42,569,1268.0
100,6,11,46,18,34,521,1043.0
101,10,19,27,17,33,489,992.0
102,16,30,39,17,40,488,1209.0
103,15,21,49,18,28,513,855.0
104,5,17,62,16,38,460,1144.0
105,18,25,20,12,25,350,753.0
106,22,6,63,20,34,587,1034.0
107,5,22,53,20,40,584,1220.0
108,3,9,48,14,33,405,1019.0
109,24,25,16,20,49,580,1474.0
110,14,6,48,19,39,547,1190.0
111,23,28,70,15,33,433,995.0
112,26,15,50,15,35,438,1054.0
113,14,27,41,13,36,388,1096.0
114,8,3,35,14,34,415,1040.0
115,16,4,41,14,33,399,1013.0
116,12,6,66,16,31,478,954.0
117,3,6,27,19,27,555,833.0
118,21,29,51,19,41,546,1252.0
119,6,20,44,21,43,624,1300.0
120,25,28,20,15,36,422,1108.0
121,1,13,18,16,39,469,1191.0
122,9,20,48,13,37,384,1115.0
123,11,5,69,20,46,596,1391.0
124,26,10,39,19,39,566,1174.0
125,2,15,46,17,31,507,939.0
126,27,22,25,13,33,387,1004.0
127,6,4,65,19,26,542,805.0
128,8,27,18,14,37,398,1113.0
129,16,27,34,19,47,553,1418.0
130,22,24,20,17,34,509,1036.0
131,8,22,32,20,37,599,1134.0
132,7,5,45,18,41,529,1250.0
133,11,26,65,18,35,540,1069.0
134,7,12,56,18,32,516,968.0
135,6,1,29,19,35,547,1071.0
136,17,2,49,19,42,560,1289.0
137,22,11,66,13,36,370,1094.0
138,12,5,45,16,31,453,945.0
139,14,28,57,19,37,554,1128.0
140,21,18,48,24,63,698,1900.0
141,28,15,60,17,42,495,1284.0
142,15,24,33,15,35,424,1075.0
143,7,17,57,15,37,447,1136.0
144,14,19,34,18,27,519,816.0
145,8,16,74,15,28,425,866.0
146,21,14,65,16,43,468,1316.0
147,27,2,57,17,36,504,1108.0
148,7,16,32,10,37,285,1118.0
149,20,6,50,20,36,588,1100.0
150,4,1,28,19,44,553,1336.0
151,3,25,29,18,35,513,1072.0
152,22,2,38,18,36,538,1090.0
153,7,29,25,17,29,491,885.0
154,15,20,59,17,38,508,1158.0
155,4,9,25,16,29,459,882.0
156,20,28,57,22,38,658,1153.0
157,6,29,29,17,36,486,1085.0
158,15,23,27,18,44,525,1346.0
159,28,18,18,10,30,299,912.0
160,23,22,37,13,34,369,1037.0
161,7,30,40,16,43,475,1290.0
162,26,25,40,23,45,668,1358.0
163,29,27,70,17,42,485,1269.0
164,14,3,52,19,34,569,1030.0
165,17,9,52,16,31,464,955.0
166,15,2,23,13,39,373,1174.0
167,29,30,45,15,34,433,1031.0
168,4,24,55,19,39,565,1180.0
169,25,3,73,19,48,570,1456.0
170,27,5,48,16,38,458,1148.0
171,11,8,69,13,20,361,609.0
172,14,11,42,23,40,686,1210.0
173,20,26,19,17,39,502,1185.0
174,30,4,32,18,31,518,952.0
175,13,5,22,21,43,614,1292.0
176,17,6,71,21,40,601,1213.0
177,2,19,74,16,26,470,805.0
178,1,11,55,22,44,657,1331.0
179,16,5,74,22,44,632,1342.0
180,1,30,47,14,32,419,960.0
181,21,3,53,19,52,569,1580.0
182,11,30,36,22,39,654,1188.0
183,7,20,66,14,36,413,1089.0
184,3,8,65,20,39,576,1172.0
185,8,21,67,16,37,472,1139.0
186,9,26,52,20,42,590,1288.0
187,18,5,60,18,46,534,1409.0
188,16,21,25,17,41,483,1259.0
189,19,7,66,19,46,550,1407.0
190,29,23,56,12,39,344,1194.0
191,5,8,57,20,45,593,1369.0
192,27,18,54,20,47,595,1431.0
193,26,30,31,21,45,630,1364.0
194,14,29,23,12,31,340,944.0
195,25,2,49,15,46,450,1395.0
196,19,13,61,20,42,576,1275.0
197,10,23,53,14,39,407,1186.0
198,9,17,44,16,32,474,962.0
199,6,2,45,17,38,495,1145.0
200,27,19,25,20,35,597,1061.0
201,28,20,54,19,41,567,1256.0
202,11,7,17,20,40,600,1224.0
203,10,6,36,21,42,628,1272.0
204,11,28,62,19,35,566,1076.0
205,6,17,22,24,43,695,1302.0
206,8,11,55,16,32,469,968.0
207,27,12,70,14,35,401,1075.0
208,13,4,60,19,28,562,844.0
209,22,8,62,18,45,524,1357.0
210,1,3,47,15,34,424,1029.0
211,6,22,17,18,29,539,893.0
212,11,16,23,15,29,426,875.0
213,30,28,60,14,29,414,885.0
214,7,9,16,16,37,454,1139.0
215,15,30,28,17,38,500,1169.0
216,14,15,19,12,32,345,965.0
217,6,27,73,19,41,549,1248.0
218,15,3,17,17,26,489,803.0
219,9,2,15,20,45,586,1369.0
220,14,24,19,18,40,518,1217.0
221,6,5,50,11,31,325,952.0
222,3,21,53,18,35,534,1068.0
223,23,10,16,17,35,485,1058.0
224,17,3,72,19,33,542,1014.0
225,12,26,66,18,31,536,955.0
226,12,11,68,19,35,551,1070.0
227,15,16,32,19,38,570,1142.0
228,6,14,44,17,37,482,1135.0
229,27,25,37,17,38,491,1168.0
230,10,9,65,18,44,538,1337.0
231,2,24,18,19,45,566,1363.0
232,23,3,62,14,43,411,1290.0
233,2,28,49,19,35,552,1063.0
234,26,24,63,18,31,518,940.0
235,29,1,31,20,39,577,1180.0
236,18,12,59,17,48,498,1448.0
237,5,21,56,15,27,443,838.0
238,28,7,38,13,36,383,1087.0
239,6,12,34,24,33,698,1001.0
240,5,13,59,22,31,641,953.0
241,5,11,43,16,38,472,1156.0
242,27,23,42,19,45,547,1357.0
243,17,4,37,19,27,544,826.0
244,20,27,29,21,42,623,1274.0
245,4,11,23,18,30,518,923.0
246,11,13,43,19,42,561,1287.0
247,13,26,47,21,38,608,1157.0
248,24,28,20,19,37,562,1136.0
249,9,3,49,19,38,562,1144.0
250,8,15,18,20,43,590,1302.0
251,20,5,71,13,31,381,940.0
252,5,14,60,18,26,537,794.0
253,5,10,52,15,23,433,719.0
254,22,25,37,17,41,486,1253.0
255,7,27,50,16,39,454,1183.0
256,27,11,72,11,20,320,615.0
257,9,6,57,14,34,403,1047.0
258,7,3,17,17,38,504,1161.0
259,17,10,29,21,44,618,1342.0
260,14,1,38,11,36,313,1104.0
261,15,6,20,15,28,435,862.0
262,18,26,63,19,43,566,1302.0
263,4,13,36,16,33,479,993.0
264,23,6,67,21,44,616,1339.0
265,10,21,39,14,33,392,1016.0
266,8,5,71,19,39,546,1187.0
267,21,13,64,20,49,587,1494.0
268,7,1,62,17,40,510,1224.0
269,19,12,30,15,37,442,1134.0
270,1,21,57,13,26,370,805.0
271,16,11,54,19,41,557,1248.0
272,25,30,38,14,30,396,920.0
273,7,23,24,20,36,572,1100.0
274,20,30,62,19,28,553,851.0
275,9,13,71,17,35,485,1053.0
276,13,23,53,16,40,477,1218.0
277,10,3,56,19,45,570,1358.0
278,23,19,34,18,41,512,1236.0
279,9,10,50,18,43,512,1290.0
280,13,3,19,21,35,617,1077.0
281,25,23,46,20,39,574,1187.0
282,11,22,68,17,36,503,1103.0
283,17,14,30,19,44,559,1339.0
284,3,30,31,24,42,710,1260.0
285,13,9,67,17,34,492,1028.0
286,12,2,31,21,47,619,1435.0
287,22,29,44,15,37,429,1122.0
288,22,30,19,16,35,467,1067.0
289,12,21,38,18,38,521,1166.0
290,15,25,46,20,38,580,1166.0
291,16,17,15,20,34,582,1036.0
292,2,6,49,14,34,418,1020.0
293,29,28,42,16,36,474,1086.0
294,28,24,50,19,49,565,1480.0
295,11,19,52,20,41,595,1247.0
296,5,3,44,18,36,516,1089.0
297,2,26,21,18,37,528,1110.0
298,30,9,58,18,33,532,998.0
299,5,20,17,17,28,489,852.0
300,26,21,35,13,38,377,1152.0
301,13,12,29,21,38,627,1143.0
302,9,5,55,18,41,520,1238.0
303,24,14,25,21,33,621,995.0
304,22,9,29,17,35,491,1073.0
305,16,22,71,18,38,528,1165.0
306,2,7,56,17,35,484,1065.0
307,11,1,23,15,30,435,911.0
308,14,9,28,17,35,503,1051.0
309,26,12,36,15,38,443,1160.0
310,29,6,32,17,42,500,1262.0
311,10,25,29,21,45,616,1353.0
312,4,14,47,19,39,563,1189.0
313,5,15,60,15,29,424,877.0
314,4,6,48,17,31,502,942.0
315,13,25,47,18,29,540,899.0
316,5,26,37,17,39,487,1176.0
317,18,15,22,19,36,570,1105.0
318,22,3,28,19,39,549,1184.0
319,26,17,24,18,34,538,1043.0
320,28,10,56,17,37,499,1133.0
321,10,22,64,17,41,507,1246.0
322,6,23,37,13,32,386,969.0
323,14,13,72,19,39,569,1181.0
324,15,13,39,13,27,370,838.0
325,26,18,17,20,45,579,1359.0
326,21,20,37,17,48,488,1462.0
327,30,5,69,19,31,541,941.0
328,21,30,30,18,50,529,1503.0
329,28,5,68,21,36,603,1088.0
330,26,16,65,16,38,476,1163.0
331,10,30,25,14,29,404,874.0
332,8,23,66,20,44,574,1338.0
333,4,18,49,15,46,423,1396.0
334,20,16,56,12,26,350,787.0
335,16,2,17,14,43,411,1295.0
336,13,16,36,21,38,626,1147.0
337,27,20,24,14,33,413,996.0
338,23,8,39,17,38,491,1144.0
339,4,19,62,18,40,511,1228.0
340,18,20,26,20,38,579,1156.0
341,25,26,72,19,41,549,1242.0
342,9,27,65,17,26,500,798.0
343,12,8,52,19,38,543,1169.0
344,8,28,52,16,37,476,1117.0
345,17,7,36,14,31,406,938.0
346,24,22,27,25,53,735,1605.0
347,16,25,48,19,55,564,1662.0
348,8,14,63,15,38,440,1158.0
349,28,19,18,18,24,515,743.0
350,22,27,26,17,38,502,1166.0
351,7,18,31,17,49,482,1484.0
352,24,5,73,20,35,595,1065.0
353,4,26,16,21,35,629,1065.0
354,30,7,68,19,41,558,1253.0
355,3,19,44,16,31,479,945.0
356,23,29,34,17,34,497,1038.0
357,11,18,43,21,54,625,1637.0
358,25,7,32,20,47,598,1422.0
359,16,13,23,14,41,415,1253.0
360,27,1,28,18,40,519,1208.0
361,28,1,42,13,34,367,1040.0
362,20,17,18,18,40,539,1216.0
363,20,4,41,18,37,518,1132.0
364,5,27,20,15,40,450,1204.0
365,16,6,43,17,36,484,1086.0
366,5,28,20,16,31,452,948.0
367,18,28,59,19,39,548,1196.0
368,29,3,26,18,39,523,1197.0
369,14,17,42,21,45,608,1371.0
370,10,17,57,19,36,566,1109.0
371,19,20,39,15,40,441,1224.0
372,18,30,45,22,40,642,1229.0
373,15,19,69,18,40,536,1211.0
374,16,7,27,21,40,629,1203.0
375,11,27,55,23,39,683,1196.0
376,15,11,60,12,30,340,922.0
377,7,2,23,21,52,620,1574.0
378,24,11,35,22,47,649,1410.0
379,11,25,18,15,32,444,965.0
380,27,8,72,13,28,389,852.0
381,17,21,65,17,38,499,1152.0
382,19,1,15,13,36,361,1089.0
383,26,27,41,20,42,584,1267.0
384,9,23,28,17,45,494,1377.0
385,5,24,74,22,42,660,1282.0
386,22,20,47,13,37,384,1127.0
387,11,20,53,18,41,525,1252.0
388,7,21,15,20,40,575,1224.0
389,27,29,73,14,23,399,699.0
390,18,27,36,14,30,400,908.0
391,3,7,24,19,41,542,1231.0
392,29,8,19,15,43,427,1297.0
393,27,16,71,18,35,513,1070.0
394,5,23,43,14,33,417,1017.0
395,13,29,35,12,29,335,891.0
396,10,16,47,20,40,597,1207.0
397,9,28,31,20,31,571,942.0
398,2,20,60,15,28,443,860.0
399,20,10,59,16,33,480,1009.0
horizon=63
