NODES,30
1,1,-,-
2,2,-,-
3,3,-,-
4,4,-,-
5,5,-,-
6,6,-,-
7,7,-,-
8,8,-,-
9,9,-,-
10,10,-,-
11,11,-,-
12,12,-,-
13,13,-,-
14,14,-,-
15,15,-,-
16,16,-,-
17,17,-,-
18,18,-,-
19,19,-,-
20,20,-,-
21,21,-,-
22,22,-,-
23,23,-,-
24,24,-,-
25,25,-,-
26,26,-,-
27,27,-,-
28,28,-,-
29,29,-,-
30,30,-,-
ARCS,685
0,1,18,5,418,214,26,760,760.0
1,1,16,5,485,623,30,882,882.0
2,1,28,1,515,431,32,937,937.0
3,1,12,5,351,555,22,639,639.0
4,1,7,7,358,578,22,651,651.0
5,1,29,4,209,450,13,380,380.0
6,1,30,8,478,299,29,870,870.0
7,1,21,2,150,244,10,273,273.0
8,1,20,3,299,417,19,544,544.0
9,1,5,1,344,160,21,626,626.0
10,1,24,1,299,539,19,544,544.0
11,1,9,9,179,297,11,326,326.0
12,1,4,6,157,163,10,286,286.0
13,1,6,7,552,532,34,1004,1004.0
14,1,23,2,440,584,27,800,800.0
15,1,2,7,150,701,10,273,273.0
16,1,8,7,344,720,21,626,626.0
17,1,27,1,440,691,27,800,800.0
18,1,26,2,105,318,7,191,191.0
19,2,19,4,120,528,8,219,219.0
20,2,1,2,120,521,8,219,219.0
21,2,27,9,97,155,6,177,177.0
22,2,7,3,739,705,45,1344,1344.0
23,2,28,2,224,277,14,408,408.0
24,2,11,9,254,646,16,462,462.0
25,2,9,8,537,483,33,977,977.0
26,2,20,6,165,652,10,300,300.0
27,2,21,8,381,483,24,693,693.0
28,2,8,6,344,261,21,626,626.0
29,2,16,4,455,361,28,828,828.0
30,2,4,4,97,661,6,177,177.0
31,2,14,8,314,194,20,571,571.0
32,2,22,2,426,532,26,775,775.0
33,2,15,6,142,692,9,259,259.0
34,2,5,5,739,684,45,1344,1344.0
35,2,25,4,112,452,7,204,204.0
36,2,17,3,187,682,12,340,340.0
37,2,24,7,433,489,27,788,788.0
38,2,26,2,724,637,44,1317,1317.0
39,2,6,2,314,528,20,571,571.0
40,3,16,7,619,519,38,1126,1126.0
41,3,10,6,224,635,14,408,408.0
42,3,9,4,388,538,24,706,706.0
43,3,29,6,448,287,28,815,815.0
44,3,12,2,388,469,24,706,706.0
45,3,11,7,165,280,10,300,300.0
46,3,18,7,440,404,27,800,800.0
47,3,4,3,679,191,42,1235,1235.0
48,3,27,3,560,659,34,1019,1019.0
49,3,21,5,545,573,34,991,991.0
50,3,14,2,597,578,37,1086,1086.0
51,3,25,1,411,705,25,748,748.0
52,3,8,9,351,162,22,639,639.0
53,3,24,2,224,668,14,408,408.0
54,3,19,8,634,537,39,1153,1153.0
55,3,17,4,351,496,22,639,639.0
56,3,1,3,321,665,20,584,584.0
57,3,7,6,716,182,44,1302,1302.0
58,3,28,2,127,284,8,231,231.0
59,3,6,9,75,539,5,137,137.0
60,3,15,2,90,645,6,164,164.0
61,3,5,4,187,297,12,340,340.0
62,3,2,6,709,237,43,1290,1290.0
63,3,26,3,448,287,28,815,815.0
64,3,13,2,105,315,7,191,191.0
65,3,23,7,463,678,29,842,842.0
66,3,30,2,619,472,38,1126,1126.0
67,3,22,5,455,365,28,828,828.0
68,4,29,2,187,600,12,340,340.0
69,4,13,2,314,463,20,571,571.0
70,4,27,2,358,421,22,651,651.0
71,4,2,2,612,280,38,1113,1113.0
72,4,14,1,552,467,34,1004,1004.0
73,4,15,1,276,279,17,502,502.0
74,4,1,8,642,614,39,1168,1168.0
75,4,12,8,262,182,16,477,477.0
76,4,16,2,590,715,36,1073,1073.0
77,4,19,3,724,343,44,1317,1317.0
78,4,24,1,262,509,16,477,477.0
79,4,28,2,396,179,24,720,720.0
80,4,20,7,232,479,15,422,422.0
81,4,25,1,426,591,26,775,775.0
82,4,11,6,523,208,32,951,951.0
83,4,3,6,105,338,7,191,191.0
84,4,7,6,150,447,10,273,273.0
85,4,8,8,597,645,37,1086,1086.0
86,4,5,8,314,704,20,571,571.0
87,4,26,4,157,313,10,286,286.0
88,4,18,7,612,457,38,1113,1113.0
89,4,23,3,590,640,36,1073,1073.0
90,4,30,8,75,509,5,137,137.0
91,4,22,4,344,717,21,626,626.0
92,4,9,8,150,576,10,273,273.0
93,4,17,4,590,534,36,1073,1073.0
94,5,21,5,329,601,20,599,599.0
95,5,8,4,664,349,41,1208,1208.0
96,5,24,1,358,596,22,651,651.0
97,5,14,5,75,332,5,137,137.0
98,5,15,1,179,359,11,326,326.0
99,5,3,6,649,332,40,1180,1180.0
100,5,1,6,344,576,21,626,626.0
101,5,25,2,455,300,28,828,828.0
102,5,20,9,127,459,8,231,231.0
103,5,30,3,373,550,23,679,679.0
104,5,16,4,619,320,38,1126,1126.0
105,5,7,4,165,407,10,300,300.0
106,5,22,2,657,577,40,1195,1195.0
107,5,6,4,649,678,40,1180,1180.0
108,5,18,9,262,355,16,477,477.0
109,5,2,4,500,240,31,910,910.0
110,5,10,8,75,524,5,137,137.0
111,5,9,6,612,332,38,1113,1113.0
112,5,13,3,83,478,6,151,151.0
113,5,17,2,388,560,24,706,706.0
114,5,23,4,403,351,25,733,733.0
115,5,26,4,627,208,38,1140,1140.0
116,6,12,9,83,418,6,151,151.0
117,6,9,2,731,341,45,1330,1330.0
118,6,3,6,403,601,25,733,733.0
119,6,18,8,657,315,40,1195,1195.0
120,6,1,3,291,578,18,530,530.0
121,6,21,2,217,447,14,395,395.0
122,6,8,1,440,459,27,800,800.0
123,6,15,8,381,610,24,693,693.0
124,6,28,8,597,290,37,1086,1086.0
125,6,27,9,426,372,26,775,775.0
126,6,4,5,75,632,5,137,137.0
127,6,19,7,336,184,21,611,611.0
128,6,13,2,440,283,27,800,800.0
129,6,16,2,83,708,6,151,151.0
130,6,10,8,388,263,24,706,706.0
131,6,30,2,731,717,45,1330,1330.0
132,6,11,2,694,149,43,1262,1262.0
133,6,5,9,694,348,43,1262,1262.0
134,6,29,7,440,610,27,800,800.0
135,6,22,9,120,508,8,219,219.0
136,6,2,9,276,571,17,502,502.0
137,6,17,8,739,443,45,1344,1344.0
138,6,25,5,269,312,17,490,490.0
139,6,14,7,284,163,18,517,517.0
140,6,7,1,314,286,20,571,571.0
141,6,26,5,120,698,8,219,219.0
142,7,16,7,672,539,41,1222,1222.0
143,7,22,6,381,251,24,693,693.0
144,7,14,6,716,478,44,1302,1302.0
145,7,11,2,634,312,39,1153,1153.0
146,7,30,2,373,394,23,679,679.0
147,7,24,5,157,306,10,286,286.0
148,7,17,2,291,495,18,530,530.0
149,7,1,7,634,331,39,1153,1153.0
150,7,21,3,426,274,26,775,775.0
151,7,4,8,634,378,39,1153,1153.0
152,7,29,3,142,620,9,259,259.0
153,7,15,5,552,175,34,1004,1004.0
154,7,2,8,470,345,29,855,855.0
155,7,25,8,344,490,21,626,626.0
156,7,9,5,291,542,18,530,530.0
157,7,8,8,209,616,13,380,380.0
158,7,23,7,194,274,12,353,353.0
159,7,19,8,373,309,23,679,679.0
160,7,28,3,657,653,40,1195,1195.0
161,7,6,2,426,580,26,775,775.0
162,7,12,1,165,705,10,300,300.0
163,7,13,8,381,147,24,693,693.0
164,8,22,3,634,460,39,1153,1153.0
165,8,1,3,135,441,9,246,246.0
166,8,28,6,344,503,21,626,626.0
167,8,21,7,485,368,30,882,882.0
168,8,12,6,142,362,9,259,259.0
169,8,4,1,560,184,34,1019,1019.0
170,8,15,1,321,407,20,584,584.0
171,8,10,1,388,184,24,706,706.0
172,8,5,6,590,421,36,1073,1073.0
173,8,2,6,239,394,15,435,435.0
174,8,16,6,179,147,11,326,326.0
175,8,19,6,731,315,45,1330,1330.0
176,8,7,6,262,310,16,477,477.0
177,8,3,4,679,153,42,1235,1235.0
178,8,14,6,314,362,20,571,571.0
179,8,13,5,590,639,36,1073,1073.0
180,8,6,1,97,692,6,177,177.0
181,8,26,1,329,423,20,599,599.0
182,8,11,2,209,284,13,380,380.0
183,8,23,2,716,267,44,1302,1302.0
184,8,30,7,165,293,10,300,300.0
185,8,29,4,731,431,45,1330,1330.0
186,9,2,9,470,594,29,855,855.0
187,9,4,5,157,351,10,286,286.0
188,9,25,3,545,581,34,991,991.0
189,9,23,6,508,707,31,924,924.0
190,9,15,8,344,454,21,626,626.0
191,9,12,7,545,256,34,991,991.0
192,9,8,4,530,263,33,964,964.0
193,9,16,1,590,454,36,1073,1073.0
194,9,24,3,276,501,17,502,502.0
195,9,22,1,358,380,22,651,651.0
196,9,14,7,634,146,39,1153,1153.0
197,9,29,8,440,225,27,800,800.0
198,9,17,9,605,221,37,1100,1100.0
199,9,27,1,97,147,6,177,177.0
200,9,19,8,478,655,29,870,870.0
201,9,21,7,239,479,15,435,435.0
202,9,1,2,224,493,14,408,408.0
203,9,13,8,239,480,15,435,435.0
204,9,10,3,537,460,33,977,977.0
205,9,28,3,105,441,7,191,191.0
206,9,20,5,560,299,34,1019,1019.0
207,9,11,7,560,341,34,1019,1019.0
208,9,3,2,232,274,15,422,422.0
209,10,22,1,358,207,22,651,651.0
210,10,30,3,187,359,12,340,340.0
211,10,28,8,142,316,9,259,259.0
212,10,19,5,403,377,25,733,733.0
213,10,18,9,276,502,17,502,502.0
214,10,12,4,552,309,34,1004,1004.0
215,10,4,6,262,681,16,477,477.0
216,10,13,6,179,248,11,326,326.0
217,10,17,3,358,296,22,651,651.0
218,10,15,8,537,678,33,977,977.0
219,10,5,9,112,645,7,204,204.0
220,10,9,3,627,459,38,1140,1140.0
221,10,8,2,649,675,40,1180,1180.0
222,10,26,5,440,247,27,800,800.0
223,10,16,2,455,385,28,828,828.0
224,10,1,7,448,424,28,815,815.0
225,10,27,1,537,705,33,977,977.0
226,10,14,9,373,712,23,679,679.0
227,11,28,6,426,173,26,775,775.0
228,11,24,4,739,368,45,1344,1344.0
229,11,29,7,597,429,37,1086,1086.0
230,11,25,6,224,459,14,408,408.0
231,11,21,8,75,476,5,137,137.0
232,11,18,2,508,539,31,924,924.0
233,11,14,1,739,195,45,1344,1344.0
234,11,8,7,75,349,5,137,137.0
235,11,22,2,351,492,22,639,639.0
236,11,3,9,619,172,38,1126,1126.0
237,11,10,8,388,668,24,706,706.0
238,11,4,2,157,607,10,286,286.0
239,11,9,6,105,666,7,191,191.0
240,11,13,5,716,368,44,1302,1302.0
241,11,20,5,403,194,25,733,733.0
242,11,12,7,537,576,33,977,977.0
243,11,5,6,523,626,32,951,951.0
244,11,15,7,358,538,22,651,651.0
245,11,23,4,262,518,16,477,477.0
246,11,7,9,470,421,29,855,855.0
247,11,17,5,642,695,39,1168,1168.0
248,11,26,6,224,325,14,408,408.0
249,11,1,3,455,459,28,828,828.0
250,11,6,2,120,583,8,219,219.0
251,11,2,9,165,616,10,300,300.0
252,11,16,9,373,218,23,679,679.0
253,11,30,6,381,443,24,693,693.0
254,12,8,5,426,531,26,775,775.0
255,12,15,2,194,185,12,353,353.0
256,12,28,5,530,622,33,964,964.0
257,12,29,2,358,323,22,651,651.0
258,12,21,2,657,678,40,1195,1195.0
259,12,17,7,179,485,11,326,326.0
260,12,23,5,276,620,17,502,502.0
261,12,3,4,135,593,9,246,246.0
262,12,9,3,254,155,16,462,462.0
263,12,4,9,403,666,25,733,733.0
264,12,2,2,433,626,27,788,788.0
265,12,26,5,165,612,10,300,300.0
266,12,18,8,537,612,33,977,977.0
267,12,1,9,448,247,28,815,815.0
268,12,16,7,291,188,18,530,530.0
269,12,14,7,411,290,25,748,748.0
270,12,24,2,194,225,12,353,353.0
271,12,5,7,224,712,14,408,408.0
272,12,7,5,165,545,10,300,300.0
273,12,27,2,314,418,20,571,571.0
274,12,30,6,679,237,42,1235,1235.0
275,12,6,2,358,273,22,651,651.0
276,12,11,7,209,400,13,380,380.0
277,12,25,5,194,635,12,353,353.0
278,12,22,2,351,565,22,639,639.0
279,12,10,2,433,354,27,788,788.0
280,12,19,8,105,310,7,191,191.0
281,12,20,2,381,649,24,693,693.0
282,12,13,2,590,257,36,1073,1073.0
283,13,12,1,284,398,18,517,517.0
284,13,24,1,209,567,13,380,380.0
285,13,16,8,448,478,28,815,815.0
286,13,18,6,500,463,31,910,910.0
287,13,14,8,485,496,30,882,882.0
288,13,23,3,702,211,43,1277,1277.0
289,13,6,2,142,185,9,259,259.0
290,13,22,6,179,424,11,326,326.0
291,13,28,6,694,450,43,1262,1262.0
292,13,20,5,90,625,6,164,164.0
293,13,4,9,75,440,5,137,137.0
294,13,8,8,500,578,31,910,910.0
295,13,10,7,567,293,35,1031,1031.0
296,13,2,7,433,485,27,788,788.0
297,13,27,1,269,410,17,490,490.0
298,13,15,6,388,146,24,706,706.0
299,13,11,7,575,221,35,1046,1046.0
300,13,1,2,493,495,30,897,897.0
301,13,3,7,463,552,29,842,842.0
302,13,25,8,135,217,9,246,246.0
303,13,29,6,262,356,16,477,477.0
304,13,9,2,440,211,27,800,800.0
305,13,26,7,478,699,29,870,870.0
306,13,7,2,724,391,44,1317,1317.0
307,13,19,7,702,348,43,1277,1277.0
308,13,5,5,575,374,35,1046,1046.0
309,13,30,7,411,456,25,748,748.0
310,13,17,4,657,182,40,1195,1195.0
311,14,29,7,336,675,21,611,611.0
312,14,30,7,485,273,30,882,882.0
313,14,11,2,291,626,18,530,530.0
314,14,6,8,284,452,18,517,517.0
315,14,9,8,284,234,18,517,517.0
316,14,16,3,150,457,10,273,273.0
317,14,3,5,284,512,18,517,517.0
318,14,19,7,105,160,7,191,191.0
319,14,25,3,284,290,18,517,517.0
320,14,22,6,716,488,44,1302,1302.0
321,14,20,5,440,512,27,800,800.0
322,14,15,7,299,300,19,544,544.0
323,14,8,6,642,535,39,1168,1168.0
324,14,26,5,724,355,44,1317,1317.0
325,14,2,2,426,254,26,775,775.0
326,14,27,8,485,617,30,882,882.0
327,14,7,9,664,426,41,1208,1208.0
328,14,28,9,329,545,20,599,599.0
329,14,17,2,537,182,33,977,977.0
330,14,5,5,366,490,23,666,666.0
331,14,18,5,202,270,13,368,368.0
332,14,10,9,448,335,28,815,815.0
333,14,4,6,75,258,5,137,137.0
334,14,1,7,642,186,39,1168,1168.0
335,14,23,3,187,488,12,340,340.0
336,14,21,2,75,594,5,137,137.0
337,14,24,9,426,264,26,775,775.0
338,15,25,4,269,283,17,490,490.0
339,15,27,9,217,303,14,395,395.0
340,15,13,1,672,405,41,1222,1222.0
341,15,11,1,716,629,44,1302,1302.0
342,15,26,8,634,377,39,1153,1153.0
343,15,3,9,90,505,6,164,164.0
344,15,24,2,388,267,24,706,706.0
345,15,29,9,112,561,7,204,204.0
346,15,19,1,694,447,43,1262,1262.0
347,15,12,9,634,411,39,1153,1153.0
348,15,18,6,299,398,19,544,544.0
349,15,8,6,209,212,13,380,380.0
350,15,14,4,329,460,20,599,599.0
351,15,21,5,142,333,9,259,259.0
352,15,7,7,433,332,27,788,788.0
353,15,2,1,560,196,34,1019,1019.0
354,15,16,4,247,329,15,450,450.0
355,15,4,3,254,708,16,462,462.0
356,15,22,5,314,457,20,571,571.0
357,15,17,5,142,714,9,259,259.0
358,15,20,6,672,476,41,1222,1222.0
359,15,9,2,232,653,15,422,422.0
360,15,28,2,388,571,24,706,706.0
361,15,6,7,396,669,24,720,720.0
362,15,23,4,709,443,43,1290,1290.0
363,15,5,7,537,441,33,977,977.0
364,15,1,5,351,574,22,639,639.0
365,16,24,8,687,548,42,1250,1250.0
366,16,25,5,605,248,37,1100,1100.0
367,16,27,7,411,273,25,748,748.0
368,16,23,5,418,580,26,760,760.0
369,16,1,1,590,686,36,1073,1073.0
370,16,30,6,344,479,21,626,626.0
371,16,2,6,455,472,28,828,828.0
372,16,28,8,105,201,7,191,191.0
373,16,9,9,634,591,39,1153,1153.0
374,16,21,7,463,224,29,842,842.0
375,16,3,9,358,326,22,651,651.0
376,16,14,1,545,338,34,991,991.0
377,16,10,6,515,162,32,937,937.0
378,16,7,6,239,168,15,435,435.0
379,16,18,9,687,457,42,1250,1250.0
380,16,12,2,344,541,21,626,626.0
381,16,8,7,172,361,11,313,313.0
382,16,22,9,433,384,27,788,788.0
383,16,29,5,344,614,21,626,626.0
384,16,20,7,709,609,43,1290,1290.0
385,16,6,8,366,312,23,666,666.0
386,17,19,3,314,636,20,571,571.0
387,17,30,5,455,614,28,828,828.0
388,17,13,8,381,155,24,693,693.0
389,17,11,9,351,228,22,639,639.0
390,17,22,5,97,486,6,177,177.0
391,17,1,2,448,410,28,815,815.0
392,17,23,2,224,476,14,408,408.0
393,17,4,9,75,372,5,137,137.0
394,17,27,4,627,443,38,1140,1140.0
395,17,9,8,545,522,34,991,991.0
396,17,5,1,276,646,17,502,502.0
397,17,26,6,440,508,27,800,800.0
398,17,10,8,470,503,29,855,855.0
399,17,29,6,418,568,26,760,760.0
400,17,20,6,291,331,18,530,530.0
401,17,14,3,418,199,26,760,760.0
402,17,7,9,217,341,14,395,395.0
403,17,25,2,664,152,41,1208,1208.0
404,17,16,2,597,392,37,1086,1086.0
405,17,21,6,426,544,26,775,775.0
406,17,15,4,508,188,31,924,924.0
407,18,24,9,351,604,22,639,639.0
408,18,21,3,329,248,20,599,599.0
409,18,11,2,291,194,18,530,530.0
410,18,12,6,530,184,33,964,964.0
411,18,22,4,411,616,25,748,748.0
412,18,30,8,545,401,34,991,991.0
413,18,17,2,291,479,18,530,530.0
414,18,16,1,426,251,26,775,775.0
415,18,1,1,552,191,34,1004,1004.0
416,18,9,8,716,688,44,1302,1302.0
417,18,14,5,120,528,8,219,219.0
418,18,5,4,702,299,43,1277,1277.0
419,18,7,6,306,149,19,557,557.0
420,18,8,6,463,658,29,842,842.0
421,18,29,2,530,514,33,964,964.0
422,18,28,2,373,260,23,679,679.0
423,18,15,3,590,329,36,1073,1073.0
424,18,10,6,523,235,32,951,951.0
425,18,13,4,463,622,29,842,842.0
426,18,25,7,157,472,10,286,286.0
427,18,23,8,202,333,13,368,368.0
428,18,20,6,321,375,20,584,584.0
429,18,2,1,90,258,6,164,164.0
430,18,27,1,463,646,29,842,842.0
431,18,3,5,478,411,29,870,870.0
432,19,18,3,202,165,13,368,368.0
433,19,29,2,247,609,15,450,450.0
434,19,23,4,284,395,18,517,517.0
435,19,4,7,336,479,21,611,611.0
436,19,5,6,239,436,15,435,435.0
437,19,21,6,269,485,17,490,490.0
438,19,9,6,657,365,40,1195,1195.0
439,19,25,8,440,532,27,800,800.0
440,19,11,3,269,215,17,490,490.0
441,19,24,4,448,369,28,815,815.0
442,19,17,3,440,622,27,800,800.0
443,19,20,4,455,276,28,828,828.0
444,19,7,3,672,718,41,1222,1222.0
445,19,8,9,179,434,11,326,326.0
446,19,27,8,649,509,40,1180,1180.0
447,20,30,4,97,509,6,177,177.0
448,20,22,8,373,260,23,679,679.0
449,20,2,4,582,276,36,1059,1059.0
450,20,16,4,224,369,14,408,408.0
451,20,13,7,433,202,27,788,788.0
452,20,15,1,597,552,37,1086,1086.0
453,20,29,1,209,718,13,380,380.0
454,20,10,6,232,385,15,422,422.0
455,20,21,6,657,508,40,1195,1195.0
456,20,14,4,634,674,39,1153,1153.0
457,20,17,1,649,675,40,1180,1180.0
458,20,24,1,276,614,17,502,502.0
459,20,11,6,672,240,41,1222,1222.0
460,20,8,1,515,257,32,937,937.0
461,20,12,7,396,563,24,720,720.0
462,20,1,1,321,430,20,584,584.0
463,20,28,8,217,509,14,395,395.0
464,20,25,8,679,475,42,1235,1235.0
465,20,19,1,314,362,20,571,571.0
466,20,5,9,426,184,26,775,775.0
467,20,23,2,291,254,18,530,530.0
468,20,9,2,194,646,12,353,353.0
469,20,26,4,299,328,19,544,544.0
470,20,6,2,687,221,42,1250,1250.0
471,20,18,3,381,702,24,693,693.0
472,20,3,2,739,447,45,1344,1344.0
473,21,6,7,545,632,34,991,991.0
474,21,24,7,411,359,25,748,748.0
475,21,25,9,575,519,35,1046,1046.0
476,21,1,7,515,666,32,937,937.0
477,21,3,2,493,583,30,897,897.0
478,21,5,1,329,705,20,599,599.0
479,21,7,5,179,388,11,326,326.0
480,21,28,1,575,320,35,1046,1046.0
481,21,20,1,515,561,32,937,937.0
482,21,4,1,694,702,43,1262,1262.0
483,21,27,7,478,563,29,870,870.0
484,21,18,1,657,414,40,1195,1195.0
485,21,8,2,403,431,25,733,733.0
486,21,19,2,515,430,32,937,937.0
487,21,2,5,463,283,29,842,842.0
488,21,12,3,508,196,31,924,924.0
489,21,16,8,612,198,38,1113,1113.0
490,21,11,1,403,535,25,733,733.0
491,21,10,6,344,466,21,626,626.0
492,21,17,3,716,315,44,1302,1302.0
493,21,15,7,679,483,42,1235,1235.0
494,21,9,7,254,580,16,462,462.0
495,21,13,3,500,172,31,910,910.0
496,21,22,6,209,338,13,380,380.0
497,22,2,9,403,613,25,733,733.0
498,22,3,4,269,336,17,490,490.0
499,22,24,3,239,290,15,435,435.0
500,22,21,3,269,674,17,490,490.0
501,22,6,7,194,555,12,353,353.0
502,22,5,2,619,247,38,1126,1126.0
503,22,10,5,269,247,17,490,490.0
504,22,11,4,433,225,27,788,788.0
505,22,13,5,239,505,15,435,435.0
506,22,29,6,702,287,43,1277,1277.0
507,22,1,3,90,475,6,164,164.0
508,22,18,3,478,408,29,870,870.0
509,22,7,7,679,672,42,1235,1235.0
510,22,27,2,358,555,22,651,651.0
511,22,28,7,269,313,17,490,490.0
512,22,26,4,478,630,29,870,870.0
513,22,23,5,142,323,9,259,259.0
514,22,4,8,187,339,12,340,340.0
515,22,9,7,306,258,19,557,557.0
516,23,30,8,224,384,14,408,408.0
517,23,5,1,664,418,41,1208,1208.0
518,23,9,5,657,173,40,1195,1195.0
519,23,19,6,440,707,27,800,800.0
520,23,15,7,321,147,20,584,584.0
521,23,6,9,649,534,40,1180,1180.0
522,23,2,2,500,629,31,910,910.0
523,23,27,2,142,470,9,259,259.0
524,23,24,3,157,194,10,286,286.0
525,23,25,9,702,228,43,1277,1277.0
526,23,8,4,284,643,18,517,517.0
527,23,20,9,560,296,34,1019,1019.0
528,23,18,8,657,328,40,1195,1195.0
529,23,10,1,314,388,20,571,571.0
530,23,28,1,478,707,29,870,870.0
531,23,11,6,314,524,20,571,571.0
532,23,12,9,403,335,25,733,733.0
533,23,14,6,381,322,24,693,693.0
534,23,16,7,530,626,33,964,964.0
535,23,21,3,105,715,7,191,191.0
536,24,9,8,523,489,32,951,951.0
537,24,13,5,329,593,20,599,599.0
538,24,6,9,560,492,34,1019,1019.0
539,24,11,7,575,668,35,1046,1046.0
540,24,21,2,575,178,35,1046,1046.0
541,24,1,7,172,439,11,313,313.0
542,24,10,2,90,663,6,164,164.0
543,24,12,2,411,235,25,748,748.0
544,24,8,8,605,387,37,1100,1100.0
545,24,29,5,232,637,15,422,422.0
546,24,20,5,239,173,15,435,435.0
547,24,14,8,135,552,9,246,246.0
548,24,16,7,254,516,16,462,462.0
549,24,15,7,284,437,18,517,517.0
550,24,5,1,187,460,12,340,340.0
551,24,18,8,351,499,22,639,639.0
552,24,27,4,649,568,40,1180,1180.0
553,24,17,2,679,493,42,1235,1235.0
554,24,26,4,239,712,15,435,435.0
555,25,23,2,262,672,16,477,477.0
556,25,20,6,433,604,27,788,788.0
557,25,2,8,440,345,27,800,800.0
558,25,28,8,344,671,21,626,626.0
559,25,6,8,739,534,45,1344,1344.0
560,25,8,3,418,640,26,760,760.0
561,25,29,7,105,699,7,191,191.0
562,25,3,1,478,166,29,870,870.0
563,25,22,2,232,429,15,422,422.0
564,25,26,1,314,158,20,571,571.0
565,25,24,6,388,470,24,706,706.0
566,25,18,6,545,205,34,991,991.0
567,25,1,6,381,531,24,693,693.0
568,25,5,3,702,371,43,1277,1277.0
569,25,14,4,515,351,32,937,937.0
570,25,11,7,396,544,24,720,720.0
571,25,19,9,470,358,29,855,855.0
572,25,7,9,433,233,27,788,788.0
573,25,27,6,649,260,40,1180,1180.0
574,25,9,9,284,449,18,517,517.0
575,25,30,6,194,296,12,353,353.0
576,25,4,5,314,508,20,571,571.0
577,25,13,8,239,447,15,435,435.0
578,25,21,4,202,233,13,368,368.0
579,25,17,8,664,171,41,1208,1208.0
580,25,10,4,157,689,10,286,286.0
581,26,11,3,329,150,20,599,599.0
582,26,27,4,597,707,37,1086,1086.0
583,26,6,2,575,509,35,1046,1046.0
584,26,23,1,709,430,43,1290,1290.0
585,26,22,5,373,521,23,679,679.0
586,26,9,8,515,263,32,937,937.0
587,26,2,7,209,303,13,380,380.0
588,26,29,3,381,263,24,693,693.0
589,26,15,4,314,238,20,571,571.0
590,26,17,8,224,558,14,408,408.0
591,26,10,3,545,577,34,991,991.0
592,26,21,2,687,597,42,1250,1250.0
593,26,13,9,239,699,15,435,435.0
594,26,24,1,150,527,10,273,273.0
595,26,5,7,724,228,44,1317,1317.0
596,26,12,7,470,720,29,855,855.0
597,26,28,9,373,323,23,679,679.0
598,26,8,4,179,147,11,326,326.0
599,26,16,8,731,577,45,1330,1330.0
600,26,14,2,552,593,34,1004,1004.0
601,26,18,1,381,506,24,693,693.0
602,26,20,8,254,604,16,462,462.0
603,26,3,9,172,411,11,313,313.0
604,26,1,1,276,515,17,502,502.0
605,27,16,2,239,636,15,435,435.0
606,27,23,4,411,424,25,748,748.0
607,27,21,4,455,704,28,828,828.0
608,27,18,5,403,661,25,733,733.0
609,27,19,2,702,527,43,1277,1277.0
610,27,25,3,306,506,19,557,557.0
611,27,28,1,97,630,6,177,177.0
612,27,10,6,537,672,33,977,977.0
613,27,29,6,90,463,6,164,164.0
614,27,5,1,329,162,20,599,599.0
615,27,3,5,731,652,45,1330,1330.0
616,27,4,8,642,440,39,1168,1168.0
617,27,11,6,97,176,6,177,177.0
618,27,26,6,299,414,19,544,544.0
619,27,20,2,418,417,26,760,760.0
620,27,9,3,165,325,10,300,300.0
621,27,14,7,411,567,25,748,748.0
622,27,7,9,724,648,44,1317,1317.0
623,27,17,9,366,452,23,666,666.0
624,27,15,8,336,576,21,611,611.0
625,28,14,4,165,315,10,300,300.0
626,28,23,9,731,695,45,1330,1330.0
627,28,30,3,687,516,42,1250,1250.0
628,28,13,8,470,385,29,855,855.0
629,28,27,4,664,333,41,1208,1208.0
630,28,6,1,179,195,11,326,326.0
631,28,24,1,575,454,35,1046,1046.0
632,28,16,5,254,539,16,462,462.0
633,28,4,3,433,411,27,788,788.0
634,28,7,6,485,322,30,882,882.0
635,28,9,8,426,228,26,775,775.0
636,28,2,6,508,688,31,924,924.0
637,28,10,6,396,563,24,720,720.0
638,28,18,7,344,319,21,626,626.0
639,28,5,8,202,392,13,368,368.0
640,28,1,1,716,387,44,1302,1302.0
641,28,22,5,366,717,23,666,666.0
642,28,8,4,194,665,12,353,353.0
643,28,21,2,388,486,24,706,706.0
644,28,20,7,426,560,26,775,775.0
645,28,17,1,90,152,6,164,164.0
646,28,3,3,582,534,36,1059,1059.0
647,28,11,3,209,323,13,380,380.0
648,28,12,6,597,307,37,1086,1086.0
649,28,19,5,83,356,6,151,151.0
650,29,30,4,455,251,28,828,828.0
651,29,18,5,575,465,35,1046,1046.0
652,29,26,5,493,152,30,897,897.0
653,29,12,8,329,394,20,599,599.0
654,29,23,3,403,349,25,733,733.0
655,29,11,1,523,204,32,951,951.0
656,29,1,9,254,172,16,462,462.0
657,29,28,2,262,292,16,477,477.0
658,29,22,3,619,175,38,1126,1126.0
659,29,27,3,478,472,29,870,870.0
660,29,21,4,336,444,21,611,611.0
661,29,20,2,165,405,10,300,300.0
662,29,9,1,276,486,17,502,502.0
663,29,6,6,455,329,28,828,828.0
664,29,4,1,530,646,33,964,964.0
665,29,5,6,530,441,33,964,964.0
666,29,15,8,217,488,14,395,395.0
667,30,11,6,75,512,5,137,137.0
668,30,12,6,344,224,21,626,626.0
669,30,5,4,135,672,9,246,246.0
670,30,14,8,463,479,29,842,842.0
671,30,8,3,418,274,26,760,760.0
672,30,7,9,545,581,34,991,991.0
673,30,9,6,411,649,25,748,748.0
674,30,21,1,366,176,23,666,666.0
675,30,28,3,463,365,29,842,842.0
676,30,17,5,642,473,39,1168,1168.0
677,30,26,9,672,339,41,1222,1222.0
678,30,16,3,83,294,6,151,151.0
679,30,10,7,276,365,17,502,502.0
680,30,15,7,500,147,31,910,910.0
681,30,29,5,306,649,19,557,557.0
682,30,27,2,329,714,20,599,599.0
683,30,6,4,105,503,7,191,191.0
684,30,19,1,366,712,23,666,666.0
COMMODITIES,400
0,22,23,48,8,24,226,722.0
1,9,15,28,14,42,412,1286.0
2,25,19,70,23,54,685,1620.0
3,1,16,51,25,50,724,1523.0
4,15,7,25,6,32,179,976.0
5,26,3,52,22,41,637,1234.0
6,6,3,74,20,36,591,1109.0
7,22,10,18,12,37,344,1119.0
8,14,10,49,19,47,545,1433.0
9,29,20,35,22,40,637,1222.0
10,1,4,63,18,35,537,1076.0
11,6,21,34,10,32,294,970.0
12,15,22,20,17,39,506,1183.0
13,15,8,54,12,33,347,1002.0
14,15,12,38,17,39,497,1171.0
15,27,9,54,24,43,707,1291.0
16,28,9,22,16,43,454,1297.0
17,28,14,74,15,31,430,943.0
18,12,15,22,10,29,277,889.0
19,9,14,26,21,43,617,1302.0
20,20,13,24,17,44,502,1349.0
21,18,1,61,15,35,422,1074.0
22,24,21,17,18,39,533,1190.0
23,23,13,46,25,58,730,1745.0
24,3,1,39,8,32,228,971.0
25,3,28,59,22,38,653,1159.0
26,29,17,16,16,46,480,1392.0
27,22,21,62,22,44,639,1320.0
28,12,25,44,27,44,789,1345.0
29,20,8,25,14,35,391,1078.0
30,15,5,70,24,47,706,1416.0
31,5,19,52,21,41,617,1254.0
32,1,28,15,18,43,536,1319.0
33,29,4,16,18,49,515,1472.0
34,24,18,44,17,45,484,1352.0
35,30,27,47,20,46,589,1390.0
36,15,17,43,15,31,435,941.0
37,7,10,59,16,37,478,1112.0
38,3,14,67,19,44,569,1320.0
39,25,17,19,17,48,495,1457.0
40,30,23,27,13,42,387,1281.0
41,16,9,52,20,52,581,1584.0
42,22,18,61,8,46,232,1384.0
43,11,4,62,26,42,751,1270.0
44,20,2,47,11,39,314,1185.0
45,30,29,41,11,38,309,1143.0
46,26,19,20,22,47,640,1416.0
47,7,13,59,20,52,597,1574.0
48,27,6,48,26,46,753,1382.0
49,27,3,30,11,40,324,1226.0
50,10,7,47,12,38,351,1165.0
51,23,17,64,10,39,287,1198.0
52,24,7,15,16,45,474,1362.0
53,10,15,48,12,36,351,1098.0
54,20,21,20,13,35,366,1055.0
55,22,5,19,11,41,317,1249.0
56,8,19,42,13,36,378,1109.0
57,15,28,30,18,40,526,1210.0
58,5,1,33,29,54,859,1634.0
59,19,21,53,19,41,560,1250.0
60,17,19,68,15,41,431,1253.0
61,20,1,22,14,39,407,1195.0
62,15,29,22,15,28,430,857.0
63,2,9,45,21,41,617,1241.0
64,29,15,44,18,41,514,1240.0
65,26,23,47,17,51,491,1558.0
66,7,22,63,18,47,536,1437.0
67,25,11,29,21,43,612,1314.0
68,2,13,59,15,41,447,1242.0
69,21,26,17,19,52,556,1566.0
70,2,18,72,17,46,488,1393.0
71,18,8,45,7,37,193,1138.0
72,18,9,18,15,43,425,1319.0
73,14,20,61,17,43,487,1314.0
74,12,4,51,26,49,752,1482.0
75,1,8,41,17,38,490,1169.0
76,27,14,22,13,37,375,1113.0
77,16,12,74,23,50,670,1525.0
78,9,7,41,5,32,137,970.0
79,12,30,40,14,41,401,1245.0
80,7,15,63,14,41,395,1237.0
81,8,4,39,19,37,545,1133.0
82,12,14,71,21,47,612,1432.0
83,29,21,29,8,35,220,1056.0
84,19,27,72,19,50,544,1526.0
85,17,28,15,26,54,763,1648.0
86,13,19,25,23,51,670,1544.0
87,21,8,45,18,49,533,1485.0
88,7,4,27,17,48,481,1450.0
89,3,10,52,18,40,537,1203.0
90,29,14,46,19,53,550,1596.0
91,12,17,45,20,38,597,1164.0
92,21,5,69,17,45,495,1375.0
93,29,13,72,9,43,263,1314.0
94,17,24,21,16,43,477,1314.0
95,20,29,63,10,32,294,960.0
96,16,26,40,11,45,324,1369.0
97,14,12,15,14,41,391,1243.0
98,16,19,24,14,35,398,1061.0
99,2,5,19,17,42,482,1279.0
100,6,11,46,8,26,239,791.0
101,10,19,27,20,41,575,1247.0
102,16,30,39,17,48,495,1454.0
103,15,21,49,17,35,502,1064.0
104,5,17,62,19,46,570,1400.0
105,18,25,20,11,29,325,871.0
106,22,6,63,24,43,703,1297.0
107,5,22,53,19,41,563,1230.0
108,3,9,48,15,41,439,1233.0
109,24,25,16,11,44,314,1334.0
110,14,6,48,27,47,796,1437.0
111,23,28,70,8,29,212,885.0
112,26,15,50,8,28,219,855.0
113,14,27,41,9,37,244,1112.0
114,8,3,35,21,43,608,1305.0
115,16,4,41,16,39,472,1182.0
116,12,6,66,15,34,429,1034.0
117,3,6,27,22,35,645,1060.0
118,21,29,51,15,41,450,1239.0
119,6,20,44,11,36,310,1101.0
120,25,28,20,21,48,613,1446.0
121,1,13,18,15,45,447,1357.0
122,9,20,48,10,38,274,1169.0
123,11,5,69,19,49,567,1495.0
124,26,10,39,15,38,443,1161.0
125,2,15,46,14,31,395,951.0
126,27,22,25,10,36,288,1087.0
127,6,4,65,12,21,343,646.0
128,8,27,18,22,50,656,1517.0
129,16,27,34,19,51,543,1536.0
130,22,24,20,11,33,317,991.0
131,8,22,32,18,39,531,1185.0
132,7,5,45,28,54,813,1643.0
133,11,26,65,20,39,582,1197.0
134,7,12,56,4,23,99,700.0
135,6,1,29,18,37,513,1125.0
136,17,2,49,22,50,656,1521.0
137,22,11,66,16,45,470,1370.0
138,12,5,45,17,36,481,1104.0
139,14,28,57,17,37,503,1114.0
140,21,18,48,30,75,880,2261.0
141,28,15,60,16,45,474,1365.0
142,15,24,33,11,37,302,1138.0
143,7,17,57,25,53,744,1612.0
144,14,19,34,20,35,585,1077.0
145,8,16,74,25,43,741,1313.0
146,21,14,65,20,53,591,1593.0
147,27,2,57,11,35,303,1054.0
148,7,16,32,19,50,566,1501.0
149,20,6,50,26,43,761,1316.0
150,4,1,28,9,40,261,1205.0
151,3,25,29,18,40,536,1217.0
152,22,2,38,12,33,345,993.0
153,7,29,25,14,30,418,913.0
154,15,20,59,19,45,559,1352.0
155,4,9,25,14,31,417,947.0
156,20,28,57,26,48,778,1459.0
157,6,29,29,26,50,763,1508.0
158,15,23,27,13,42,364,1276.0
159,28,18,18,12,36,337,1085.0
160,23,22,37,23,50,672,1504.0
161,7,30,40,17,46,494,1404.0
162,26,25,40,16,42,474,1274.0
163,29,27,70,21,50,630,1522.0
164,14,3,52,16,36,461,1103.0
165,17,9,52,13,35,370,1069.0
166,15,2,23,23,54,689,1639.0
167,29,30,45,11,35,323,1064.0
168,4,24,55,17,40,502,1227.0
169,25,3,73,18,51,533,1534.0
170,27,5,48,18,47,529,1411.0
171,11,8,69,18,32,540,968.0
172,14,11,42,14,35,409,1065.0
173,20,26,19,12,37,355,1135.0
174,30,4,32,14,30,406,926.0
175,13,5,22,8,30,224,927.0
176,17,6,71,19,41,542,1243.0
177,2,19,74,16,32,451,969.0
178,1,11,55,16,43,477,1309.0
179,16,5,74,22,50,660,1503.0
180,1,30,47,19,42,565,1264.0
181,21,3,53,12,46,346,1406.0
182,11,30,36,21,44,613,1333.0
183,7,20,66,24,53,695,1606.0
184,3,8,65,15,36,427,1092.0
185,8,21,67,20,45,571,1364.0
186,9,26,52,23,49,671,1488.0
187,18,5,60,19,51,550,1552.0
188,16,21,25,11,36,310,1089.0
189,19,7,66,13,43,361,1312.0
190,29,23,56,24,54,702,1646.0
191,5,8,57,21,50,612,1520.0
192,27,18,54,22,51,639,1536.0
193,26,30,31,23,49,676,1493.0
194,14,29,23,11,37,319,1118.0
195,25,2,49,29,65,850,1951.0
196,19,13,61,12,38,341,1162.0
197,10,23,53,22,54,654,1646.0
198,9,17,44,17,36,499,1096.0
199,6,2,45,10,32,274,985.0
200,27,19,25,25,44,750,1324.0
201,28,20,54,15,40,447,1215.0
202,11,7,17,20,46,573,1408.0
203,10,6,36,9,35,251,1062.0
204,11,28,62,19,39,542,1170.0
205,6,17,22,17,41,498,1249.0
206,8,11,55,18,38,536,1169.0
207,27,12,70,23,48,678,1444.0
208,13,4,60,7,19,192,579.0
209,22,8,62,16,46,453,1395.0
210,1,3,47,25,49,729,1474.0
211,6,22,17,18,31,537,954.0
212,11,16,23,13,36,390,1102.0
213,30,28,60,29,48,853,1458.0
214,7,9,16,23,48,667,1451.0
215,15,30,28,10,35,276,1062.0
216,14,15,19,18,40,512,1214.0
217,6,27,73,24,49,720,1487.0
218,15,3,17,15,29,445,889.0
219,9,2,15,16,45,475,1361.0
220,14,24,19,14,41,407,1246.0
221,6,5,50,12,38,352,1144.0
222,3,21,53,12,35,358,1059.0
223,23,10,16,2,27,34,820.0
224,17,3,72,25,45,749,1376.0
225,12,26,66,17,35,483,1072.0
226,12,11,68,15,38,429,1167.0
227,15,16,32,25,50,730,1512.0
228,6,14,44,16,38,465,1157.0
229,27,25,37,9,35,246,1050.0
230,10,9,65,21,50,627,1514.0
231,2,24,18,14,45,411,1365.0
232,23,3,62,15,46,437,1386.0
233,2,28,49,26,45,763,1352.0
234,26,24,63,17,33,493,1018.0
235,29,1,31,12,35,351,1078.0
236,18,12,59,20,55,577,1651.0
237,5,21,56,15,31,448,948.0
238,28,7,38,17,44,510,1347.0
239,6,12,34,9,24,244,724.0
240,5,13,59,18,31,539,943.0
241,5,11,43,18,42,533,1268.0
242,27,23,42,19,48,555,1466.0
243,17,4,37,26,37,755,1135.0
244,20,27,29,17,43,497,1314.0
245,4,11,23,31,48,911,1457.0
246,11,13,43,19,45,561,1366.0
247,13,26,47,15,37,439,1110.0
248,24,28,20,8,31,235,940.0
249,9,3,49,24,46,712,1383.0
250,8,15,18,16,40,456,1218.0
251,20,5,71,16,39,465,1181.0
252,5,14,60,7,18,190,542.0
253,5,10,52,19,28,566,856.0
254,22,25,37,21,51,629,1550.0
255,7,27,50,14,42,391,1274.0
256,27,11,72,17,30,498,920.0
257,9,6,57,18,42,518,1288.0
258,7,3,17,20,43,571,1302.0
259,17,10,29,17,47,490,1426.0
260,14,1,38,26,55,769,1653.0
261,15,6,20,16,32,472,965.0
262,18,26,63,24,50,699,1503.0
263,4,13,36,33,53,962,1613.0
264,23,6,67,13,40,365,1201.0
265,10,21,39,18,42,525,1280.0
266,8,5,71,23,47,663,1414.0
267,21,13,64,16,50,458,1525.0
268,7,1,62,26,54,753,1646.0
269,19,12,30,16,42,466,1280.0
270,1,21,57,21,38,628,1151.0
271,16,11,54,20,48,596,1448.0
272,25,30,38,22,40,639,1202.0
273,7,23,24,19,39,545,1199.0
274,20,30,62,8,20,229,628.0
275,9,13,71,11,35,315,1073.0
276,13,23,53,13,39,364,1176.0
277,10,3,56,17,47,499,1425.0
278,23,19,34,29,56,860,1692.0
279,9,10,50,15,42,423,1266.0
280,13,3,19,14,32,393,974.0
281,25,23,46,26,50,770,1513.0
282,11,22,68,20,40,594,1229.0
283,17,14,30,22,50,631,1522.0
284,3,30,31,18,40,515,1229.0
285,13,9,67,21,42,613,1283.0
286,12,2,31,22,52,642,1567.0
287,22,29,44,23,48,668,1456.0
288,22,30,19,16,38,462,1142.0
289,12,21,38,17,42,490,1288.0
290,15,25,46,25,47,730,1424.0
291,16,17,15,21,40,615,1213.0
292,2,6,49,19,45,552,1364.0
293,29,28,42,27,52,803,1569.0
294,28,24,50,23,57,690,1735.0
295,11,19,52,19,45,563,1363.0
296,5,3,44,18,42,513,1278.0
297,2,26,21,11,30,309,919.0
298,30,9,58,16,35,465,1061.0
299,5,20,17,18,33,513,995.0
300,26,21,35,9,36,263,1100.0
301,13,12,29,25,46,729,1394.0
302,9,5,55,22,47,643,1435.0
303,24,14,25,12,26,335,802.0
304,22,9,29,4,28,100,859.0
305,16,22,71,17,40,482,1215.0
306,2,7,56,15,39,439,1171.0
307,11,1,23,27,47,784,1433.0
308,14,9,28,4,24,107,727.0
309,26,12,36,25,52,748,1583.0
310,29,6,32,14,42,416,1285.0
311,10,25,29,11,36,307,1104.0
312,4,14,47,25,50,742,1501.0
313,5,15,60,15,32,427,983.0
314,4,6,48,11,31,329,936.0
315,13,25,47,20,39,591,1180.0
316,5,26,37,14,42,419,1275.0
317,18,15,22,13,34,376,1020.0
318,22,3,28,14,37,410,1114.0
319,26,17,24,14,34,391,1040.0
320,28,10,56,11,37,319,1138.0
321,10,22,64,20,47,595,1436.0
322,6,23,37,2,26,54,804.0
323,14,13,72,15,38,421,1149.0
324,15,13,39,9,28,261,867.0
325,26,18,17,24,55,714,1666.0
326,21,20,37,15,48,445,1442.0
327,30,5,69,15,33,424,1004.0
328,21,30,30,13,49,369,1499.0
329,28,5,68,31,48,913,1457.0
330,26,16,65,14,44,420,1321.0
331,10,30,25,22,40,644,1227.0
332,8,23,66,23,53,686,1605.0
333,4,18,49,23,56,667,1695.0
334,20,16,56,18,39,539,1172.0
335,16,2,17,13,45,386,1372.0
336,13,16,36,13,33,389,1009.0
337,27,20,24,21,44,612,1322.0
338,23,8,39,19,42,541,1283.0
339,4,19,62,22,49,642,1480.0
340,18,20,26,28,51,838,1540.0
341,25,26,72,9,35,259,1057.0
342,9,27,65,23,35,671,1076.0
343,12,8,52,16,42,460,1267.0
344,8,28,52,19,42,550,1282.0
345,17,7,36,18,39,511,1181.0
346,24,22,27,25,57,722,1735.0
347,16,25,48,10,50,277,1504.0
348,8,14,63,28,55,832,1664.0
349,28,19,18,17,30,509,925.0
350,22,27,26,18,42,524,1288.0
351,7,18,31,12,49,349,1497.0
352,24,5,73,15,34,427,1028.0
353,4,26,16,21,36,621,1093.0
354,30,7,68,20,46,583,1380.0
355,3,19,44,11,32,323,961.0
356,23,29,34,12,35,358,1063.0
357,11,18,43,8,45,240,1363.0
358,25,7,32,26,56,759,1699.0
359,16,13,23,13,42,373,1271.0
360,27,1,28,13,40,385,1212.0
361,28,1,42,12,35,338,1065.0
362,20,17,18,17,43,502,1297.0
363,20,4,41,21,46,617,1390.0
364,5,27,20,12,40,344,1226.0
365,16,6,43,13,40,381,1203.0
366,5,28,20,20,40,597,1201.0
367,18,28,59,22,43,643,1302.0
368,29,3,26,6,33,163,1000.0
369,14,17,42,18,47,534,1412.0
370,10,17,57,21,43,623,1301.0
371,19,20,39,8,37,223,1114.0
372,18,30,45,24,46,707,1395.0
373,15,19,69,17,43,491,1301.0
374,16,7,27,15,39,446,1178.0
375,11,27,55,10,32,271,969.0
376,15,11,60,21,42,612,1267.0
377,7,2,23,9,44,269,1338.0
378,24,11,35,20,50,598,1520.0
379,11,25,18,15,39,430,1172.0
380,27,8,72,18,36,523,1097.0
381,17,21,65,20,47,589,1415.0
382,19,1,15,22,46,631,1407.0
383,26,27,41,19,46,552,1397.0
384,9,23,28,27,58,796,1766.0
385,5,24,74,13,38,379,1150.0
386,22,20,47,16,42,463,1283.0
387,11,20,53,27,54,800,1633.0
388,7,21,15,4,29,112,883.0
389,27,29,73,19,32,560,982.0
390,18,27,36,25,45,722,1354.0
391,3,7,24,15,40,446,1226.0
392,29,8,19,15,48,442,1454.0
393,27,16,71,24,47,718,1411.0
394,5,23,43,15,41,422,1249.0
395,13,29,35,24,46,710,1396.0
396,10,16,47,21,44,618,1347.0
397,9,28,31,5,21,131,631.0
398,2,20,60,19,37,555,1123.0
399,20,10,59,11,30,315,905.0
horizon=75
