NODES,30
1,1,-,-
2,2,-,-
3,3,-,-
4,4,-,-
5,5,-,-
6,6,-,-
7,7,-,-
8,8,-,-
9,9,-,-
10,10,-,-
11,11,-,-
12,12,-,-
13,13,-,-
14,14,-,-
15,15,-,-
16,16,-,-
17,17,-,-
18,18,-,-
19,19,-,-
20,20,-,-
21,21,-,-
22,22,-,-
23,23,-,-
24,24,-,-
25,25,-,-
26,26,-,-
27,27,-,-
28,28,-,-
29,29,-,-
30,30,-,-
ARCS,683
0,1,13,4,310,345,19,564,564.0
1,1,17,2,275,220,17,500,500.0
2,1,5,7,620,421,38,1128,1128.0
3,1,8,3,977,500,60,1777,1777.0
4,1,16,4,549,599,34,999,999.0
5,1,21,5,334,558,21,608,608.0
6,1,30,6,322,297,20,586,586.0
7,1,4,5,870,476,53,1582,1582.0
8,1,18,5,191,234,12,348,348.0
9,1,28,6,1097,385,67,1995,1995.0
10,1,23,1,632,593,39,1150,1150.0
11,1,7,4,143,591,9,260,260.0
12,1,22,6,1097,452,67,1995,1995.0
13,1,20,7,668,150,41,1215,1215.0
14,1,27,3,882,297,54,1604,1604.0
15,1,11,6,775,470,47,1410,1410.0
16,1,25,5,1097,205,67,1995,1995.0
17,1,2,4,191,325,12,348,348.0
18,1,14,9,715,480,44,1300,1300.0
19,1,26,6,751,198,46,1366,1366.0
20,1,29,9,489,228,30,890,890.0
21,2,27,6,668,194,41,1215,1215.0
22,2,10,1,429,396,26,780,780.0
23,2,5,4,906,247,55,1648,1648.0
24,2,13,9,954,398,58,1735,1735.0
25,2,9,5,143,167,9,260,260.0
26,2,21,3,358,383,22,651,651.0
27,2,30,8,727,527,45,1322,1322.0
28,2,16,3,870,226,53,1582,1582.0
29,2,1,2,1073,582,66,1951,1951.0
30,2,4,1,1144,511,70,2080,2080.0
31,2,3,4,572,283,35,1040,1040.0
32,2,12,3,668,477,41,1215,1215.0
33,2,26,9,406,477,25,739,739.0
34,2,19,1,644,541,40,1171,1171.0
35,2,11,2,346,406,21,630,630.0
36,2,20,6,382,175,24,695,695.0
37,2,18,5,1013,305,62,1842,1842.0
38,2,14,7,346,384,21,630,630.0
39,2,28,4,715,315,44,1300,1300.0
40,2,17,8,334,158,21,608,608.0
41,2,22,6,191,242,12,348,348.0
42,2,7,6,751,450,46,1366,1366.0
43,2,29,8,703,289,43,1279,1279.0
44,3,30,3,167,228,11,304,304.0
45,3,14,6,834,409,51,1517,1517.0
46,3,9,4,572,441,35,1040,1040.0
47,3,6,4,727,294,45,1322,1322.0
48,3,29,9,310,314,19,564,564.0
49,3,21,4,632,156,39,1150,1150.0
50,3,13,3,918,188,56,1670,1670.0
51,3,23,8,846,354,52,1539,1539.0
52,3,26,4,703,137,43,1279,1279.0
53,3,25,4,417,206,26,759,759.0
54,3,4,3,382,234,24,695,695.0
55,3,1,4,1108,318,68,2015,2015.0
56,3,15,1,167,340,11,304,304.0
57,3,11,9,894,271,55,1626,1626.0
58,3,22,8,513,287,32,933,933.0
59,3,5,5,739,431,45,1344,1344.0
60,3,18,7,715,256,44,1300,1300.0
61,3,28,2,132,560,8,240,240.0
62,3,19,7,632,193,39,1150,1150.0
63,3,16,6,763,591,47,1388,1388.0
64,4,14,7,167,390,11,304,304.0
65,4,30,2,882,283,54,1604,1604.0
66,4,6,7,1037,589,63,1886,1886.0
67,4,22,2,918,300,56,1670,1670.0
68,4,16,8,227,233,14,413,413.0
69,4,7,8,215,328,14,391,391.0
70,4,15,2,394,508,24,717,717.0
71,4,19,8,870,537,53,1582,1582.0
72,4,28,6,406,138,25,739,739.0
73,4,23,8,572,480,35,1040,1040.0
74,4,11,8,453,156,28,824,824.0
75,4,5,9,894,258,55,1626,1626.0
76,4,10,5,846,265,52,1539,1539.0
77,4,8,5,1144,333,70,2080,2080.0
78,4,26,1,739,589,45,1344,1344.0
79,4,24,8,942,538,58,1713,1713.0
80,4,3,7,1180,301,72,2146,2146.0
81,4,17,2,1001,426,61,1820,1820.0
82,4,1,8,1108,181,68,2015,2015.0
83,4,2,8,1001,456,61,1820,1820.0
84,4,21,2,477,297,29,868,868.0
85,4,18,8,1144,278,70,2080,2080.0
86,4,20,1,811,149,50,1475,1475.0
87,4,25,8,1073,126,66,1951,1951.0
88,4,13,4,537,145,33,977,977.0
89,4,12,4,882,605,54,1604,1604.0
90,5,21,1,1013,292,62,1842,1842.0
91,5,19,4,656,204,40,1193,1193.0
92,5,7,8,572,586,35,1040,1040.0
93,5,27,7,1049,421,64,1908,1908.0
94,5,3,7,132,547,8,240,240.0
95,5,13,8,358,301,22,651,651.0
96,5,24,8,525,122,32,955,955.0
97,5,11,5,394,387,24,717,717.0
98,5,12,6,977,421,60,1777,1777.0
99,5,10,1,334,498,21,608,608.0
100,5,22,5,298,404,19,542,542.0
101,5,6,3,834,582,51,1517,1517.0
102,5,16,9,179,599,11,326,326.0
103,5,30,5,465,460,29,846,846.0
104,5,29,4,239,498,15,435,435.0
105,5,4,1,596,579,37,1084,1084.0
106,5,8,5,846,593,52,1539,1539.0
107,5,20,6,143,236,9,260,260.0
108,5,18,7,811,473,50,1475,1475.0
109,5,1,4,346,337,21,630,630.0
110,5,9,4,680,359,42,1237,1237.0
111,5,23,9,477,476,29,868,868.0
112,6,1,6,429,143,26,780,780.0
113,6,4,8,441,170,27,802,802.0
114,6,21,4,1073,407,66,1951,1951.0
115,6,15,1,775,339,47,1410,1410.0
116,6,8,9,763,356,47,1388,1388.0
117,6,16,7,441,435,27,802,802.0
118,6,28,2,215,496,14,391,391.0
119,6,20,5,739,605,45,1344,1344.0
120,6,12,8,429,172,26,780,780.0
121,6,25,1,608,214,37,1106,1106.0
122,6,14,1,1013,506,62,1842,1842.0
123,6,9,1,489,387,30,890,890.0
124,6,24,5,1049,128,64,1908,1908.0
125,6,13,9,394,255,24,717,717.0
126,6,19,6,155,413,10,282,282.0
127,6,17,6,489,301,30,890,890.0
128,6,11,5,1061,571,65,1930,1930.0
129,6,5,7,1132,463,69,2059,2059.0
130,6,22,3,346,270,21,630,630.0
131,6,3,3,1025,524,63,1864,1864.0
132,6,10,9,251,315,16,457,457.0
133,6,27,7,1168,139,71,2124,2124.0
134,6,2,8,215,607,14,391,391.0
135,6,30,2,632,468,39,1150,1150.0
136,6,29,8,668,605,41,1215,1215.0
137,6,7,9,132,222,8,240,240.0
138,6,23,6,584,267,36,1062,1062.0
139,7,10,2,751,215,46,1366,1366.0
140,7,6,2,465,237,29,846,846.0
141,7,30,6,906,141,55,1648,1648.0
142,7,9,3,1156,332,71,2102,2102.0
143,7,24,6,394,238,24,717,717.0
144,7,25,5,811,282,50,1475,1475.0
145,7,28,8,537,462,33,977,977.0
146,7,16,8,406,483,25,739,739.0
147,7,20,1,656,431,40,1193,1193.0
148,7,17,3,489,534,30,890,890.0
149,7,23,8,1132,239,69,2059,2059.0
150,7,22,7,656,279,40,1193,1193.0
151,7,26,7,1120,555,68,2037,2037.0
152,7,21,9,715,479,44,1300,1300.0
153,7,5,5,894,555,55,1626,1626.0
154,7,15,1,846,468,52,1539,1539.0
155,7,18,4,656,127,40,1193,1193.0
156,7,14,3,1097,323,67,1995,1995.0
157,7,8,1,608,202,37,1106,1106.0
158,8,1,7,846,488,52,1539,1539.0
159,8,28,6,513,180,32,933,933.0
160,8,19,1,203,244,13,370,370.0
161,8,15,7,465,297,29,846,846.0
162,8,11,1,954,422,58,1735,1735.0
163,8,29,1,179,378,11,326,326.0
164,8,5,4,834,284,51,1517,1517.0
165,8,4,4,1001,557,61,1820,1820.0
166,8,18,8,1132,328,69,2059,2059.0
167,8,24,5,1049,288,64,1908,1908.0
168,8,12,3,406,275,25,739,739.0
169,8,10,6,823,357,50,1497,1497.0
170,8,13,3,823,215,50,1497,1497.0
171,8,26,6,453,376,28,824,824.0
172,8,6,3,668,142,41,1215,1215.0
173,8,25,8,417,518,26,759,759.0
174,8,16,5,1049,383,64,1908,1908.0
175,8,3,1,1120,398,68,2037,2037.0
176,8,21,1,143,206,9,260,260.0
177,8,14,7,775,316,47,1410,1410.0
178,8,30,9,310,517,19,564,564.0
179,8,9,6,167,254,11,304,304.0
180,8,23,8,1025,188,63,1864,1864.0
181,9,5,3,977,455,60,1777,1777.0
182,9,2,7,537,518,33,977,977.0
183,9,6,2,1061,412,65,1930,1930.0
184,9,30,6,668,331,41,1215,1215.0
185,9,18,7,310,208,19,564,564.0
186,9,20,3,1061,465,65,1930,1930.0
187,9,4,2,739,551,45,1344,1344.0
188,9,22,7,525,305,32,955,955.0
189,9,23,5,179,145,11,326,326.0
190,9,16,7,1025,187,63,1864,1864.0
191,9,26,4,191,590,12,348,348.0
192,9,10,1,668,176,41,1215,1215.0
193,9,3,9,799,413,49,1453,1453.0
194,9,15,3,215,170,14,391,391.0
195,9,13,1,799,465,49,1453,1453.0
196,9,17,6,668,173,41,1215,1215.0
197,9,28,8,179,192,11,326,326.0
198,9,21,9,834,584,51,1517,1517.0
199,9,7,1,239,565,15,435,435.0
200,9,27,4,632,468,39,1150,1150.0
201,9,29,6,560,546,34,1019,1019.0
202,9,14,3,429,404,26,780,780.0
203,10,6,3,811,323,50,1475,1475.0
204,10,22,5,358,135,22,651,651.0
205,10,9,8,549,499,34,999,999.0
206,10,28,2,1132,604,69,2059,2059.0
207,10,25,3,382,223,24,695,695.0
208,10,5,4,263,314,16,479,479.0
209,10,4,8,811,562,50,1475,1475.0
210,10,2,3,251,412,16,457,457.0
211,10,24,6,1097,416,67,1995,1995.0
212,10,29,9,370,265,23,673,673.0
213,10,23,6,739,131,45,1344,1344.0
214,10,7,8,1180,485,72,2146,2146.0
215,10,3,2,179,249,11,326,326.0
216,10,15,1,227,281,14,413,413.0
217,10,18,5,286,445,18,520,520.0
218,10,21,8,560,546,34,1019,1019.0
219,10,13,9,263,370,16,479,479.0
220,10,11,5,417,221,26,759,759.0
221,10,26,3,179,513,11,326,326.0
222,10,19,9,632,243,39,1150,1150.0
223,10,14,8,966,485,59,1757,1757.0
224,10,27,4,632,165,39,1150,1150.0
225,10,20,9,989,432,60,1799,1799.0
226,10,8,3,132,158,8,240,240.0
227,10,17,4,966,232,59,1757,1757.0
228,10,16,4,727,423,45,1322,1322.0
229,11,5,2,572,597,35,1040,1040.0
230,11,28,5,346,288,21,630,630.0
231,11,25,3,334,314,21,608,608.0
232,11,10,7,584,500,36,1062,1062.0
233,11,13,5,501,466,31,911,911.0
234,11,9,4,751,198,46,1366,1366.0
235,11,23,1,882,127,54,1604,1604.0
236,11,6,6,1144,203,70,2080,2080.0
237,11,4,3,525,540,32,955,955.0
238,11,29,1,263,234,16,479,479.0
239,11,22,8,954,392,58,1735,1735.0
240,11,26,8,608,505,37,1106,1106.0
241,11,30,3,501,298,31,911,911.0
242,11,20,6,918,521,56,1670,1670.0
243,11,18,7,560,189,34,1019,1019.0
244,11,15,5,501,432,31,911,911.0
245,11,21,8,1108,404,68,2015,2015.0
246,12,2,1,930,298,57,1691,1691.0
247,12,20,7,930,456,57,1691,1691.0
248,12,9,1,954,508,58,1735,1735.0
249,12,30,7,453,470,28,824,824.0
250,12,8,7,632,165,39,1150,1150.0
251,12,13,6,1037,155,63,1886,1886.0
252,12,14,1,251,495,16,457,457.0
253,12,27,6,263,315,16,479,479.0
254,12,6,2,894,456,55,1626,1626.0
255,12,26,7,930,563,57,1691,1691.0
256,12,3,4,239,310,15,435,435.0
257,12,19,1,1156,136,71,2102,2102.0
258,12,29,2,644,311,40,1171,1171.0
259,12,5,5,1120,202,68,2037,2037.0
260,12,21,5,227,549,14,413,413.0
261,13,18,3,382,465,24,695,695.0
262,13,7,9,179,367,11,326,326.0
263,13,29,4,620,560,38,1128,1128.0
264,13,11,2,298,438,19,542,542.0
265,13,1,7,787,410,48,1431,1431.0
266,13,12,9,989,377,60,1799,1799.0
267,13,27,4,191,321,12,348,348.0
268,13,19,6,406,404,25,739,739.0
269,13,8,2,858,230,52,1560,1560.0
270,13,5,9,1013,539,62,1842,1842.0
271,13,24,8,275,293,17,500,500.0
272,13,22,9,787,333,48,1431,1431.0
273,13,4,5,799,381,49,1453,1453.0
274,13,10,6,1108,535,68,2015,2015.0
275,13,2,7,215,154,14,391,391.0
276,13,16,9,703,199,43,1279,1279.0
277,13,23,4,989,148,60,1799,1799.0
278,13,9,6,966,500,59,1757,1757.0
279,13,21,5,846,494,52,1539,1539.0
280,13,6,3,417,289,26,759,759.0
281,13,20,5,1168,220,71,2124,2124.0
282,13,26,1,1013,137,62,1842,1842.0
283,13,14,9,572,282,35,1040,1040.0
284,14,27,5,310,356,19,564,564.0
285,14,1,8,644,444,40,1171,1171.0
286,14,12,1,1144,135,70,2080,2080.0
287,14,15,3,203,192,13,370,370.0
288,14,26,8,823,370,50,1497,1497.0
289,14,8,4,298,599,19,542,542.0
290,14,24,9,977,415,60,1777,1777.0
291,14,20,1,179,572,11,326,326.0
292,14,28,6,275,413,17,500,500.0
293,14,29,2,906,125,55,1648,1648.0
294,14,17,3,882,202,54,1604,1604.0
295,14,6,5,1120,334,68,2037,2037.0
296,14,16,8,739,438,45,1344,1344.0
297,14,2,1,954,204,58,1735,1735.0
298,14,22,7,632,522,39,1150,1150.0
299,14,25,5,787,366,48,1431,1431.0
300,14,9,2,513,597,32,933,933.0
301,14,10,4,680,446,42,1237,1237.0
302,14,18,2,680,270,42,1237,1237.0
303,14,19,5,1097,394,67,1995,1995.0
304,14,5,1,977,192,60,1777,1777.0
305,14,21,1,632,502,39,1150,1150.0
306,15,26,5,477,332,29,868,868.0
307,15,9,7,429,579,26,780,780.0
308,15,19,4,191,158,12,348,348.0
309,15,21,5,513,499,32,933,933.0
310,15,25,7,1108,200,68,2015,2015.0
311,15,14,1,155,426,10,282,282.0
312,15,22,4,215,597,14,391,391.0
313,15,29,9,406,413,25,739,739.0
314,15,11,4,1108,197,68,2015,2015.0
315,15,6,6,799,599,49,1453,1453.0
316,15,2,7,215,210,14,391,391.0
317,15,1,7,155,561,10,282,282.0
318,15,16,5,477,333,29,868,868.0
319,15,13,1,692,376,42,1259,1259.0
320,15,8,2,132,283,8,240,240.0
321,15,5,3,227,480,14,413,413.0
322,15,23,7,465,544,29,846,846.0
323,15,24,1,441,550,27,802,802.0
324,15,27,6,608,219,37,1106,1106.0
325,15,20,8,620,315,38,1128,1128.0
326,15,4,1,525,399,32,955,955.0
327,15,17,4,143,374,9,260,260.0
328,15,3,8,692,320,42,1259,1259.0
329,15,28,8,370,413,23,673,673.0
330,15,30,7,596,323,37,1084,1084.0
331,15,7,4,513,406,32,933,933.0
332,15,18,1,513,522,32,933,933.0
333,15,10,8,858,579,52,1560,1560.0
334,15,12,5,560,459,34,1019,1019.0
335,16,14,9,954,160,58,1735,1735.0
336,16,26,3,692,597,42,1259,1259.0
337,16,6,9,870,153,53,1582,1582.0
338,16,10,4,1180,243,72,2146,2146.0
339,16,5,1,382,215,24,695,695.0
340,16,4,5,620,262,38,1128,1128.0
341,16,3,4,751,165,46,1366,1366.0
342,16,9,4,370,505,23,673,673.0
343,16,27,7,727,601,45,1322,1322.0
344,16,28,3,477,197,29,868,868.0
345,16,30,3,1097,574,67,1995,1995.0
346,16,24,3,441,144,27,802,802.0
347,16,23,2,549,445,34,999,999.0
348,16,13,4,1120,540,68,2037,2037.0
349,16,15,6,239,233,15,435,435.0
350,16,2,8,179,463,11,326,326.0
351,16,1,8,417,551,26,759,759.0
352,16,22,7,560,267,34,1019,1019.0
353,16,8,9,632,594,39,1150,1150.0
354,16,21,8,1132,393,69,2059,2059.0
355,16,20,4,489,345,30,890,890.0
356,16,29,9,322,401,20,586,586.0
357,16,11,4,668,261,41,1215,1215.0
358,17,11,1,692,577,42,1259,1259.0
359,17,2,5,989,540,60,1799,1799.0
360,17,24,7,596,359,37,1084,1084.0
361,17,27,4,298,189,19,542,542.0
362,17,21,5,703,279,43,1279,1279.0
363,17,26,6,763,424,47,1388,1388.0
364,17,14,7,823,316,50,1497,1497.0
365,17,1,6,406,293,25,739,739.0
366,17,3,6,811,222,50,1475,1475.0
367,17,9,4,787,231,48,1431,1431.0
368,17,19,1,191,165,12,348,348.0
369,17,10,6,465,466,29,846,846.0
370,17,15,6,954,226,58,1735,1735.0
371,17,12,1,1108,472,68,2015,2015.0
372,17,28,8,775,407,47,1410,1410.0
373,17,30,3,620,368,38,1128,1128.0
374,17,16,7,811,349,50,1475,1475.0
375,17,7,8,155,270,10,282,282.0
376,17,20,5,1097,149,67,1995,1995.0
377,17,22,8,394,244,24,717,717.0
378,17,13,9,132,183,8,240,240.0
379,17,5,5,1013,429,62,1842,1842.0
380,17,4,8,358,571,22,651,651.0
381,17,25,4,155,186,10,282,282.0
382,17,18,1,143,446,9,260,260.0
383,17,6,9,143,403,9,260,260.0
384,17,23,9,906,493,55,1648,1648.0
385,18,11,4,132,474,8,240,240.0
386,18,24,1,596,561,37,1084,1084.0
387,18,3,2,227,334,14,413,413.0
388,18,20,2,763,141,47,1388,1388.0
389,18,25,7,251,418,16,457,457.0
390,18,13,5,966,297,59,1757,1757.0
391,18,4,4,179,554,11,326,326.0
392,18,23,6,1180,188,72,2146,2146.0
393,18,9,6,489,371,30,890,890.0
394,18,19,3,739,125,45,1344,1344.0
395,18,16,4,692,250,42,1259,1259.0
396,18,22,8,692,393,42,1259,1259.0
397,18,8,2,1180,292,72,2146,2146.0
398,18,28,4,191,214,12,348,348.0
399,18,5,3,1013,393,62,1842,1842.0
400,18,21,4,1013,583,62,1842,1842.0
401,18,29,3,286,266,18,520,520.0
402,18,6,2,120,132,8,219,219.0
403,18,12,6,584,362,36,1062,1062.0
404,18,2,4,858,524,52,1560,1560.0
405,18,7,2,143,604,9,260,260.0
406,19,7,8,334,294,21,608,608.0
407,19,10,9,1037,604,63,1886,1886.0
408,19,26,7,358,227,22,651,651.0
409,19,29,5,763,556,47,1388,1388.0
410,19,22,7,370,524,23,673,673.0
411,19,2,5,560,394,34,1019,1019.0
412,19,28,9,823,543,50,1497,1497.0
413,19,9,3,215,529,14,391,391.0
414,19,13,7,191,468,12,348,348.0
415,19,6,7,811,571,50,1475,1475.0
416,19,3,1,1108,189,68,2015,2015.0
417,19,18,9,632,470,39,1150,1150.0
418,19,21,3,239,276,15,435,435.0
419,19,8,5,1013,155,62,1842,1842.0
420,19,4,3,680,562,42,1237,1237.0
421,19,14,5,632,267,39,1150,1150.0
422,19,1,2,882,200,54,1604,1604.0
423,19,27,7,1037,292,63,1886,1886.0
424,19,25,3,1061,518,65,1930,1930.0
425,19,30,2,918,506,56,1670,1670.0
426,19,15,3,1037,281,63,1886,1886.0
427,19,5,5,513,605,32,933,933.0
428,19,12,9,906,178,55,1648,1648.0
429,19,11,8,763,316,47,1388,1388.0
430,19,17,5,322,484,20,586,586.0
431,19,24,6,489,143,30,890,890.0
432,19,16,4,823,160,50,1497,1497.0
433,20,11,8,584,537,36,1062,1062.0
434,20,16,6,489,606,30,890,890.0
435,20,28,4,656,410,40,1193,1193.0
436,20,10,7,882,345,54,1604,1604.0
437,20,7,7,811,526,50,1475,1475.0
438,20,18,1,1156,505,71,2102,2102.0
439,20,25,8,1013,404,62,1842,1842.0
440,20,6,1,501,282,31,911,911.0
441,20,27,8,834,496,51,1517,1517.0
442,20,30,2,906,443,55,1648,1648.0
443,20,19,3,346,368,21,630,630.0
444,20,24,3,227,507,14,413,413.0
445,20,29,9,191,310,12,348,348.0
446,20,2,3,525,462,32,955,955.0
447,20,4,5,942,432,58,1713,1713.0
448,20,14,3,918,170,56,1670,1670.0
449,20,9,8,668,512,41,1215,1215.0
450,20,1,6,1001,451,61,1820,1820.0
451,20,26,1,560,152,34,1019,1019.0
452,20,22,4,692,276,42,1259,1259.0
453,21,16,5,1025,534,63,1864,1864.0
454,21,25,6,715,167,44,1300,1300.0
455,21,5,4,406,415,25,739,739.0
456,21,24,3,763,258,47,1388,1388.0
457,21,22,5,441,446,27,802,802.0
458,21,14,8,1061,573,65,1930,1930.0
459,21,18,5,918,333,56,1670,1670.0
460,21,1,8,942,305,58,1713,1713.0
461,21,27,8,477,546,29,868,868.0
462,21,12,8,155,360,10,282,282.0
463,21,10,2,1120,293,68,2037,2037.0
464,21,28,9,870,191,53,1582,1582.0
465,21,13,8,1085,299,66,1973,1973.0
466,21,17,2,322,144,20,586,586.0
467,21,30,5,1013,232,62,1842,1842.0
468,21,3,8,954,310,58,1735,1735.0
469,21,11,1,954,306,58,1735,1735.0
470,21,8,4,191,360,12,348,348.0
471,21,7,9,334,546,21,608,608.0
472,21,2,9,930,496,57,1691,1691.0
473,22,12,7,513,227,32,933,933.0
474,22,5,4,1037,513,63,1886,1886.0
475,22,23,5,406,456,25,739,739.0
476,22,30,8,1180,232,72,2146,2146.0
477,22,1,7,263,596,16,479,479.0
478,22,26,7,882,208,54,1604,1604.0
479,22,6,5,1120,494,68,2037,2037.0
480,22,14,2,715,143,44,1300,1300.0
481,22,3,7,703,232,43,1279,1279.0
482,22,7,7,215,602,14,391,391.0
483,22,8,3,501,556,31,911,911.0
484,22,19,7,286,465,18,520,520.0
485,22,25,9,727,251,45,1322,1322.0
486,22,11,1,382,473,24,695,695.0
487,22,15,9,465,248,29,846,846.0
488,22,28,6,120,284,8,219,219.0
489,22,18,1,382,552,24,695,695.0
490,22,10,8,120,407,8,219,219.0
491,22,17,7,346,449,21,630,630.0
492,22,16,4,275,401,17,500,500.0
493,22,20,1,584,340,36,1062,1062.0
494,22,29,8,1156,294,71,2102,2102.0
495,23,2,8,143,500,9,260,260.0
496,23,15,4,1085,528,66,1973,1973.0
497,23,29,5,1156,557,71,2102,2102.0
498,23,14,5,215,367,14,391,391.0
499,23,20,7,1180,159,72,2146,2146.0
500,23,27,2,715,359,44,1300,1300.0
501,23,26,8,930,132,57,1691,1691.0
502,23,4,6,1097,563,67,1995,1995.0
503,23,5,9,572,318,35,1040,1040.0
504,23,3,2,1073,354,66,1951,1951.0
505,23,8,2,906,392,55,1648,1648.0
506,23,25,4,453,332,28,824,824.0
507,23,17,8,489,357,30,890,890.0
508,23,24,3,167,508,11,304,304.0
509,23,19,7,1037,493,63,1886,1886.0
510,23,16,3,739,279,45,1344,1344.0
511,23,13,1,489,463,30,890,890.0
512,23,9,9,441,187,27,802,802.0
513,23,21,7,215,243,14,391,391.0
514,23,12,9,775,593,47,1410,1410.0
515,23,11,8,846,446,52,1539,1539.0
516,24,8,4,167,312,11,304,304.0
517,24,5,2,692,440,42,1259,1259.0
518,24,23,9,632,202,39,1150,1150.0
519,24,9,4,263,227,16,479,479.0
520,24,22,8,930,480,57,1691,1691.0
521,24,27,8,1013,566,62,1842,1842.0
522,24,13,7,763,239,47,1388,1388.0
523,24,6,9,572,298,35,1040,1040.0
524,24,29,8,1097,317,67,1995,1995.0
525,24,30,9,1168,495,71,2124,2124.0
526,24,10,7,703,304,43,1279,1279.0
527,24,25,8,191,239,12,348,348.0
528,24,16,3,560,372,34,1019,1019.0
529,24,20,3,894,539,55,1626,1626.0
530,24,12,9,763,222,47,1388,1388.0
531,24,2,2,1061,184,65,1930,1930.0
532,24,1,7,584,390,36,1062,1062.0
533,24,19,5,537,345,33,977,977.0
534,24,14,8,322,437,20,586,586.0
535,25,12,6,608,164,37,1106,1106.0
536,25,28,4,906,470,55,1648,1648.0
537,25,23,5,417,144,26,759,759.0
538,25,5,5,1144,294,70,2080,2080.0
539,25,22,1,692,405,42,1259,1259.0
540,25,21,3,1120,448,68,2037,2037.0
541,25,10,4,346,212,21,630,630.0
542,25,1,8,191,233,12,348,348.0
543,25,14,4,811,528,50,1475,1475.0
544,25,11,4,429,233,26,780,780.0
545,25,20,1,870,220,53,1582,1582.0
546,25,30,5,715,528,44,1300,1300.0
547,25,9,6,465,234,29,846,846.0
548,25,15,5,132,413,8,240,240.0
549,25,24,1,143,461,9,260,260.0
550,25,26,9,870,260,53,1582,1582.0
551,25,29,2,1073,338,66,1951,1951.0
552,25,16,5,298,187,19,542,542.0
553,25,19,7,870,187,53,1582,1582.0
554,25,13,2,1073,255,66,1951,1951.0
555,25,3,1,537,348,33,977,977.0
556,25,8,1,977,188,60,1777,1777.0
557,25,6,8,799,189,49,1453,1453.0
558,25,17,9,882,413,54,1604,1604.0
559,25,18,9,823,448,50,1497,1497.0
560,25,4,3,751,267,46,1366,1366.0
561,26,9,3,644,597,40,1171,1171.0
562,26,27,9,286,195,18,520,520.0
563,26,17,3,167,205,11,304,304.0
564,26,22,7,811,126,50,1475,1475.0
565,26,24,8,203,311,13,370,370.0
566,26,12,3,775,288,47,1410,1410.0
567,26,8,6,1120,605,68,2037,2037.0
568,26,30,7,286,556,18,520,520.0
569,26,25,9,143,142,9,260,260.0
570,26,20,1,799,424,49,1453,1453.0
571,26,1,9,763,222,47,1388,1388.0
572,26,21,5,572,223,35,1040,1040.0
573,26,6,8,1097,248,67,1995,1995.0
574,26,29,5,191,264,12,348,348.0
575,26,3,1,513,273,32,933,933.0
576,26,23,1,703,322,43,1279,1279.0
577,26,16,9,775,596,47,1410,1410.0
578,26,14,6,286,133,18,520,520.0
579,26,11,6,1001,186,61,1820,1820.0
580,26,2,9,1037,309,63,1886,1886.0
581,26,5,7,382,459,24,695,695.0
582,26,7,3,203,154,13,370,370.0
583,26,28,2,155,350,10,282,282.0
584,26,19,7,834,563,51,1517,1517.0
585,26,18,4,1037,232,63,1886,1886.0
586,26,13,9,215,560,14,391,391.0
587,26,4,2,692,431,42,1259,1259.0
588,26,10,9,251,333,16,457,457.0
589,27,29,5,834,410,51,1517,1517.0
590,27,5,9,882,338,54,1604,1604.0
591,27,6,4,501,290,31,911,911.0
592,27,25,9,823,267,50,1497,1497.0
593,27,11,5,1168,484,71,2124,2124.0
594,27,9,5,346,334,21,630,630.0
595,27,18,6,966,393,59,1757,1757.0
596,27,20,3,334,546,21,608,608.0
597,27,30,7,1001,195,61,1820,1820.0
598,27,3,1,715,267,44,1300,1300.0
599,27,21,3,477,346,29,868,868.0
600,27,7,7,239,316,15,435,435.0
601,27,19,8,513,292,32,933,933.0
602,27,23,6,346,281,21,630,630.0
603,27,4,1,549,406,34,999,999.0
604,27,26,5,310,605,19,564,564.0
605,27,22,3,382,491,24,695,695.0
606,27,24,5,1132,295,69,2059,2059.0
607,27,13,7,453,339,28,824,824.0
608,28,6,6,167,429,11,304,304.0
609,28,21,3,358,428,22,651,651.0
610,28,17,7,608,345,37,1106,1106.0
611,28,3,8,632,590,39,1150,1150.0
612,28,18,4,1156,173,71,2102,2102.0
613,28,23,1,1085,245,66,1973,1973.0
614,28,9,6,1061,243,65,1930,1930.0
615,28,2,8,239,385,15,435,435.0
616,28,10,3,739,211,45,1344,1344.0
617,28,13,3,441,209,27,802,802.0
618,28,16,8,406,147,25,739,739.0
619,28,12,8,703,494,43,1279,1279.0
620,28,25,5,203,210,13,370,370.0
621,28,26,7,608,429,37,1106,1106.0
622,28,27,1,227,454,14,413,413.0
623,28,15,3,715,239,44,1300,1300.0
624,28,5,1,263,259,16,479,479.0
625,28,11,5,1168,273,71,2124,2124.0
626,28,30,1,191,184,12,348,348.0
627,28,7,1,560,317,34,1019,1019.0
628,28,24,6,751,297,46,1366,1366.0
629,28,29,6,751,596,46,1366,1366.0
630,28,14,4,608,227,37,1106,1106.0
631,28,22,6,286,540,18,520,520.0
632,28,1,3,179,605,11,326,326.0
633,28,20,9,382,378,24,695,695.0
634,28,8,6,656,608,40,1193,1193.0
635,29,17,3,882,136,54,1604,1604.0
636,29,12,5,382,301,24,695,695.0
637,29,10,6,298,254,19,542,542.0
638,29,20,8,1132,286,69,2059,2059.0
639,29,11,3,263,383,16,479,479.0
640,29,22,5,227,499,14,413,413.0
641,29,4,3,1001,565,61,1820,1820.0
642,29,13,9,763,583,47,1388,1388.0
643,29,28,5,358,177,22,651,651.0
644,29,30,6,1168,422,71,2124,2124.0
645,29,2,1,739,599,45,1344,1344.0
646,29,23,1,703,220,43,1279,1279.0
647,29,25,9,608,420,37,1106,1106.0
648,29,5,3,977,317,60,1777,1777.0
649,29,7,1,465,435,29,846,846.0
650,29,21,5,1156,247,71,2102,2102.0
651,29,14,8,477,164,29,868,868.0
652,29,16,9,298,169,19,542,542.0
653,29,15,8,834,471,51,1517,1517.0
654,29,19,3,191,374,12,348,348.0
655,29,9,8,799,438,49,1453,1453.0
656,29,1,8,668,288,41,1215,1215.0
657,29,24,8,239,409,15,435,435.0
658,29,18,9,846,428,52,1539,1539.0
659,29,26,7,799,197,49,1453,1453.0
660,29,6,6,334,538,21,608,608.0
661,30,18,2,966,192,59,1757,1757.0
662,30,29,4,703,590,43,1279,1279.0
663,30,13,5,1037,550,63,1886,1886.0
664,30,27,9,1025,186,63,1864,1864.0
665,30,11,8,453,329,28,824,824.0
666,30,23,2,251,226,16,457,457.0
667,30,21,5,465,326,29,846,846.0
668,30,26,8,656,153,40,1193,1193.0
669,30,20,4,1061,243,65,1930,1930.0
670,30,16,1,727,480,45,1322,1322.0
671,30,19,4,155,488,10,282,282.0
672,30,17,9,1120,141,68,2037,2037.0
673,30,10,2,358,289,22,651,651.0
674,30,14,5,989,562,60,1799,1799.0
675,30,5,5,787,160,48,1431,1431.0
676,30,12,9,692,466,42,1259,1259.0
677,30,9,9,775,248,47,1410,1410.0
678,30,6,5,1037,337,63,1886,1886.0
679,30,3,2,286,368,18,520,520.0
680,30,15,7,155,178,10,282,282.0
681,30,4,8,1156,227,71,2102,2102.0
682,30,22,2,870,145,53,1582,1582.0
COMMODITIES,400
0,26,28,24,30,48,881,1442.0
1,27,28,49,28,62,819,1867.0
2,13,22,68,30,62,892,1866.0
3,26,14,53,31,53,915,1619.0
4,26,8,41,26,53,755,1599.0
5,14,1,50,26,55,773,1671.0
6,9,22,20,25,56,749,1709.0
7,21,29,23,20,48,571,1443.0
8,16,12,61,30,78,882,2340.0
9,1,13,54,29,54,865,1639.0
10,9,19,46,21,53,624,1596.0
11,9,14,22,20,47,582,1415.0
12,15,25,38,26,51,763,1531.0
13,2,28,43,24,49,706,1472.0
14,20,3,50,27,75,795,2276.0
15,23,24,53,22,38,646,1155.0
16,24,21,29,31,54,903,1646.0
17,11,25,52,35,62,1028,1873.0
18,29,2,33,30,65,881,1971.0
19,1,14,26,22,59,636,1783.0
20,1,7,30,27,44,808,1323.0
21,29,21,49,30,61,890,1847.0
22,28,20,36,18,46,521,1393.0
23,26,11,72,30,61,881,1836.0
24,12,22,30,34,76,1017,2303.0
25,12,27,43,31,53,930,1615.0
26,15,26,43,29,65,866,1957.0
27,29,23,35,30,71,890,2144.0
28,20,11,64,31,64,921,1936.0
29,14,15,43,21,38,619,1168.0
30,15,2,17,25,46,733,1405.0
31,10,11,44,24,55,706,1666.0
32,4,7,73,25,41,743,1256.0
33,15,8,54,17,33,507,990.0
34,14,27,72,24,48,692,1448.0
35,30,26,58,25,63,736,1893.0
36,3,21,46,27,59,797,1794.0
37,20,17,38,22,69,649,2080.0
38,24,28,29,25,59,741,1777.0
39,5,13,50,26,53,757,1597.0
40,5,8,65,25,57,743,1718.0
41,14,12,52,29,71,863,2155.0
42,17,5,61,27,63,797,1910.0
43,25,24,32,28,41,834,1238.0
44,1,5,17,21,64,612,1943.0
45,15,6,27,30,52,879,1585.0
46,5,3,17,39,56,1168,1690.0
47,3,23,67,35,66,1032,2007.0
48,1,2,49,37,53,1093,1606.0
49,12,26,66,19,59,547,1793.0
50,13,16,22,24,66,706,2001.0
51,20,30,40,29,77,856,2330.0
52,25,30,26,24,60,694,1812.0
53,3,5,38,27,57,807,1736.0
54,25,14,25,28,52,825,1582.0
55,20,15,72,19,56,550,1702.0
56,8,29,22,25,43,722,1313.0
57,2,23,54,32,57,931,1716.0
58,16,30,73,27,73,784,2191.0
59,27,8,52,20,63,574,1913.0
60,18,26,52,22,61,632,1849.0
61,26,17,64,28,44,829,1320.0
62,18,2,15,25,52,726,1579.0
63,24,13,49,29,70,860,2128.0
64,30,7,61,31,65,930,1960.0
65,29,11,40,23,43,671,1309.0
66,28,5,31,37,57,1088,1720.0
67,6,11,27,28,68,829,2068.0
68,16,15,19,27,49,786,1477.0
69,13,21,38,20,62,596,1870.0
70,21,20,60,26,63,780,1907.0
71,23,15,34,26,58,754,1759.0
72,3,26,42,24,69,695,2080.0
73,29,30,31,17,54,504,1648.0
74,24,7,32,34,72,1009,2162.0
75,25,10,63,30,54,876,1646.0
76,19,21,44,24,44,711,1325.0
77,20,8,74,29,61,849,1834.0
78,19,15,58,21,53,617,1607.0
79,12,28,67,33,61,966,1831.0
80,9,12,18,28,68,840,2054.0
81,4,30,17,31,73,915,2195.0
82,10,17,62,23,51,666,1533.0
83,26,13,74,32,49,943,1489.0
84,27,19,74,29,67,864,2013.0
85,10,25,28,17,42,487,1276.0
86,5,20,55,27,40,796,1208.0
87,3,14,33,25,50,726,1518.0
88,27,25,36,24,57,719,1719.0
89,7,11,57,29,80,851,2420.0
90,16,7,38,27,66,784,1992.0
91,8,28,63,26,51,777,1538.0
92,1,9,56,30,56,885,1686.0
93,5,23,58,26,60,768,1822.0
94,12,6,64,19,58,558,1758.0
95,24,27,51,25,69,725,2088.0
96,17,30,29,29,66,851,2004.0
97,9,21,19,23,54,666,1637.0
98,16,28,18,21,53,618,1619.0
99,5,28,64,32,53,951,1606.0
100,26,6,41,22,45,633,1367.0
101,11,28,15,24,49,703,1484.0
102,10,12,61,31,62,920,1889.0
103,19,25,70,27,63,808,1896.0
104,22,24,51,22,56,645,1704.0
105,10,24,44,24,53,712,1611.0
106,18,7,64,21,37,619,1111.0
107,23,30,23,23,70,688,2112.0
108,24,11,56,25,65,724,1955.0
109,16,13,47,28,64,821,1937.0
110,6,22,50,29,55,847,1667.0
111,29,13,28,29,56,843,1709.0
112,27,7,46,24,44,700,1341.0
113,8,5,19,27,65,795,1967.0
114,18,5,49,27,59,789,1780.0
115,26,22,67,30,58,872,1757.0
116,30,24,40,28,59,820,1784.0
117,17,6,29,28,42,821,1278.0
118,14,19,42,25,55,732,1656.0
119,17,7,38,27,42,793,1284.0
120,28,10,62,26,56,756,1705.0
121,6,10,23,23,43,682,1306.0
122,15,10,57,21,46,624,1397.0
123,15,22,51,21,38,608,1158.0
124,16,25,18,34,72,1013,2173.0
125,19,2,31,25,57,729,1737.0
126,13,25,49,27,59,793,1787.0
127,29,10,27,21,43,602,1311.0
128,13,15,57,35,74,1038,2227.0
129,11,6,26,30,68,889,2046.0
130,6,30,64,21,52,629,1571.0
131,8,22,27,23,52,688,1586.0
132,11,3,40,31,80,905,2407.0
133,1,28,55,37,66,1096,1981.0
134,18,1,17,31,59,921,1795.0
135,1,3,28,21,53,613,1612.0
136,25,18,33,23,51,673,1556.0
137,19,5,57,31,68,903,2049.0
138,3,27,15,22,51,660,1548.0
139,30,6,43,25,56,727,1689.0
140,14,4,32,25,72,750,2177.0
141,1,22,15,38,68,1135,2063.0
142,16,18,32,37,76,1093,2299.0
143,23,26,67,23,57,661,1728.0
144,30,12,47,23,62,673,1884.0
145,12,21,41,22,39,631,1197.0
146,15,24,73,32,63,942,1906.0
147,15,29,63,27,51,797,1535.0
148,23,11,16,23,59,684,1790.0
149,6,20,40,24,66,704,1998.0
150,24,14,53,28,51,835,1546.0
151,20,22,56,25,57,723,1710.0
152,25,6,74,29,61,858,1833.0
153,9,5,56,29,61,852,1835.0
154,10,28,60,22,48,654,1441.0
155,15,11,36,27,59,810,1786.0
156,5,6,31,19,50,542,1519.0
157,21,13,39,33,66,975,1989.0
158,28,4,38,27,66,801,2006.0
159,1,27,70,28,65,812,1964.0
160,11,26,61,31,75,930,2255.0
161,18,16,47,25,54,750,1640.0
162,13,27,35,21,40,623,1209.0
163,30,8,41,25,48,742,1462.0
164,25,20,25,25,60,748,1811.0
165,26,19,38,29,56,855,1702.0
166,26,10,19,30,51,899,1559.0
167,19,26,54,27,53,791,1615.0
168,26,30,15,27,48,792,1451.0
169,9,16,34,31,71,901,2153.0
170,15,9,73,27,51,787,1548.0
171,14,21,70,23,56,676,1701.0
172,16,1,36,25,54,743,1630.0
173,9,25,44,30,56,881,1685.0
174,15,27,49,31,65,927,1962.0
175,19,14,20,19,59,545,1778.0
176,6,1,54,24,54,700,1644.0
177,3,18,55,35,69,1025,2071.0
178,4,15,21,22,48,651,1447.0
179,25,13,51,27,57,799,1729.0
180,16,19,28,32,63,940,1908.0
181,16,24,56,22,55,658,1665.0
182,12,30,72,26,55,757,1656.0
183,20,28,66,31,69,928,2093.0
184,3,2,59,25,55,749,1664.0
185,30,17,72,21,44,602,1321.0
186,14,18,48,31,67,908,2010.0
187,25,21,30,24,55,713,1658.0
188,24,1,39,26,54,752,1638.0
189,25,26,67,16,54,472,1646.0
190,18,28,15,29,46,842,1380.0
191,20,6,20,23,60,679,1816.0
192,19,18,43,29,62,851,1881.0
193,25,2,31,28,53,813,1605.0
194,21,14,72,24,54,705,1634.0
195,3,24,71,18,52,521,1581.0
196,10,4,40,26,58,766,1750.0
197,30,23,43,33,54,977,1640.0
198,13,23,52,26,65,767,1962.0
199,11,20,41,27,77,791,2324.0
200,24,3,57,24,73,718,2192.0
201,28,27,23,28,48,816,1460.0
202,24,8,28,27,42,786,1279.0
203,15,18,64,27,50,791,1515.0
204,6,29,57,29,70,865,2118.0
205,26,12,43,30,68,873,2058.0
206,26,5,39,29,59,866,1796.0
207,27,24,70,24,61,710,1854.0
208,12,4,45,25,68,729,2043.0
209,16,3,72,21,57,611,1733.0
210,13,18,39,25,54,738,1639.0
211,10,14,52,29,59,861,1791.0
212,15,4,68,33,67,969,2018.0
213,25,9,52,26,58,754,1768.0
214,26,3,37,22,52,652,1571.0
215,4,25,39,27,68,809,2062.0
216,4,22,15,36,76,1059,2281.0
217,2,18,44,31,64,905,1920.0
218,17,2,49,21,47,616,1430.0
219,2,26,56,25,49,727,1498.0
220,21,16,35,31,71,908,2139.0
221,13,26,31,28,64,830,1934.0
222,8,12,21,18,42,515,1276.0
223,15,3,37,28,57,822,1724.0
224,30,25,50,25,58,733,1748.0
225,22,3,36,31,53,909,1603.0
226,17,4,65,29,54,859,1642.0
227,29,15,60,23,61,665,1832.0
228,24,16,59,28,62,831,1867.0
229,10,1,53,24,52,704,1564.0
230,19,9,71,29,47,858,1433.0
231,6,17,44,27,62,789,1874.0
232,3,29,33,34,58,997,1747.0
233,24,17,17,25,60,729,1815.0
234,23,2,35,32,46,939,1382.0
235,24,30,36,31,65,911,1965.0
236,23,28,74,29,62,868,1868.0
237,3,8,68,29,53,848,1598.0
238,21,12,45,22,38,635,1159.0
239,5,22,62,32,56,931,1701.0
240,14,28,38,24,46,713,1398.0
241,9,26,47,28,43,815,1299.0
242,24,4,71,32,85,931,2550.0
243,25,5,56,24,53,709,1619.0
244,18,8,49,27,63,784,1916.0
245,4,18,31,22,67,648,2028.0
246,21,6,69,27,59,782,1789.0
247,30,11,53,27,62,809,1861.0
248,19,22,39,30,59,882,1782.0
249,10,29,40,27,52,805,1585.0
250,2,11,64,27,55,802,1651.0
251,23,10,54,24,56,691,1688.0
252,22,7,31,23,40,669,1208.0
253,20,14,57,26,65,752,1959.0
254,7,21,47,27,76,799,2291.0
255,7,30,49,28,77,815,2330.0
256,30,29,19,30,64,886,1936.0
257,14,10,57,24,62,713,1885.0
258,3,17,45,26,50,761,1515.0
259,10,26,28,29,45,870,1379.0
260,2,17,23,26,54,772,1620.0
261,23,29,71,29,67,847,2014.0
262,29,17,58,20,58,581,1768.0
263,10,15,52,22,41,650,1243.0
264,10,22,44,28,55,815,1651.0
265,9,6,38,29,56,849,1699.0
266,11,24,61,27,63,787,1898.0
267,14,8,27,29,54,869,1624.0
268,24,10,57,25,63,745,1910.0
269,6,2,21,29,48,847,1448.0
270,4,14,17,29,45,856,1350.0
271,1,20,71,27,67,795,2026.0
272,7,22,70,26,71,758,2154.0
273,27,22,15,24,52,717,1583.0
274,25,29,73,32,66,958,1984.0
275,16,2,45,25,43,748,1298.0
276,5,24,17,35,64,1047,1927.0
277,9,27,68,35,66,1038,1991.0
278,3,15,64,31,44,925,1338.0
279,14,20,17,28,44,812,1326.0
280,24,12,54,27,62,808,1861.0
281,5,2,45,30,56,899,1692.0
282,6,23,38,30,69,883,2087.0
283,8,20,71,28,76,811,2287.0
284,24,22,38,22,60,646,1818.0
285,28,3,21,29,59,848,1783.0
286,10,23,53,28,61,822,1848.0
287,17,1,69,19,46,549,1397.0
288,16,21,33,24,60,717,1826.0
289,3,12,22,26,68,771,2051.0
290,13,29,16,36,75,1068,2261.0
291,25,3,27,29,66,849,1987.0
292,3,9,72,32,67,943,2021.0
293,12,5,73,23,69,665,2082.0
294,17,14,38,28,61,824,1844.0
295,28,11,22,23,60,690,1806.0
296,22,10,44,21,34,626,1040.0
297,17,24,30,33,57,989,1733.0
298,12,19,27,31,70,917,2101.0
299,12,13,41,31,78,916,2366.0
300,18,9,61,25,59,750,1796.0
301,7,10,21,29,78,862,2356.0
302,30,28,21,24,56,720,1688.0
303,19,1,39,23,64,674,1947.0
304,14,22,37,24,56,708,1685.0
305,15,1,23,30,47,889,1430.0
306,20,24,58,29,48,870,1446.0
307,6,8,67,28,56,840,1706.0
308,7,27,64,28,82,820,2487.0
309,7,3,68,29,87,847,2627.0
310,7,5,18,31,84,902,2546.0
311,12,11,63,25,79,721,2374.0
312,13,19,30,24,55,705,1650.0
313,22,6,53,27,51,803,1540.0
314,9,29,48,30,59,880,1789.0
315,1,19,20,19,53,563,1606.0
316,27,10,40,29,65,853,1969.0
317,22,27,37,31,58,906,1769.0
318,1,24,59,23,62,679,1870.0
319,20,27,47,27,77,789,2331.0
320,22,12,68,22,58,632,1754.0
321,19,7,42,31,56,914,1706.0
322,11,13,63,21,56,601,1697.0
323,11,23,55,16,68,474,2061.0
324,7,26,71,28,86,813,2588.0
325,27,20,40,17,45,506,1360.0
326,23,6,71,24,65,693,1979.0
327,16,29,26,32,58,938,1754.0
328,5,4,59,28,63,815,1897.0
329,13,4,15,21,60,617,1801.0
330,30,9,69,25,53,749,1599.0
331,20,26,20,26,63,755,1905.0
332,6,5,49,18,54,514,1628.0
333,3,28,15,29,43,850,1314.0
334,23,9,15,32,54,931,1620.0
335,19,17,17,32,56,942,1688.0
336,2,1,42,26,59,766,1774.0
337,8,10,20,27,59,782,1798.0
338,29,16,55,30,53,898,1618.0
339,28,12,55,30,66,895,2000.0
340,17,13,53,19,30,561,911.0
341,28,22,71,24,48,713,1443.0
342,21,3,31,34,61,1001,1855.0
343,4,24,19,24,66,703,2005.0
344,10,21,69,33,53,975,1594.0
345,7,20,50,26,71,752,2131.0
346,21,9,58,33,59,964,1799.0
347,13,17,15,26,64,758,1940.0
348,2,29,65,28,63,818,1913.0
349,19,16,18,15,59,448,1792.0
350,20,10,69,29,64,843,1920.0
351,29,20,61,28,74,830,2236.0
352,18,22,73,32,68,955,2057.0
353,21,15,37,37,76,1106,2284.0
354,13,11,38,34,58,1015,1757.0
355,16,10,62,29,65,845,1957.0
356,22,23,22,22,54,638,1625.0
357,18,6,36,24,36,718,1101.0
358,17,12,35,20,63,595,1892.0
359,30,19,46,23,35,678,1074.0
360,12,24,43,19,64,566,1924.0
361,27,23,45,28,55,813,1674.0
362,28,15,72,31,55,902,1664.0
363,27,1,26,34,80,993,2408.0
364,13,9,43,22,50,647,1516.0
365,8,3,44,26,65,773,1952.0
366,10,18,65,23,46,688,1408.0
367,27,6,31,21,57,620,1729.0
368,11,8,23,25,66,726,2005.0
369,4,5,22,24,66,704,1994.0
370,26,2,61,29,59,849,1772.0
371,18,29,17,23,47,685,1425.0
372,7,14,22,24,74,718,2247.0
373,4,6,46,27,67,800,2010.0
374,28,7,44,18,42,523,1271.0
375,23,1,58,25,64,724,1926.0
376,19,24,38,30,63,879,1908.0
377,22,26,46,22,45,658,1371.0
378,14,29,51,24,51,719,1535.0
379,6,14,28,27,66,782,2006.0
380,25,23,70,21,51,627,1550.0
381,21,30,32,33,70,987,2115.0
382,8,1,31,27,64,809,1937.0
383,13,12,34,18,69,538,2083.0
384,4,11,72,21,55,601,1658.0
385,14,2,58,32,64,957,1927.0
386,5,30,57,36,60,1068,1821.0
387,6,27,52,28,60,836,1824.0
388,5,7,26,27,62,800,1879.0
389,27,29,71,24,58,712,1763.0
390,27,14,45,30,69,888,2084.0
391,22,25,26,30,56,894,1689.0
392,19,4,32,26,70,765,2124.0
393,26,7,49,27,45,790,1360.0
394,2,30,62,20,57,572,1729.0
395,21,17,32,26,51,770,1547.0
396,26,1,61,21,47,608,1426.0
397,30,3,71,27,49,786,1499.0
398,2,16,62,19,55,562,1669.0
399,16,8,68,29,57,849,1731.0
horizon=87
